    0.0000E+00  0.00000E+00  0.00000E+00  0.00000E+00  0.00000E+00  0.00000E+00  0.00000E+00
    1.6187E-01  0.00000E+00  0.00000E+00  0.00000E+00  0.00000E+00  0.00000E+00  0.00000E+00
    3.2373E-01  0.00000E+00  0.00000E+00  0.00000E+00  0.00000E+00  0.00000E+00  0.00000E+00
    4.8560E-01  0.00000E+00  0.00000E+00  0.00000E+00  0.00000E+00  0.00000E+00  0.00000E+00
    6.4746E-01  0.00000E+00  0.00000E+00  0.00000E+00  0.00000E+00  0.00000E+00  0.00000E+00
    8.0933E-01  0.00000E+00  0.00000E+00  0.00000E+00  0.00000E+00  0.00000E+00  0.00000E+00
    9.7120E-01  0.00000E+00  0.00000E+00  0.00000E+00  0.00000E+00  0.00000E+00  0.00000E+00
    1.1331E+00  0.00000E+00  0.00000E+00  0.00000E+00  0.00000E+00  0.00000E+00  0.00000E+00
    1.2949E+00  0.00000E+00  0.00000E+00  0.00000E+00  0.00000E+00  0.00000E+00  0.00000E+00
    1.4568E+00  0.00000E+00  0.00000E+00  0.00000E+00  0.00000E+00  0.00000E+00  0.00000E+00
    1.6187E+00  0.00000E+00  0.00000E+00  0.00000E+00  0.00000E+00  0.00000E+00  0.00000E+00
    1.7805E+00  0.00000E+00  0.00000E+00  0.00000E+00  0.00000E+00  0.00000E+00  0.00000E+00
    1.9424E+00  0.00000E+00  0.00000E+00  0.00000E+00  0.00000E+00  0.00000E+00  0.00000E+00
    2.1043E+00  0.00000E+00  0.00000E+00  0.00000E+00  0.00000E+00  0.00000E+00  0.00000E+00
    2.2661E+00  0.00000E+00  0.00000E+00  0.00000E+00  0.00000E+00  0.00000E+00  0.00000E+00
    2.4280E+00  0.00000E+00  0.00000E+00  0.00000E+00  0.00000E+00  0.00000E+00  0.00000E+00
    2.5899E+00  0.00000E+00  0.00000E+00  0.00000E+00  0.00000E+00  0.00000E+00  0.00000E+00
    2.7517E+00  0.00000E+00  0.00000E+00  0.00000E+00  0.00000E+00  0.00000E+00  0.00000E+00
    2.9136E+00  0.00000E+00  0.00000E+00  0.00000E+00  0.00000E+00  0.00000E+00  0.00000E+00
    3.0755E+00  0.00000E+00  0.00000E+00  0.00000E+00  0.00000E+00  0.00000E+00  0.00000E+00
    3.2373E+00  0.00000E+00  0.00000E+00  0.00000E+00  0.00000E+00  0.00000E+00  0.00000E+00
    3.3992E+00  4.30034E+01 -1.27655E-02  4.30034E+01 -1.27655E-02  4.30034E+01 -1.27655E-02
    3.5611E+00  4.30034E+01 -1.27655E-02  4.30034E+01 -1.27655E-02  4.30034E+01 -1.27655E-02
    3.7229E+00  4.30034E+01 -1.27655E-02  4.30034E+01 -1.27655E-02  4.30034E+01 -1.27655E-02
    3.8848E+00  4.30034E+01 -1.27655E-02  4.30034E+01 -1.27655E-02  4.30034E+01 -1.27655E-02
    4.0467E+00  4.30034E+01 -1.27655E-02  4.30034E+01 -1.27655E-02  4.30034E+01 -1.27655E-02
    4.2085E+00  4.30034E+01 -1.27655E-02  4.30034E+01 -1.27655E-02  4.30034E+01 -1.27655E-02
    4.3704E+00  4.30034E+01 -1.27655E-02  4.30034E+01 -1.27655E-02  4.30034E+01 -1.27655E-02
    4.5323E+00  4.30034E+01 -1.27655E-02  4.30034E+01 -1.27655E-02  4.30034E+01 -1.27655E-02
    4.6941E+00  4.30034E+01 -1.27655E-02  4.30034E+01 -1.27655E-02  4.30034E+01 -1.27655E-02
    4.8560E+00  4.30034E+01 -1.27655E-02  4.30034E+01 -1.27655E-02  4.30034E+01 -1.27655E-02
    5.0179E+00  4.30034E+01 -1.27655E-02  4.30034E+01 -1.27655E-02  4.30034E+01 -1.27655E-02
    5.1797E+00  4.30034E+01 -1.27655E-02  4.30034E+01 -1.27655E-02  4.30034E+01 -1.27655E-02
    5.3416E+00  9.19173E+01 -3.26665E-02  9.19173E+01 -3.26665E-02  9.19173E+01 -3.26665E-02
    5.5035E+00  2.57591E+02 -8.87606E-02  2.57591E+02 -8.87606E-02  2.57591E+02 -8.87606E-02
    5.6653E+00  2.57591E+02 -8.87606E-02  2.57591E+02 -8.87606E-02  2.57591E+02 -8.87606E-02
    5.8272E+00  2.57591E+02 -8.87606E-02  2.57591E+02 -8.87606E-02  2.57591E+02 -8.87606E-02
    5.9890E+00  3.21750E+02 -1.19992E-01  3.21750E+02 -1.19992E-01  3.21750E+02 -1.19992E-01
    6.1509E+00  4.81205E+02 -1.91615E-01  4.81205E+02 -1.91615E-01  4.81205E+02 -1.91615E-01
    6.3128E+00  5.14264E+02 -2.12324E-01  5.14264E+02 -2.12324E-01  5.14264E+02 -2.12324E-01
    6.4746E+00  5.23384E+02 -2.18938E-01  5.23384E+02 -2.18938E-01  5.23384E+02 -2.18938E-01
    6.6365E+00  6.13324E+02 -2.68409E-01  6.13324E+02 -2.68409E-01  6.13324E+02 -2.68409E-01
    6.7984E+00  6.18414E+02 -2.72473E-01  6.18414E+02 -2.72473E-01  6.18414E+02 -2.72473E-01
    6.9602E+00  6.18414E+02 -2.72473E-01  6.18414E+02 -2.72473E-01  6.18414E+02 -2.72473E-01
    7.1221E+00  6.33772E+02 -2.84111E-01  6.33772E+02 -2.84111E-01  6.33772E+02 -2.84111E-01
    7.2840E+00  6.33960E+02 -2.84327E-01  6.33960E+02 -2.84327E-01  6.33960E+02 -2.84327E-01
    7.4458E+00  6.34334E+02 -2.84731E-01  6.34334E+02 -2.84731E-01  6.34334E+02 -2.84731E-01
    7.6077E+00  6.94749E+02 -3.17720E-01  6.94749E+02 -3.17720E-01  6.94749E+02 -3.17720E-01
    7.7696E+00  7.00103E+02 -3.22121E-01  7.00103E+02 -3.22121E-01  7.00103E+02 -3.22121E-01
    7.9314E+00  7.00103E+02 -3.22121E-01  7.00103E+02 -3.22121E-01  7.00103E+02 -3.22121E-01
    8.0933E+00  7.00777E+02 -3.22855E-01  7.00777E+02 -3.22855E-01  7.00777E+02 -3.22855E-01
    8.2552E+00  7.01036E+02 -3.23149E-01  7.01036E+02 -3.23149E-01  7.01036E+02 -3.23149E-01
    8.4170E+00  9.30169E+02 -4.16821E-01  9.30169E+02 -4.16821E-01  9.30169E+02 -4.16821E-01
    8.5789E+00  9.76085E+02 -4.44776E-01  9.76085E+02 -4.44776E-01  9.76085E+02 -4.44776E-01
    8.7408E+00  1.00100E+03 -4.62107E-01  1.00100E+03 -4.62107E-01  1.00100E+03 -4.62107E-01
    8.9026E+00  1.00284E+03 -4.63862E-01  1.00284E+03 -4.63862E-01  1.00284E+03 -4.63862E-01
    9.0645E+00  1.00284E+03 -4.63862E-01  1.00284E+03 -4.63862E-01  1.00284E+03 -4.63862E-01
    9.2264E+00  1.00284E+03 -4.63862E-01  1.00284E+03 -4.63862E-01  1.00284E+03 -4.63862E-01
    9.3882E+00  1.00284E+03 -4.63862E-01  1.00284E+03 -4.63862E-01  1.00284E+03 -4.63862E-01
    9.5501E+00  1.00371E+03 -4.64653E-01  1.00371E+03 -4.64653E-01  1.00371E+03 -4.64653E-01
    9.7120E+00  1.00371E+03 -4.64653E-01  1.00371E+03 -4.64653E-01  1.00371E+03 -4.64653E-01
    9.8738E+00  1.00371E+03 -4.64653E-01  1.00371E+03 -4.64653E-01  1.00371E+03 -4.64653E-01
    1.0036E+01  1.00371E+03 -4.64653E-01  1.00371E+03 -4.64653E-01  1.00371E+03 -4.64653E-01
    1.0198E+01  1.34709E+03 -6.15947E-01  1.34709E+03 -6.15947E-01  1.34709E+03 -6.15947E-01
    1.0359E+01  1.36281E+03 -6.26171E-01  1.36281E+03 -6.26171E-01  1.36281E+03 -6.26171E-01
    1.0521E+01  2.19213E+03 -9.12758E-01  2.19213E+03 -9.12758E-01  2.19213E+03 -9.12758E-01
    1.0683E+01  2.19226E+03 -9.12915E-01  2.19226E+03 -9.12915E-01  2.19226E+03 -9.12915E-01
    1.0845E+01  2.23784E+03 -9.49784E-01  2.23784E+03 -9.49784E-01  2.23784E+03 -9.49784E-01
    1.1007E+01  2.29985E+03 -9.95328E-01  2.29985E+03 -9.95328E-01  2.29985E+03 -9.95328E-01
    1.1169E+01  2.38592E+03 -1.05709E+00  2.38592E+03 -1.05709E+00  2.38592E+03 -1.05709E+00
    1.1331E+01  2.42108E+03 -1.08634E+00  2.42108E+03 -1.08634E+00  2.42108E+03 -1.08634E+00
    1.1492E+01  2.81078E+03 -1.27067E+00  2.81078E+03 -1.27067E+00  2.81078E+03 -1.27067E+00
    1.1654E+01  2.81078E+03 -1.27067E+00  2.81078E+03 -1.27067E+00  2.81078E+03 -1.27067E+00
    1.1816E+01  2.85925E+03 -1.30394E+00  2.85925E+03 -1.30394E+00  2.85925E+03 -1.30394E+00
    1.1978E+01  4.01685E+03 -1.88097E+00  4.01685E+03 -1.88097E+00  4.01685E+03 -1.88097E+00
    1.2140E+01  4.06750E+03 -1.91933E+00  4.06750E+03 -1.91933E+00  4.06750E+03 -1.91933E+00
    1.2302E+01  4.06981E+03 -1.92164E+00  4.06981E+03 -1.92164E+00  4.06981E+03 -1.92164E+00
    1.2464E+01  4.38553E+03 -2.07831E+00  4.38553E+03 -2.07831E+00  4.38553E+03 -2.07831E+00
    1.2626E+01  4.38591E+03 -2.07878E+00  4.38591E+03 -2.07878E+00  4.38591E+03 -2.07878E+00
    1.2787E+01  4.72318E+03 -2.24306E+00  4.72318E+03 -2.24306E+00  4.72318E+03 -2.24306E+00
    1.2949E+01  4.72348E+03 -2.24343E+00  4.72348E+03 -2.24343E+00  4.72348E+03 -2.24343E+00
    1.3111E+01  5.21019E+03 -2.49683E+00  5.21019E+03 -2.49683E+00  5.21019E+03 -2.49683E+00
    1.3273E+01  5.22459E+03 -2.50786E+00  5.22459E+03 -2.50786E+00  5.22459E+03 -2.50786E+00
    1.3435E+01  5.44075E+03 -2.63197E+00  5.44075E+03 -2.63197E+00  5.44075E+03 -2.63197E+00
    1.3597E+01  6.01313E+03 -2.93780E+00  6.01313E+03 -2.93780E+00  6.01313E+03 -2.93780E+00
    1.3759E+01  6.50615E+03 -3.20245E+00  6.50615E+03 -3.20245E+00  6.50615E+03 -3.20245E+00
    1.3920E+01  7.15766E+03 -3.57338E+00  7.15766E+03 -3.57338E+00  7.15766E+03 -3.57338E+00
    1.4082E+01  7.64325E+03 -3.80411E+00  7.64325E+03 -3.80411E+00  7.64325E+03 -3.80411E+00
    1.4244E+01  9.88597E+03 -4.33039E+00  9.88597E+03 -4.33039E+00  9.88597E+03 -4.33039E+00
    1.4406E+01  2.36706E+04 -4.96638E+00  2.36706E+04 -4.96638E+00  2.36706E+04 -4.96638E+00
    1.4568E+01  2.39780E+04 -5.15442E+00  2.39780E+04 -5.15442E+00  2.39780E+04 -5.15442E+00
    1.4730E+01  2.39780E+04 -5.15442E+00  2.39780E+04 -5.15442E+00  2.39780E+04 -5.15442E+00
    1.4892E+01  2.46198E+04 -5.44826E+00  2.46198E+04 -5.44826E+00  2.46198E+04 -5.44826E+00
    1.5054E+01  2.46198E+04 -5.44826E+00  2.46198E+04 -5.44826E+00  2.46198E+04 -5.44826E+00
    1.5215E+01  2.59406E+04 -6.02753E+00  2.59406E+04 -6.02753E+00  2.59406E+04 -6.02753E+00
    1.5377E+01  2.59617E+04 -6.04503E+00  2.59617E+04 -6.04503E+00  2.59617E+04 -6.04503E+00
    1.5539E+01  2.59646E+04 -6.04806E+00  2.59646E+04 -6.04806E+00  2.59646E+04 -6.04806E+00
    1.5701E+01  2.61641E+04 -6.18235E+00  2.61641E+04 -6.18235E+00  2.61641E+04 -6.18235E+00
    1.5863E+01  2.61641E+04 -6.18235E+00  2.61641E+04 -6.18235E+00  2.61641E+04 -6.18235E+00
    1.6025E+01  2.69877E+04 -6.34297E+00  2.69877E+04 -6.34297E+00  2.69877E+04 -6.34297E+00
    1.6187E+01  2.70304E+04 -6.38345E+00  2.70304E+04 -6.38345E+00  2.70304E+04 -6.38345E+00
    1.6348E+01  3.45433E+04 -8.36861E+00  3.45433E+04 -8.36861E+00  3.45433E+04 -8.36861E+00
    1.6510E+01  4.19798E+04 -1.04262E+01  4.19798E+04 -1.04262E+01  4.19798E+04 -1.04262E+01
    1.6672E+01  4.20191E+04 -1.04597E+01  4.20191E+04 -1.04597E+01  4.20191E+04 -1.04597E+01
    1.6834E+01  4.21171E+04 -1.05446E+01  4.21171E+04 -1.05446E+01  4.21171E+04 -1.05446E+01
    1.6996E+01  4.22933E+04 -1.06770E+01  4.22933E+04 -1.06770E+01  4.22933E+04 -1.06770E+01
    1.7158E+01  4.59283E+04 -1.18192E+01  4.59283E+04 -1.18192E+01  4.59283E+04 -1.18192E+01
    1.7320E+01  4.59302E+04 -1.18214E+01  4.59302E+04 -1.18214E+01  4.59302E+04 -1.18214E+01
    1.7482E+01  4.73672E+04 -1.19276E+01  4.73672E+04 -1.19276E+01  4.73672E+04 -1.19276E+01
    1.7643E+01  4.81332E+04 -1.23285E+01  4.81332E+04 -1.23285E+01  4.81332E+04 -1.23285E+01
    1.7805E+01  4.81332E+04 -1.23285E+01  4.81332E+04 -1.23285E+01  4.81332E+04 -1.23285E+01
    1.7967E+01  5.26265E+04 -1.33718E+01  5.26265E+04 -1.33718E+01  5.26265E+04 -1.33718E+01
    1.8129E+01  5.26265E+04 -1.33718E+01  5.26265E+04 -1.33718E+01  5.26265E+04 -1.33718E+01
    1.8291E+01  5.32168E+04 -1.37107E+01  5.32168E+04 -1.37107E+01  5.32168E+04 -1.37107E+01
    1.8453E+01  8.27386E+04 -1.72590E+01  8.27386E+04 -1.72590E+01  8.27386E+04 -1.72590E+01
    1.8615E+01  8.55267E+04 -1.83348E+01  8.55267E+04 -1.83348E+01  8.55267E+04 -1.83348E+01
    1.8776E+01  8.74772E+04 -1.89869E+01  8.74772E+04 -1.89869E+01  8.74772E+04 -1.89869E+01
    1.8938E+01  8.76964E+04 -1.91350E+01  8.76964E+04 -1.91350E+01  8.76964E+04 -1.91350E+01
    1.9100E+01  9.85940E+04 -2.24010E+01  9.85940E+04 -2.24010E+01  9.85940E+04 -2.24010E+01
    1.9262E+01  1.09165E+05 -2.60652E+01  1.09165E+05 -2.60652E+01  1.09165E+05 -2.60652E+01
    1.9424E+01  1.09283E+05 -2.61565E+01  1.09283E+05 -2.61565E+01  1.09283E+05 -2.61565E+01
    1.9586E+01  1.46455E+05 -2.89085E+01  1.46455E+05 -2.89085E+01  1.46455E+05 -2.89085E+01
    1.9748E+01  1.47531E+05 -2.95150E+01  1.47531E+05 -2.95150E+01  1.47531E+05 -2.95150E+01
    1.9910E+01  1.48470E+05 -3.00644E+01  1.48470E+05 -3.00644E+01  1.48470E+05 -3.00644E+01
    2.0071E+01  1.49436E+05 -3.06076E+01  1.49436E+05 -3.06076E+01  1.49436E+05 -3.06076E+01
    2.0233E+01  1.49456E+05 -3.06256E+01  1.49456E+05 -3.06256E+01  1.49456E+05 -3.06256E+01
    2.0395E+01  1.49456E+05 -3.06256E+01  1.49456E+05 -3.06256E+01  1.49456E+05 -3.06256E+01
    2.0557E+01  1.49456E+05 -3.06256E+01  1.49456E+05 -3.06256E+01  1.49456E+05 -3.06256E+01
    2.0719E+01  1.49461E+05 -3.06305E+01  1.49461E+05 -3.06305E+01  1.49461E+05 -3.06305E+01
    2.0881E+01  1.49512E+05 -3.06777E+01  1.49512E+05 -3.06777E+01  1.49512E+05 -3.06777E+01
    2.1043E+01  1.49512E+05 -3.06777E+01  1.49512E+05 -3.06777E+01  1.49512E+05 -3.06777E+01
    2.1204E+01  1.55532E+05 -3.28982E+01  1.55532E+05 -3.28982E+01  1.55532E+05 -3.28982E+01
    2.1366E+01  1.55534E+05 -3.28995E+01  1.55534E+05 -3.28995E+01  1.55534E+05 -3.28995E+01
    2.1528E+01  1.62870E+05 -3.52150E+01  1.62870E+05 -3.52150E+01  1.62870E+05 -3.52150E+01
    2.1690E+01  1.62870E+05 -3.52150E+01  1.62870E+05 -3.52150E+01  1.62870E+05 -3.52150E+01
    2.1852E+01  1.63300E+05 -3.54967E+01  1.63300E+05 -3.54967E+01  1.63300E+05 -3.54967E+01
    2.2014E+01  1.68941E+05 -3.75983E+01  1.68941E+05 -3.75983E+01  1.68941E+05 -3.75983E+01
    2.2176E+01  1.68952E+05 -3.76096E+01  1.68952E+05 -3.76096E+01  1.68952E+05 -3.76096E+01
    2.2338E+01  1.68956E+05 -3.76138E+01  1.68956E+05 -3.76138E+01  1.68956E+05 -3.76138E+01
    2.2499E+01  1.68956E+05 -3.76138E+01  1.68956E+05 -3.76138E+01  1.68956E+05 -3.76138E+01
    2.2661E+01  1.69159E+05 -3.77633E+01  1.69159E+05 -3.77633E+01  1.69159E+05 -3.77633E+01
    2.2823E+01  1.69159E+05 -3.77633E+01  1.69159E+05 -3.77633E+01  1.69159E+05 -3.77633E+01
    2.2985E+01  1.69159E+05 -3.77633E+01  1.69159E+05 -3.77633E+01  1.69159E+05 -3.77633E+01
    2.3147E+01  1.76118E+05 -3.97049E+01  1.76118E+05 -3.97049E+01  1.76118E+05 -3.97049E+01
    2.3309E+01  1.76118E+05 -3.97049E+01  1.76118E+05 -3.97049E+01  1.76118E+05 -3.97049E+01
    2.3471E+01  1.77614E+05 -4.03612E+01  1.77614E+05 -4.03612E+01  1.77614E+05 -4.03612E+01
    2.3632E+01  1.77614E+05 -4.03623E+01  1.77614E+05 -4.03623E+01  1.77614E+05 -4.03623E+01
    2.3794E+01  1.77614E+05 -4.03623E+01  1.77614E+05 -4.03623E+01  1.77614E+05 -4.03623E+01
    2.3956E+01  1.78348E+05 -4.07417E+01  1.78348E+05 -4.07417E+01  1.78348E+05 -4.07417E+01
    2.4118E+01  2.23811E+05 -4.37552E+01  2.23811E+05 -4.37552E+01  2.23811E+05 -4.37552E+01
    2.4280E+01  2.24920E+05 -4.44163E+01  2.24920E+05 -4.44163E+01  2.24920E+05 -4.44163E+01
    2.4442E+01  2.24921E+05 -4.44175E+01  2.24921E+05 -4.44175E+01  2.24921E+05 -4.44175E+01
    2.4604E+01  2.24921E+05 -4.44175E+01  2.24921E+05 -4.44175E+01  2.24921E+05 -4.44175E+01
    2.4766E+01  2.24921E+05 -4.44175E+01  2.24921E+05 -4.44175E+01  2.24921E+05 -4.44175E+01
    2.4927E+01  2.42805E+05 -4.52545E+01  2.42805E+05 -4.52545E+01  2.42805E+05 -4.52545E+01
    2.5089E+01  2.42805E+05 -4.52545E+01  2.42805E+05 -4.52545E+01  2.42805E+05 -4.52545E+01
    2.5251E+01  2.53811E+05 -4.82549E+01  2.53811E+05 -4.82549E+01  2.53811E+05 -4.82549E+01
    2.5413E+01  2.53812E+05 -4.82567E+01  2.53812E+05 -4.82567E+01  2.53812E+05 -4.82567E+01
    2.5575E+01  2.53812E+05 -4.82567E+01  2.53812E+05 -4.82567E+01  2.53812E+05 -4.82567E+01
    2.5737E+01  2.53813E+05 -4.82576E+01  2.53813E+05 -4.82576E+01  2.53813E+05 -4.82576E+01
    2.5899E+01  2.66963E+05 -5.24762E+01  2.66963E+05 -5.24762E+01  2.66963E+05 -5.24762E+01
    2.6060E+01  2.72211E+05 -5.39197E+01  2.72211E+05 -5.39197E+01  2.72211E+05 -5.39197E+01
    2.6222E+01  2.72211E+05 -5.39197E+01  2.72211E+05 -5.39197E+01  2.72211E+05 -5.39197E+01
    2.6384E+01  2.72211E+05 -5.39197E+01  2.72211E+05 -5.39197E+01  2.72211E+05 -5.39197E+01
    2.6546E+01  2.72211E+05 -5.39197E+01  2.72211E+05 -5.39197E+01  2.72211E+05 -5.39197E+01
    2.6708E+01  2.72211E+05 -5.39197E+01  2.72211E+05 -5.39197E+01  2.72211E+05 -5.39197E+01
    2.6870E+01  2.72211E+05 -5.39197E+01  2.72211E+05 -5.39197E+01  2.72211E+05 -5.39197E+01
    2.7032E+01  2.75703E+05 -5.41522E+01  2.75703E+05 -5.41522E+01  2.75703E+05 -5.41522E+01
    2.7194E+01  2.75703E+05 -5.41522E+01  2.75703E+05 -5.41522E+01  2.75703E+05 -5.41522E+01
    2.7355E+01  2.75703E+05 -5.41522E+01  2.75703E+05 -5.41522E+01  2.75703E+05 -5.41522E+01
    2.7517E+01  2.75703E+05 -5.41522E+01  2.75703E+05 -5.41522E+01  2.75703E+05 -5.41522E+01
    2.7679E+01  2.86758E+05 -5.57995E+01  2.86758E+05 -5.57995E+01  2.86758E+05 -5.57995E+01
    2.7841E+01  2.86758E+05 -5.57995E+01  2.86758E+05 -5.57995E+01  2.86758E+05 -5.57995E+01
    2.8003E+01  2.86758E+05 -5.57995E+01  2.86758E+05 -5.57995E+01  2.86758E+05 -5.57995E+01
    2.8165E+01  2.86758E+05 -5.57995E+01  2.86758E+05 -5.57995E+01  2.86758E+05 -5.57995E+01
    2.8327E+01  2.86758E+05 -5.57995E+01  2.86758E+05 -5.57995E+01  2.86758E+05 -5.57995E+01
    2.8488E+01  2.86758E+05 -5.57995E+01  2.86758E+05 -5.57995E+01  2.86758E+05 -5.57995E+01
    2.8650E+01  2.97678E+05 -5.79309E+01  2.97678E+05 -5.79309E+01  2.97678E+05 -5.79309E+01
    2.8812E+01  2.97678E+05 -5.79309E+01  2.97678E+05 -5.79309E+01  2.97678E+05 -5.79309E+01
    2.8974E+01  2.97678E+05 -5.79309E+01  2.97678E+05 -5.79309E+01  2.97678E+05 -5.79309E+01
    2.9136E+01  3.13778E+05 -6.07667E+01  3.13778E+05 -6.07667E+01  3.13778E+05 -6.07667E+01
    2.9298E+01  3.13778E+05 -6.07667E+01  3.13778E+05 -6.07667E+01  3.13778E+05 -6.07667E+01
    2.9460E+01  3.13778E+05 -6.07667E+01  3.13778E+05 -6.07667E+01  3.13778E+05 -6.07667E+01
    2.9622E+01  3.21836E+05 -6.30785E+01  3.21836E+05 -6.30785E+01  3.21836E+05 -6.30785E+01
    2.9783E+01  3.21836E+05 -6.30785E+01  3.21836E+05 -6.30785E+01  3.21836E+05 -6.30785E+01
    2.9945E+01  3.21836E+05 -6.30785E+01  3.21836E+05 -6.30785E+01  3.21836E+05 -6.30785E+01
    3.0107E+01  3.26657E+05 -6.47350E+01  3.26657E+05 -6.47350E+01  3.26657E+05 -6.47350E+01
    3.0269E+01  3.26657E+05 -6.47350E+01  3.26657E+05 -6.47350E+01  3.26657E+05 -6.47350E+01
    3.0431E+01  3.26657E+05 -6.47350E+01  3.26657E+05 -6.47350E+01  3.26657E+05 -6.47350E+01
    3.0593E+01  3.26657E+05 -6.47350E+01  3.26657E+05 -6.47350E+01  3.26657E+05 -6.47350E+01
    3.0755E+01  3.29196E+05 -6.58040E+01  3.29196E+05 -6.58040E+01  3.29196E+05 -6.58040E+01
    3.0916E+01  3.29196E+05 -6.58040E+01  3.29196E+05 -6.58040E+01  3.29196E+05 -6.58040E+01
    3.1078E+01  3.29196E+05 -6.58040E+01  3.29196E+05 -6.58040E+01  3.29196E+05 -6.58040E+01
    3.1240E+01  3.29196E+05 -6.58040E+01  3.29196E+05 -6.58040E+01  3.29196E+05 -6.58040E+01
    3.1402E+01  3.39059E+05 -6.91071E+01  3.39059E+05 -6.91071E+01  3.39059E+05 -6.91071E+01
    3.1564E+01  4.09330E+05 -7.50438E+01  4.09330E+05 -7.50438E+01  4.09330E+05 -7.50438E+01
    3.1726E+01  4.09330E+05 -7.50438E+01  4.09330E+05 -7.50438E+01  4.09330E+05 -7.50438E+01
    3.1888E+01  4.09330E+05 -7.50438E+01  4.09330E+05 -7.50438E+01  4.09330E+05 -7.50438E+01
    3.2050E+01  4.09330E+05 -7.50438E+01  4.09330E+05 -7.50438E+01  4.09330E+05 -7.50438E+01
    3.2211E+01  4.09330E+05 -7.50438E+01  4.09330E+05 -7.50438E+01  4.09330E+05 -7.50438E+01
    3.2373E+01  4.09330E+05 -7.50438E+01  4.09330E+05 -7.50438E+01  4.09330E+05 -7.50438E+01
    3.2535E+01  4.09330E+05 -7.50438E+01  4.09330E+05 -7.50438E+01  4.09330E+05 -7.50438E+01
    3.2697E+01  4.09330E+05 -7.50438E+01  4.09330E+05 -7.50438E+01  4.09330E+05 -7.50438E+01
    3.2859E+01  4.09330E+05 -7.50438E+01  4.09330E+05 -7.50438E+01  4.09330E+05 -7.50438E+01
    3.3021E+01  4.09330E+05 -7.50438E+01  4.09330E+05 -7.50438E+01  4.09330E+05 -7.50438E+01
    3.3183E+01  4.09330E+05 -7.50438E+01  4.09330E+05 -7.50438E+01  4.09330E+05 -7.50438E+01
    3.3344E+01  4.09330E+05 -7.50438E+01  4.09330E+05 -7.50438E+01  4.09330E+05 -7.50438E+01
    3.3506E+01  4.09330E+05 -7.50438E+01  4.09330E+05 -7.50438E+01  4.09330E+05 -7.50438E+01
    3.3668E+01  4.09330E+05 -7.50438E+01  4.09330E+05 -7.50438E+01  4.09330E+05 -7.50438E+01
    3.3830E+01  4.09330E+05 -7.50438E+01  4.09330E+05 -7.50438E+01  4.09330E+05 -7.50438E+01
    3.3992E+01  4.09330E+05 -7.50438E+01  4.09330E+05 -7.50438E+01  4.09330E+05 -7.50438E+01
    3.4154E+01  4.09330E+05 -7.50438E+01  4.09330E+05 -7.50438E+01  4.09330E+05 -7.50438E+01
    3.4316E+01  4.09330E+05 -7.50438E+01  4.09330E+05 -7.50438E+01  4.09330E+05 -7.50438E+01
    3.4477E+01  4.09330E+05 -7.50438E+01  4.09330E+05 -7.50438E+01  4.09330E+05 -7.50438E+01
    3.4639E+01  4.09330E+05 -7.50438E+01  4.09330E+05 -7.50438E+01  4.09330E+05 -7.50438E+01
    3.4801E+01  4.09330E+05 -7.50438E+01  4.09330E+05 -7.50438E+01  4.09330E+05 -7.50438E+01
    3.4963E+01  4.09330E+05 -7.50438E+01  4.09330E+05 -7.50438E+01  4.09330E+05 -7.50438E+01
    3.5125E+01  4.09330E+05 -7.50438E+01  4.09330E+05 -7.50438E+01  4.09330E+05 -7.50438E+01
    3.5287E+01  4.09330E+05 -7.50438E+01  4.09330E+05 -7.50438E+01  4.09330E+05 -7.50438E+01
    3.5449E+01  4.09330E+05 -7.50438E+01  4.09330E+05 -7.50438E+01  4.09330E+05 -7.50438E+01
    3.5611E+01  4.09330E+05 -7.50438E+01  4.09330E+05 -7.50438E+01  4.09330E+05 -7.50438E+01
    3.5772E+01  4.30719E+05 -7.50974E+01  4.30719E+05 -7.50974E+01  4.30719E+05 -7.50974E+01
    3.5934E+01  4.30719E+05 -7.50974E+01  4.30719E+05 -7.50974E+01  4.30719E+05 -7.50974E+01
    3.6096E+01  4.30719E+05 -7.50974E+01  4.30719E+05 -7.50974E+01  4.30719E+05 -7.50974E+01
    3.6258E+01  4.30719E+05 -7.50974E+01  4.30719E+05 -7.50974E+01  4.30719E+05 -7.50974E+01
    3.6420E+01  4.30719E+05 -7.50974E+01  4.30719E+05 -7.50974E+01  4.30719E+05 -7.50974E+01
    3.6582E+01  4.30719E+05 -7.50974E+01  4.30719E+05 -7.50974E+01  4.30719E+05 -7.50974E+01
    3.6744E+01  4.30719E+05 -7.50974E+01  4.30719E+05 -7.50974E+01  4.30719E+05 -7.50974E+01
    3.6905E+01  4.30719E+05 -7.50974E+01  4.30719E+05 -7.50974E+01  4.30719E+05 -7.50974E+01
    3.7067E+01  4.30719E+05 -7.50974E+01  4.30719E+05 -7.50974E+01  4.30719E+05 -7.50974E+01
    3.7229E+01  4.30719E+05 -7.50974E+01  4.30719E+05 -7.50974E+01  4.30719E+05 -7.50974E+01
    3.7391E+01  4.30719E+05 -7.50974E+01  4.30719E+05 -7.50974E+01  4.30719E+05 -7.50974E+01
    3.7553E+01  4.30719E+05 -7.50974E+01  4.30719E+05 -7.50974E+01  4.30719E+05 -7.50974E+01
    3.7715E+01  4.30719E+05 -7.50974E+01  4.30719E+05 -7.50974E+01  4.30719E+05 -7.50974E+01
    3.7877E+01  4.30719E+05 -7.50974E+01  4.30719E+05 -7.50974E+01  4.30719E+05 -7.50974E+01
    3.8039E+01  4.70734E+05 -8.18096E+01  4.70734E+05 -8.18096E+01  4.70734E+05 -8.18096E+01
    3.8200E+01  4.70734E+05 -8.18096E+01  4.70734E+05 -8.18096E+01  4.70734E+05 -8.18096E+01
    3.8362E+01  4.85597E+05 -8.50204E+01  4.85597E+05 -8.50204E+01  4.85597E+05 -8.50204E+01
    3.8524E+01  4.85597E+05 -8.50204E+01  4.85597E+05 -8.50204E+01  4.85597E+05 -8.50204E+01
    3.8686E+01  4.85597E+05 -8.50204E+01  4.85597E+05 -8.50204E+01  4.85597E+05 -8.50204E+01
    3.8848E+01  4.85597E+05 -8.50204E+01  4.85597E+05 -8.50204E+01  4.85597E+05 -8.50204E+01
    3.9010E+01  4.85597E+05 -8.50204E+01  4.85597E+05 -8.50204E+01  4.85597E+05 -8.50204E+01
    3.9172E+01  4.85597E+05 -8.50204E+01  4.85597E+05 -8.50204E+01  4.85597E+05 -8.50204E+01
    3.9333E+01  4.85597E+05 -8.50204E+01  4.85597E+05 -8.50204E+01  4.85597E+05 -8.50204E+01
    3.9495E+01  4.85597E+05 -8.50204E+01  4.85597E+05 -8.50204E+01  4.85597E+05 -8.50204E+01
    3.9657E+01  4.85597E+05 -8.50204E+01  4.85597E+05 -8.50204E+01  4.85597E+05 -8.50204E+01
    3.9819E+01  4.85597E+05 -8.50204E+01  4.85597E+05 -8.50204E+01  4.85597E+05 -8.50204E+01
    3.9981E+01  4.85597E+05 -8.50204E+01  4.85597E+05 -8.50204E+01  4.85597E+05 -8.50204E+01
    4.0143E+01  4.85597E+05 -8.50204E+01  4.85597E+05 -8.50204E+01  4.85597E+05 -8.50204E+01
    4.0305E+01  5.09955E+05 -8.78777E+01  5.09955E+05 -8.78777E+01  5.09955E+05 -8.78777E+01
    4.0467E+01  5.09955E+05 -8.78777E+01  5.09955E+05 -8.78777E+01  5.09955E+05 -8.78777E+01
    4.0628E+01  5.09955E+05 -8.78777E+01  5.09955E+05 -8.78777E+01  5.09955E+05 -8.78777E+01
    4.0790E+01  5.09955E+05 -8.78777E+01  5.09955E+05 -8.78777E+01  5.09955E+05 -8.78777E+01
    4.0952E+01  5.41421E+05 -8.94627E+01  5.41421E+05 -8.94627E+01  5.41421E+05 -8.94627E+01
    4.1114E+01  5.41421E+05 -8.94627E+01  5.41421E+05 -8.94627E+01  5.41421E+05 -8.94627E+01
    4.1276E+01  5.41421E+05 -8.94627E+01  5.41421E+05 -8.94627E+01  5.41421E+05 -8.94627E+01
    4.1438E+01  5.41421E+05 -8.94627E+01  5.41421E+05 -8.94627E+01  5.41421E+05 -8.94627E+01
    4.1600E+01  5.41421E+05 -8.94627E+01  5.41421E+05 -8.94627E+01  5.41421E+05 -8.94627E+01
    4.1761E+01  5.41421E+05 -8.94627E+01  5.41421E+05 -8.94627E+01  5.41421E+05 -8.94627E+01
    4.1923E+01  5.41421E+05 -8.94627E+01  5.41421E+05 -8.94627E+01  5.41421E+05 -8.94627E+01
    4.2085E+01  5.41421E+05 -8.94627E+01  5.41421E+05 -8.94627E+01  5.41421E+05 -8.94627E+01
    4.2247E+01  5.41421E+05 -8.94627E+01  5.41421E+05 -8.94627E+01  5.41421E+05 -8.94627E+01
    4.2409E+01  5.41421E+05 -8.94627E+01  5.41421E+05 -8.94627E+01  5.41421E+05 -8.94627E+01
    4.2571E+01  5.41421E+05 -8.94627E+01  5.41421E+05 -8.94627E+01  5.41421E+05 -8.94627E+01
    4.2733E+01  5.41421E+05 -8.94627E+01  5.41421E+05 -8.94627E+01  5.41421E+05 -8.94627E+01
    4.2895E+01  5.41421E+05 -8.94627E+01  5.41421E+05 -8.94627E+01  5.41421E+05 -8.94627E+01
    4.3056E+01  5.41421E+05 -8.94627E+01  5.41421E+05 -8.94627E+01  5.41421E+05 -8.94627E+01
    4.3218E+01  5.41421E+05 -8.94627E+01  5.41421E+05 -8.94627E+01  5.41421E+05 -8.94627E+01
    4.3380E+01  5.41421E+05 -8.94627E+01  5.41421E+05 -8.94627E+01  5.41421E+05 -8.94627E+01
    4.3542E+01  5.41421E+05 -8.94627E+01  5.41421E+05 -8.94627E+01  5.41421E+05 -8.94627E+01
    4.3704E+01  5.41421E+05 -8.94627E+01  5.41421E+05 -8.94627E+01  5.41421E+05 -8.94627E+01
    4.3866E+01  5.41421E+05 -8.94627E+01  5.41421E+05 -8.94627E+01  5.41421E+05 -8.94627E+01
    4.4028E+01  5.82041E+05 -9.78700E+01  5.82041E+05 -9.78700E+01  5.82041E+05 -9.78700E+01
    4.4189E+01  5.82041E+05 -9.78700E+01  5.82041E+05 -9.78700E+01  5.82041E+05 -9.78700E+01
    4.4351E+01  5.82041E+05 -9.78700E+01  5.82041E+05 -9.78700E+01  5.82041E+05 -9.78700E+01
    4.4513E+01  5.82041E+05 -9.78700E+01  5.82041E+05 -9.78700E+01  5.82041E+05 -9.78700E+01
    4.4675E+01  5.82041E+05 -9.78700E+01  5.82041E+05 -9.78700E+01  5.82041E+05 -9.78700E+01
    4.4837E+01  5.82041E+05 -9.78700E+01  5.82041E+05 -9.78700E+01  5.82041E+05 -9.78700E+01
    4.4999E+01  5.82041E+05 -9.78700E+01  5.82041E+05 -9.78700E+01  5.82041E+05 -9.78700E+01
    4.5161E+01  5.82041E+05 -9.78700E+01  5.82041E+05 -9.78700E+01  5.82041E+05 -9.78700E+01
    4.5323E+01  5.82041E+05 -9.78700E+01  5.82041E+05 -9.78700E+01  5.82041E+05 -9.78700E+01
    4.5484E+01  5.82041E+05 -9.78700E+01  5.82041E+05 -9.78700E+01  5.82041E+05 -9.78700E+01
    4.5646E+01  5.82041E+05 -9.78700E+01  5.82041E+05 -9.78700E+01  5.82041E+05 -9.78700E+01
    4.5808E+01  5.82041E+05 -9.78700E+01  5.82041E+05 -9.78700E+01  5.82041E+05 -9.78700E+01
    4.5970E+01  5.82041E+05 -9.78700E+01  5.82041E+05 -9.78700E+01  5.82041E+05 -9.78700E+01
    4.6132E+01  5.82041E+05 -9.78700E+01  5.82041E+05 -9.78700E+01  5.82041E+05 -9.78700E+01
    4.6294E+01  5.82041E+05 -9.78700E+01  5.82041E+05 -9.78700E+01  5.82041E+05 -9.78700E+01
    4.6456E+01  5.82041E+05 -9.78700E+01  5.82041E+05 -9.78700E+01  5.82041E+05 -9.78700E+01
    4.6617E+01  5.82041E+05 -9.78700E+01  5.82041E+05 -9.78700E+01  5.82041E+05 -9.78700E+01
    4.6779E+01  5.82041E+05 -9.78700E+01  5.82041E+05 -9.78700E+01  5.82041E+05 -9.78700E+01
    4.6941E+01  5.82041E+05 -9.78700E+01  5.82041E+05 -9.78700E+01  5.82041E+05 -9.78700E+01
    4.7103E+01  5.82041E+05 -9.78700E+01  5.82041E+05 -9.78700E+01  5.82041E+05 -9.78700E+01
    4.7265E+01  5.82041E+05 -9.78700E+01  5.82041E+05 -9.78700E+01  5.82041E+05 -9.78700E+01
    4.7427E+01  5.82041E+05 -9.78700E+01  5.82041E+05 -9.78700E+01  5.82041E+05 -9.78700E+01
    4.7589E+01  5.82041E+05 -9.78700E+01  5.82041E+05 -9.78700E+01  5.82041E+05 -9.78700E+01
    4.7751E+01  5.82041E+05 -9.78700E+01  5.82041E+05 -9.78700E+01  5.82041E+05 -9.78700E+01
    4.7912E+01  5.82041E+05 -9.78700E+01  5.82041E+05 -9.78700E+01  5.82041E+05 -9.78700E+01
    4.8074E+01  5.82041E+05 -9.78700E+01  5.82041E+05 -9.78700E+01  5.82041E+05 -9.78700E+01
    4.8236E+01  5.82041E+05 -9.78700E+01  5.82041E+05 -9.78700E+01  5.82041E+05 -9.78700E+01
    4.8398E+01  5.82041E+05 -9.78700E+01  5.82041E+05 -9.78700E+01  5.82041E+05 -9.78700E+01
    4.8560E+01  5.82041E+05 -9.78700E+01  5.82041E+05 -9.78700E+01  5.82041E+05 -9.78700E+01
    4.8722E+01  5.82041E+05 -9.78700E+01  5.82041E+05 -9.78700E+01  5.82041E+05 -9.78700E+01
    4.8884E+01  5.82041E+05 -9.78700E+01  5.82041E+05 -9.78700E+01  5.82041E+05 -9.78700E+01
    4.9045E+01  5.82041E+05 -9.78700E+01  5.82041E+05 -9.78700E+01  5.82041E+05 -9.78700E+01
    4.9207E+01  5.82041E+05 -9.78700E+01  5.82041E+05 -9.78700E+01  5.82041E+05 -9.78700E+01
    4.9369E+01  5.82041E+05 -9.78700E+01  5.82041E+05 -9.78700E+01  5.82041E+05 -9.78700E+01
    4.9531E+01  5.82041E+05 -9.78700E+01  5.82041E+05 -9.78700E+01  5.82041E+05 -9.78700E+01
    4.9693E+01  5.82041E+05 -9.78700E+01  5.82041E+05 -9.78700E+01  5.82041E+05 -9.78700E+01
    4.9855E+01  5.82041E+05 -9.78700E+01  5.82041E+05 -9.78700E+01  5.82041E+05 -9.78700E+01
    5.0017E+01  5.82041E+05 -9.78700E+01  5.82041E+05 -9.78700E+01  5.82041E+05 -9.78700E+01
    5.0179E+01  5.82041E+05 -9.78700E+01  5.82041E+05 -9.78700E+01  5.82041E+05 -9.78700E+01
    5.0340E+01  5.82041E+05 -9.78700E+01  5.82041E+05 -9.78700E+01  5.82041E+05 -9.78700E+01
    5.0502E+01  6.21555E+05 -1.01842E+02  6.21555E+05 -1.01842E+02  6.21555E+05 -1.01842E+02
    5.0664E+01  6.21555E+05 -1.01842E+02  6.21555E+05 -1.01842E+02  6.21555E+05 -1.01842E+02
    5.0826E+01  6.21555E+05 -1.01842E+02  6.21555E+05 -1.01842E+02  6.21555E+05 -1.01842E+02
    5.0988E+01  6.21555E+05 -1.01842E+02  6.21555E+05 -1.01842E+02  6.21555E+05 -1.01842E+02
    5.1150E+01  6.21555E+05 -1.01842E+02  6.21555E+05 -1.01842E+02  6.21555E+05 -1.01842E+02
    5.1312E+01  6.21555E+05 -1.01842E+02  6.21555E+05 -1.01842E+02  6.21555E+05 -1.01842E+02
    5.1473E+01  6.21555E+05 -1.01842E+02  6.21555E+05 -1.01842E+02  6.21555E+05 -1.01842E+02
    5.1635E+01  6.21555E+05 -1.01842E+02  6.21555E+05 -1.01842E+02  6.21555E+05 -1.01842E+02
    5.1797E+01  6.21555E+05 -1.01842E+02  6.21555E+05 -1.01842E+02  6.21555E+05 -1.01842E+02
    5.1959E+01  6.21555E+05 -1.01842E+02  6.21555E+05 -1.01842E+02  6.21555E+05 -1.01842E+02
    5.2121E+01  6.21555E+05 -1.01842E+02  6.21555E+05 -1.01842E+02  6.21555E+05 -1.01842E+02
    5.2283E+01  6.21555E+05 -1.01842E+02  6.21555E+05 -1.01842E+02  6.21555E+05 -1.01842E+02
    5.2445E+01  6.21555E+05 -1.01842E+02  6.21555E+05 -1.01842E+02  6.21555E+05 -1.01842E+02
    5.2607E+01  6.21555E+05 -1.01842E+02  6.21555E+05 -1.01842E+02  6.21555E+05 -1.01842E+02
    5.2768E+01  6.21555E+05 -1.01842E+02  6.21555E+05 -1.01842E+02  6.21555E+05 -1.01842E+02
    5.2930E+01  6.21555E+05 -1.01842E+02  6.21555E+05 -1.01842E+02  6.21555E+05 -1.01842E+02
    5.3092E+01  6.21555E+05 -1.01842E+02  6.21555E+05 -1.01842E+02  6.21555E+05 -1.01842E+02
    5.3254E+01  6.21555E+05 -1.01842E+02  6.21555E+05 -1.01842E+02  6.21555E+05 -1.01842E+02
    5.3416E+01  6.21555E+05 -1.01842E+02  6.21555E+05 -1.01842E+02  6.21555E+05 -1.01842E+02
    5.3578E+01  6.21555E+05 -1.01842E+02  6.21555E+05 -1.01842E+02  6.21555E+05 -1.01842E+02
    5.3740E+01  6.21555E+05 -1.01842E+02  6.21555E+05 -1.01842E+02  6.21555E+05 -1.01842E+02
    5.3901E+01  6.21555E+05 -1.01842E+02  6.21555E+05 -1.01842E+02  6.21555E+05 -1.01842E+02
    5.4063E+01  6.21555E+05 -1.01842E+02  6.21555E+05 -1.01842E+02  6.21555E+05 -1.01842E+02
    5.4225E+01  6.21555E+05 -1.01842E+02  6.21555E+05 -1.01842E+02  6.21555E+05 -1.01842E+02
    5.4387E+01  6.21555E+05 -1.01842E+02  6.21555E+05 -1.01842E+02  6.21555E+05 -1.01842E+02
    5.4549E+01  6.21555E+05 -1.01842E+02  6.21555E+05 -1.01842E+02  6.21555E+05 -1.01842E+02
    5.4711E+01  6.21555E+05 -1.01842E+02  6.21555E+05 -1.01842E+02  6.21555E+05 -1.01842E+02
    5.4873E+01  6.21555E+05 -1.01842E+02  6.21555E+05 -1.01842E+02  6.21555E+05 -1.01842E+02
    5.5035E+01  6.21555E+05 -1.01842E+02  6.21555E+05 -1.01842E+02  6.21555E+05 -1.01842E+02
    5.5196E+01  6.21555E+05 -1.01842E+02  6.21555E+05 -1.01842E+02  6.21555E+05 -1.01842E+02
    5.5358E+01  6.21555E+05 -1.01842E+02  6.21555E+05 -1.01842E+02  6.21555E+05 -1.01842E+02
    5.5520E+01  6.21555E+05 -1.01842E+02  6.21555E+05 -1.01842E+02  6.21555E+05 -1.01842E+02
    5.5682E+01  6.21555E+05 -1.01842E+02  6.21555E+05 -1.01842E+02  6.21555E+05 -1.01842E+02
    5.5844E+01  6.21555E+05 -1.01842E+02  6.21555E+05 -1.01842E+02  6.21555E+05 -1.01842E+02
    5.6006E+01  6.21555E+05 -1.01842E+02  6.21555E+05 -1.01842E+02  6.21555E+05 -1.01842E+02
    5.6168E+01  6.21555E+05 -1.01842E+02  6.21555E+05 -1.01842E+02  6.21555E+05 -1.01842E+02
    5.6329E+01  6.21555E+05 -1.01842E+02  6.21555E+05 -1.01842E+02  6.21555E+05 -1.01842E+02
    5.6491E+01  6.21555E+05 -1.01842E+02  6.21555E+05 -1.01842E+02  6.21555E+05 -1.01842E+02
    5.6653E+01  6.21555E+05 -1.01842E+02  6.21555E+05 -1.01842E+02  6.21555E+05 -1.01842E+02
    5.6815E+01  6.21555E+05 -1.01842E+02  6.21555E+05 -1.01842E+02  6.21555E+05 -1.01842E+02
    5.6977E+01  6.21555E+05 -1.01842E+02  6.21555E+05 -1.01842E+02  6.21555E+05 -1.01842E+02
    5.7139E+01  6.21555E+05 -1.01842E+02  6.21555E+05 -1.01842E+02  6.21555E+05 -1.01842E+02
    5.7301E+01  6.21555E+05 -1.01842E+02  6.21555E+05 -1.01842E+02  6.21555E+05 -1.01842E+02
    5.7462E+01  6.21555E+05 -1.01842E+02  6.21555E+05 -1.01842E+02  6.21555E+05 -1.01842E+02
    5.7624E+01  6.21555E+05 -1.01842E+02  6.21555E+05 -1.01842E+02  6.21555E+05 -1.01842E+02
    5.7786E+01  6.21555E+05 -1.01842E+02  6.21555E+05 -1.01842E+02  6.21555E+05 -1.01842E+02
    5.7948E+01  6.21555E+05 -1.01842E+02  6.21555E+05 -1.01842E+02  6.21555E+05 -1.01842E+02
    5.8110E+01  6.21555E+05 -1.01842E+02  6.21555E+05 -1.01842E+02  6.21555E+05 -1.01842E+02
    5.8272E+01  6.21555E+05 -1.01842E+02  6.21555E+05 -1.01842E+02  6.21555E+05 -1.01842E+02
    5.8434E+01  6.21555E+05 -1.01842E+02  6.21555E+05 -1.01842E+02  6.21555E+05 -1.01842E+02
    5.8596E+01  6.21555E+05 -1.01842E+02  6.21555E+05 -1.01842E+02  6.21555E+05 -1.01842E+02
    5.8757E+01  6.21555E+05 -1.01842E+02  6.21555E+05 -1.01842E+02  6.21555E+05 -1.01842E+02
    5.8919E+01  6.21555E+05 -1.01842E+02  6.21555E+05 -1.01842E+02  6.21555E+05 -1.01842E+02
    5.9081E+01  6.21555E+05 -1.01842E+02  6.21555E+05 -1.01842E+02  6.21555E+05 -1.01842E+02
    5.9243E+01  6.21555E+05 -1.01842E+02  6.21555E+05 -1.01842E+02  6.21555E+05 -1.01842E+02
    5.9405E+01  6.21555E+05 -1.01842E+02  6.21555E+05 -1.01842E+02  6.21555E+05 -1.01842E+02
    5.9567E+01  6.21555E+05 -1.01842E+02  6.21555E+05 -1.01842E+02  6.21555E+05 -1.01842E+02
    5.9729E+01  6.21555E+05 -1.01842E+02  6.21555E+05 -1.01842E+02  6.21555E+05 -1.01842E+02
    5.9890E+01  6.21555E+05 -1.01842E+02  6.21555E+05 -1.01842E+02  6.21555E+05 -1.01842E+02
    6.0052E+01  6.21555E+05 -1.01842E+02  6.21555E+05 -1.01842E+02  6.21555E+05 -1.01842E+02
    6.0214E+01  6.21555E+05 -1.01842E+02  6.21555E+05 -1.01842E+02  6.21555E+05 -1.01842E+02
    6.0376E+01  6.21555E+05 -1.01842E+02  6.21555E+05 -1.01842E+02  6.21555E+05 -1.01842E+02
    6.0538E+01  6.21555E+05 -1.01842E+02  6.21555E+05 -1.01842E+02  6.21555E+05 -1.01842E+02
    6.0700E+01  6.21555E+05 -1.01842E+02  6.21555E+05 -1.01842E+02  6.21555E+05 -1.01842E+02
    6.0862E+01  6.21555E+05 -1.01842E+02  6.21555E+05 -1.01842E+02  6.21555E+05 -1.01842E+02
    6.1024E+01  6.21555E+05 -1.01842E+02  6.21555E+05 -1.01842E+02  6.21555E+05 -1.01842E+02
    6.1185E+01  6.21555E+05 -1.01842E+02  6.21555E+05 -1.01842E+02  6.21555E+05 -1.01842E+02
    6.1347E+01  6.21555E+05 -1.01842E+02  6.21555E+05 -1.01842E+02  6.21555E+05 -1.01842E+02
    6.1509E+01  6.21555E+05 -1.01842E+02  6.21555E+05 -1.01842E+02  6.21555E+05 -1.01842E+02
    6.1671E+01  6.21555E+05 -1.01842E+02  6.21555E+05 -1.01842E+02  6.21555E+05 -1.01842E+02
    6.1833E+01  6.21555E+05 -1.01842E+02  6.21555E+05 -1.01842E+02  6.21555E+05 -1.01842E+02
    6.1995E+01  6.21555E+05 -1.01842E+02  6.21555E+05 -1.01842E+02  6.21555E+05 -1.01842E+02
    6.2157E+01  6.21555E+05 -1.01842E+02  6.21555E+05 -1.01842E+02  6.21555E+05 -1.01842E+02
    6.2318E+01  6.21555E+05 -1.01842E+02  6.21555E+05 -1.01842E+02  6.21555E+05 -1.01842E+02
    6.2480E+01  6.21555E+05 -1.01842E+02  6.21555E+05 -1.01842E+02  6.21555E+05 -1.01842E+02
    6.2642E+01  6.21555E+05 -1.01842E+02  6.21555E+05 -1.01842E+02  6.21555E+05 -1.01842E+02
    6.2804E+01  6.21555E+05 -1.01842E+02  6.21555E+05 -1.01842E+02  6.21555E+05 -1.01842E+02
    6.2966E+01  6.21555E+05 -1.01842E+02  6.21555E+05 -1.01842E+02  6.21555E+05 -1.01842E+02
    6.3128E+01  6.21555E+05 -1.01842E+02  6.21555E+05 -1.01842E+02  6.21555E+05 -1.01842E+02
    6.3290E+01  6.21555E+05 -1.01842E+02  6.21555E+05 -1.01842E+02  6.21555E+05 -1.01842E+02
    6.3452E+01  6.21555E+05 -1.01842E+02  6.21555E+05 -1.01842E+02  6.21555E+05 -1.01842E+02
    6.3613E+01  6.21555E+05 -1.01842E+02  6.21555E+05 -1.01842E+02  6.21555E+05 -1.01842E+02
    6.3775E+01  6.21555E+05 -1.01842E+02  6.21555E+05 -1.01842E+02  6.21555E+05 -1.01842E+02
    6.3937E+01  6.21555E+05 -1.01842E+02  6.21555E+05 -1.01842E+02  6.21555E+05 -1.01842E+02
    6.4099E+01  6.21555E+05 -1.01842E+02  6.21555E+05 -1.01842E+02  6.21555E+05 -1.01842E+02
    6.4261E+01  6.21555E+05 -1.01842E+02  6.21555E+05 -1.01842E+02  6.21555E+05 -1.01842E+02
    6.4423E+01  6.21555E+05 -1.01842E+02  6.21555E+05 -1.01842E+02  6.21555E+05 -1.01842E+02
    6.4585E+01  6.21555E+05 -1.01842E+02  6.21555E+05 -1.01842E+02  6.21555E+05 -1.01842E+02
    6.4746E+01  6.21555E+05 -1.01842E+02  6.21555E+05 -1.01842E+02  6.21555E+05 -1.01842E+02
    6.4908E+01  6.21555E+05 -1.01842E+02  6.21555E+05 -1.01842E+02  6.21555E+05 -1.01842E+02
    6.5070E+01  6.21555E+05 -1.01842E+02  6.21555E+05 -1.01842E+02  6.21555E+05 -1.01842E+02
    6.5232E+01  6.21555E+05 -1.01842E+02  6.21555E+05 -1.01842E+02  6.21555E+05 -1.01842E+02
    6.5394E+01  6.21555E+05 -1.01842E+02  6.21555E+05 -1.01842E+02  6.21555E+05 -1.01842E+02
    6.5556E+01  6.21555E+05 -1.01842E+02  6.21555E+05 -1.01842E+02  6.21555E+05 -1.01842E+02
    6.5718E+01  6.21555E+05 -1.01842E+02  6.21555E+05 -1.01842E+02  6.21555E+05 -1.01842E+02
    6.5880E+01  6.21555E+05 -1.01842E+02  6.21555E+05 -1.01842E+02  6.21555E+05 -1.01842E+02
    6.6041E+01  6.21555E+05 -1.01842E+02  6.21555E+05 -1.01842E+02  6.21555E+05 -1.01842E+02
    6.6203E+01  6.21555E+05 -1.01842E+02  6.21555E+05 -1.01842E+02  6.21555E+05 -1.01842E+02
    6.6365E+01  6.21555E+05 -1.01842E+02  6.21555E+05 -1.01842E+02  6.21555E+05 -1.01842E+02
    6.6527E+01  6.21555E+05 -1.01842E+02  6.21555E+05 -1.01842E+02  6.21555E+05 -1.01842E+02
    6.6689E+01  6.21555E+05 -1.01842E+02  6.21555E+05 -1.01842E+02  6.21555E+05 -1.01842E+02
    6.6851E+01  6.21555E+05 -1.01842E+02  6.21555E+05 -1.01842E+02  6.21555E+05 -1.01842E+02
    6.7013E+01  6.21555E+05 -1.01842E+02  6.21555E+05 -1.01842E+02  6.21555E+05 -1.01842E+02
    6.7174E+01  6.21555E+05 -1.01842E+02  6.21555E+05 -1.01842E+02  6.21555E+05 -1.01842E+02
    6.7336E+01  6.21555E+05 -1.01842E+02  6.21555E+05 -1.01842E+02  6.21555E+05 -1.01842E+02
    6.7498E+01  6.21555E+05 -1.01842E+02  6.21555E+05 -1.01842E+02  6.21555E+05 -1.01842E+02
    6.7660E+01  6.21555E+05 -1.01842E+02  6.21555E+05 -1.01842E+02  6.21555E+05 -1.01842E+02
    6.7822E+01  6.21555E+05 -1.01842E+02  6.21555E+05 -1.01842E+02  6.21555E+05 -1.01842E+02
    6.7984E+01  6.21555E+05 -1.01842E+02  6.21555E+05 -1.01842E+02  6.21555E+05 -1.01842E+02
    6.8146E+01  6.21555E+05 -1.01842E+02  6.21555E+05 -1.01842E+02  6.21555E+05 -1.01842E+02
    6.8308E+01  6.21555E+05 -1.01842E+02  6.21555E+05 -1.01842E+02  6.21555E+05 -1.01842E+02
    6.8469E+01  6.21555E+05 -1.01842E+02  6.21555E+05 -1.01842E+02  6.21555E+05 -1.01842E+02
    6.8631E+01  6.21555E+05 -1.01842E+02  6.21555E+05 -1.01842E+02  6.21555E+05 -1.01842E+02
    6.8793E+01  6.21555E+05 -1.01842E+02  6.21555E+05 -1.01842E+02  6.21555E+05 -1.01842E+02
    6.8955E+01  6.21555E+05 -1.01842E+02  6.21555E+05 -1.01842E+02  6.21555E+05 -1.01842E+02
    6.9117E+01  6.21555E+05 -1.01842E+02  6.21555E+05 -1.01842E+02  6.21555E+05 -1.01842E+02
    6.9279E+01  6.21555E+05 -1.01842E+02  6.21555E+05 -1.01842E+02  6.21555E+05 -1.01842E+02
    6.9441E+01  6.21555E+05 -1.01842E+02  6.21555E+05 -1.01842E+02  6.21555E+05 -1.01842E+02
    6.9602E+01  6.21555E+05 -1.01842E+02  6.21555E+05 -1.01842E+02  6.21555E+05 -1.01842E+02
    6.9764E+01  6.21555E+05 -1.01842E+02  6.21555E+05 -1.01842E+02  6.21555E+05 -1.01842E+02
    6.9926E+01  6.21555E+05 -1.01842E+02  6.21555E+05 -1.01842E+02  6.21555E+05 -1.01842E+02
    7.0088E+01  6.21555E+05 -1.01842E+02  6.21555E+05 -1.01842E+02  6.21555E+05 -1.01842E+02
    7.0250E+01  6.21555E+05 -1.01842E+02  6.21555E+05 -1.01842E+02  6.21555E+05 -1.01842E+02
    7.0412E+01  6.21555E+05 -1.01842E+02  6.21555E+05 -1.01842E+02  6.21555E+05 -1.01842E+02
    7.0574E+01  6.21555E+05 -1.01842E+02  6.21555E+05 -1.01842E+02  6.21555E+05 -1.01842E+02
    7.0736E+01  6.21555E+05 -1.01842E+02  6.21555E+05 -1.01842E+02  6.21555E+05 -1.01842E+02
    7.0897E+01  6.21555E+05 -1.01842E+02  6.21555E+05 -1.01842E+02  6.21555E+05 -1.01842E+02
    7.1059E+01  6.21555E+05 -1.01842E+02  6.21555E+05 -1.01842E+02  6.21555E+05 -1.01842E+02
    7.1221E+01  6.21555E+05 -1.01842E+02  6.21555E+05 -1.01842E+02  6.21555E+05 -1.01842E+02
    7.1383E+01  6.21555E+05 -1.01842E+02  6.21555E+05 -1.01842E+02  6.21555E+05 -1.01842E+02
    7.1545E+01  6.21555E+05 -1.01842E+02  6.21555E+05 -1.01842E+02  6.21555E+05 -1.01842E+02
    7.1707E+01  6.21555E+05 -1.01842E+02  6.21555E+05 -1.01842E+02  6.21555E+05 -1.01842E+02
    7.1869E+01  6.21555E+05 -1.01842E+02  6.21555E+05 -1.01842E+02  6.21555E+05 -1.01842E+02
    7.2030E+01  6.21555E+05 -1.01842E+02  6.21555E+05 -1.01842E+02  6.21555E+05 -1.01842E+02
    7.2192E+01  6.21555E+05 -1.01842E+02  6.21555E+05 -1.01842E+02  6.21555E+05 -1.01842E+02
    7.2354E+01  6.21555E+05 -1.01842E+02  6.21555E+05 -1.01842E+02  6.21555E+05 -1.01842E+02
    7.2516E+01  6.21555E+05 -1.01842E+02  6.21555E+05 -1.01842E+02  6.21555E+05 -1.01842E+02
    7.2678E+01  6.21555E+05 -1.01842E+02  6.21555E+05 -1.01842E+02  6.21555E+05 -1.01842E+02
    7.2840E+01  6.21555E+05 -1.01842E+02  6.21555E+05 -1.01842E+02  6.21555E+05 -1.01842E+02
    7.3002E+01  6.21555E+05 -1.01842E+02  6.21555E+05 -1.01842E+02  6.21555E+05 -1.01842E+02
    7.3164E+01  6.21555E+05 -1.01842E+02  6.21555E+05 -1.01842E+02  6.21555E+05 -1.01842E+02
    7.3325E+01  6.21555E+05 -1.01842E+02  6.21555E+05 -1.01842E+02  6.21555E+05 -1.01842E+02
    7.3487E+01  6.21555E+05 -1.01842E+02  6.21555E+05 -1.01842E+02  6.21555E+05 -1.01842E+02
    7.3649E+01  6.21555E+05 -1.01842E+02  6.21555E+05 -1.01842E+02  6.21555E+05 -1.01842E+02
    7.3811E+01  6.21555E+05 -1.01842E+02  6.21555E+05 -1.01842E+02  6.21555E+05 -1.01842E+02
    7.3973E+01  6.21555E+05 -1.01842E+02  6.21555E+05 -1.01842E+02  6.21555E+05 -1.01842E+02
    7.4135E+01  6.21555E+05 -1.01842E+02  6.21555E+05 -1.01842E+02  6.21555E+05 -1.01842E+02
    7.4297E+01  6.21555E+05 -1.01842E+02  6.21555E+05 -1.01842E+02  6.21555E+05 -1.01842E+02
    7.4458E+01  6.21555E+05 -1.01842E+02  6.21555E+05 -1.01842E+02  6.21555E+05 -1.01842E+02
    7.4620E+01  6.21555E+05 -1.01842E+02  6.21555E+05 -1.01842E+02  6.21555E+05 -1.01842E+02
    7.4782E+01  6.21555E+05 -1.01842E+02  6.21555E+05 -1.01842E+02  6.21555E+05 -1.01842E+02
    7.4944E+01  6.21555E+05 -1.01842E+02  6.21555E+05 -1.01842E+02  6.21555E+05 -1.01842E+02
    7.5106E+01  6.21555E+05 -1.01842E+02  6.21555E+05 -1.01842E+02  6.21555E+05 -1.01842E+02
    7.5268E+01  6.21555E+05 -1.01842E+02  6.21555E+05 -1.01842E+02  6.21555E+05 -1.01842E+02
    7.5430E+01  6.21555E+05 -1.01842E+02  6.21555E+05 -1.01842E+02  6.21555E+05 -1.01842E+02
    7.5592E+01  6.21555E+05 -1.01842E+02  6.21555E+05 -1.01842E+02  6.21555E+05 -1.01842E+02
    7.5753E+01  6.21555E+05 -1.01842E+02  6.21555E+05 -1.01842E+02  6.21555E+05 -1.01842E+02
    7.5915E+01  6.21555E+05 -1.01842E+02  6.21555E+05 -1.01842E+02  6.21555E+05 -1.01842E+02
    7.6077E+01  6.21555E+05 -1.01842E+02  6.21555E+05 -1.01842E+02  6.21555E+05 -1.01842E+02
    7.6239E+01  6.21555E+05 -1.01842E+02  6.21555E+05 -1.01842E+02  6.21555E+05 -1.01842E+02
    7.6401E+01  6.21555E+05 -1.01842E+02  6.21555E+05 -1.01842E+02  6.21555E+05 -1.01842E+02
    7.6563E+01  6.21555E+05 -1.01842E+02  6.21555E+05 -1.01842E+02  6.21555E+05 -1.01842E+02
    7.6725E+01  6.21555E+05 -1.01842E+02  6.21555E+05 -1.01842E+02  6.21555E+05 -1.01842E+02
    7.6886E+01  6.21555E+05 -1.01842E+02  6.21555E+05 -1.01842E+02  6.21555E+05 -1.01842E+02
    7.7048E+01  6.21555E+05 -1.01842E+02  6.21555E+05 -1.01842E+02  6.21555E+05 -1.01842E+02
    7.7210E+01  6.21555E+05 -1.01842E+02  6.21555E+05 -1.01842E+02  6.21555E+05 -1.01842E+02
    7.7372E+01  6.21555E+05 -1.01842E+02  6.21555E+05 -1.01842E+02  6.21555E+05 -1.01842E+02
    7.7534E+01  6.21555E+05 -1.01842E+02  6.21555E+05 -1.01842E+02  6.21555E+05 -1.01842E+02
    7.7696E+01  6.21555E+05 -1.01842E+02  6.21555E+05 -1.01842E+02  6.21555E+05 -1.01842E+02
    7.7858E+01  6.21555E+05 -1.01842E+02  6.21555E+05 -1.01842E+02  6.21555E+05 -1.01842E+02
    7.8020E+01  6.21555E+05 -1.01842E+02  6.21555E+05 -1.01842E+02  6.21555E+05 -1.01842E+02
    7.8181E+01  6.21555E+05 -1.01842E+02  6.21555E+05 -1.01842E+02  6.21555E+05 -1.01842E+02
    7.8343E+01  6.21555E+05 -1.01842E+02  6.21555E+05 -1.01842E+02  6.21555E+05 -1.01842E+02
    7.8505E+01  6.21555E+05 -1.01842E+02  6.21555E+05 -1.01842E+02  6.21555E+05 -1.01842E+02
    7.8667E+01  6.21555E+05 -1.01842E+02  6.21555E+05 -1.01842E+02  6.21555E+05 -1.01842E+02
    7.8829E+01  6.21555E+05 -1.01842E+02  6.21555E+05 -1.01842E+02  6.21555E+05 -1.01842E+02
    7.8991E+01  6.21555E+05 -1.01842E+02  6.21555E+05 -1.01842E+02  6.21555E+05 -1.01842E+02
    7.9153E+01  6.21555E+05 -1.01842E+02  6.21555E+05 -1.01842E+02  6.21555E+05 -1.01842E+02
    7.9314E+01  6.21555E+05 -1.01842E+02  6.21555E+05 -1.01842E+02  6.21555E+05 -1.01842E+02
    7.9476E+01  6.21555E+05 -1.01842E+02  6.21555E+05 -1.01842E+02  6.21555E+05 -1.01842E+02
    7.9638E+01  6.21555E+05 -1.01842E+02  6.21555E+05 -1.01842E+02  6.21555E+05 -1.01842E+02
    7.9800E+01  6.21555E+05 -1.01842E+02  6.21555E+05 -1.01842E+02  6.21555E+05 -1.01842E+02
    7.9962E+01  6.21555E+05 -1.01842E+02  6.21555E+05 -1.01842E+02  6.21555E+05 -1.01842E+02
    8.0124E+01  6.21555E+05 -1.01842E+02  6.21555E+05 -1.01842E+02  6.21555E+05 -1.01842E+02
    8.0286E+01  6.21555E+05 -1.01842E+02  6.21555E+05 -1.01842E+02  6.21555E+05 -1.01842E+02
    8.0447E+01  6.21555E+05 -1.01842E+02  6.21555E+05 -1.01842E+02  6.21555E+05 -1.01842E+02
    8.0609E+01  6.21555E+05 -1.01842E+02  6.21555E+05 -1.01842E+02  6.21555E+05 -1.01842E+02
    8.0771E+01  6.21555E+05 -1.01842E+02  6.21555E+05 -1.01842E+02  6.21555E+05 -1.01842E+02
    8.0933E+01  6.21555E+05 -1.01842E+02  6.21555E+05 -1.01842E+02  6.21555E+05 -1.01842E+02
    8.1095E+01  6.21555E+05 -1.01842E+02  6.21555E+05 -1.01842E+02  6.21555E+05 -1.01842E+02
    8.1257E+01  6.21555E+05 -1.01842E+02  6.21555E+05 -1.01842E+02  6.21555E+05 -1.01842E+02
    8.1419E+01  6.21555E+05 -1.01842E+02  6.21555E+05 -1.01842E+02  6.21555E+05 -1.01842E+02
    8.1581E+01  6.21555E+05 -1.01842E+02  6.21555E+05 -1.01842E+02  6.21555E+05 -1.01842E+02
    8.1742E+01  6.21555E+05 -1.01842E+02  6.21555E+05 -1.01842E+02  6.21555E+05 -1.01842E+02
    8.1904E+01  6.21555E+05 -1.01842E+02  6.21555E+05 -1.01842E+02  6.21555E+05 -1.01842E+02
    8.2066E+01  6.21555E+05 -1.01842E+02  6.21555E+05 -1.01842E+02  6.21555E+05 -1.01842E+02
    8.2228E+01  6.21555E+05 -1.01842E+02  6.21555E+05 -1.01842E+02  6.21555E+05 -1.01842E+02
    8.2390E+01  6.21555E+05 -1.01842E+02  6.21555E+05 -1.01842E+02  6.21555E+05 -1.01842E+02
    8.2552E+01  6.21555E+05 -1.01842E+02  6.21555E+05 -1.01842E+02  6.21555E+05 -1.01842E+02
    8.2714E+01  6.21555E+05 -1.01842E+02  6.21555E+05 -1.01842E+02  6.21555E+05 -1.01842E+02
    8.2875E+01  6.21555E+05 -1.01842E+02  6.21555E+05 -1.01842E+02  6.21555E+05 -1.01842E+02
    8.3037E+01  6.21555E+05 -1.01842E+02  6.21555E+05 -1.01842E+02  6.21555E+05 -1.01842E+02
    8.3199E+01  6.21555E+05 -1.01842E+02  6.21555E+05 -1.01842E+02  6.21555E+05 -1.01842E+02
    8.3361E+01  6.21555E+05 -1.01842E+02  6.21555E+05 -1.01842E+02  6.21555E+05 -1.01842E+02
    8.3523E+01  6.21555E+05 -1.01842E+02  6.21555E+05 -1.01842E+02  6.21555E+05 -1.01842E+02
    8.3685E+01  6.21555E+05 -1.01842E+02  6.21555E+05 -1.01842E+02  6.21555E+05 -1.01842E+02
    8.3847E+01  6.21555E+05 -1.01842E+02  6.21555E+05 -1.01842E+02  6.21555E+05 -1.01842E+02
    8.4009E+01  6.21555E+05 -1.01842E+02  6.21555E+05 -1.01842E+02  6.21555E+05 -1.01842E+02
    8.4170E+01  6.21555E+05 -1.01842E+02  6.21555E+05 -1.01842E+02  6.21555E+05 -1.01842E+02
    8.4332E+01  6.21555E+05 -1.01842E+02  6.21555E+05 -1.01842E+02  6.21555E+05 -1.01842E+02
    8.4494E+01  6.21555E+05 -1.01842E+02  6.21555E+05 -1.01842E+02  6.21555E+05 -1.01842E+02
    8.4656E+01  6.21555E+05 -1.01842E+02  6.21555E+05 -1.01842E+02  6.21555E+05 -1.01842E+02
    8.4818E+01  6.21555E+05 -1.01842E+02  6.21555E+05 -1.01842E+02  6.21555E+05 -1.01842E+02
    8.4980E+01  6.21555E+05 -1.01842E+02  6.21555E+05 -1.01842E+02  6.21555E+05 -1.01842E+02
    8.5142E+01  6.21555E+05 -1.01842E+02  6.21555E+05 -1.01842E+02  6.21555E+05 -1.01842E+02
    8.5303E+01  6.21555E+05 -1.01842E+02  6.21555E+05 -1.01842E+02  6.21555E+05 -1.01842E+02
    8.5465E+01  6.21555E+05 -1.01842E+02  6.21555E+05 -1.01842E+02  6.21555E+05 -1.01842E+02
    8.5627E+01  6.21555E+05 -1.01842E+02  6.21555E+05 -1.01842E+02  6.21555E+05 -1.01842E+02
    8.5789E+01  6.21555E+05 -1.01842E+02  6.21555E+05 -1.01842E+02  6.21555E+05 -1.01842E+02
    8.5951E+01  6.21555E+05 -1.01842E+02  6.21555E+05 -1.01842E+02  6.21555E+05 -1.01842E+02
    8.6113E+01  6.21555E+05 -1.01842E+02  6.21555E+05 -1.01842E+02  6.21555E+05 -1.01842E+02
    8.6275E+01  6.21555E+05 -1.01842E+02  6.21555E+05 -1.01842E+02  6.21555E+05 -1.01842E+02
    8.6437E+01  6.21555E+05 -1.01842E+02  6.21555E+05 -1.01842E+02  6.21555E+05 -1.01842E+02
    8.6598E+01  6.21555E+05 -1.01842E+02  6.21555E+05 -1.01842E+02  6.21555E+05 -1.01842E+02
    8.6760E+01  6.21555E+05 -1.01842E+02  6.21555E+05 -1.01842E+02  6.21555E+05 -1.01842E+02
    8.6922E+01  6.21555E+05 -1.01842E+02  6.21555E+05 -1.01842E+02  6.21555E+05 -1.01842E+02
    8.7084E+01  6.21555E+05 -1.01842E+02  6.21555E+05 -1.01842E+02  6.21555E+05 -1.01842E+02
    8.7246E+01  6.21555E+05 -1.01842E+02  6.21555E+05 -1.01842E+02  6.21555E+05 -1.01842E+02
    8.7408E+01  6.21555E+05 -1.01842E+02  6.21555E+05 -1.01842E+02  6.21555E+05 -1.01842E+02
    8.7570E+01  6.21555E+05 -1.01842E+02  6.21555E+05 -1.01842E+02  6.21555E+05 -1.01842E+02
    8.7731E+01  6.21555E+05 -1.01842E+02  6.21555E+05 -1.01842E+02  6.21555E+05 -1.01842E+02
    8.7893E+01  6.21555E+05 -1.01842E+02  6.21555E+05 -1.01842E+02  6.21555E+05 -1.01842E+02
    8.8055E+01  6.21555E+05 -1.01842E+02  6.21555E+05 -1.01842E+02  6.21555E+05 -1.01842E+02
    8.8217E+01  6.21555E+05 -1.01842E+02  6.21555E+05 -1.01842E+02  6.21555E+05 -1.01842E+02
    8.8379E+01  6.21555E+05 -1.01842E+02  6.21555E+05 -1.01842E+02  6.21555E+05 -1.01842E+02
    8.8541E+01  6.21555E+05 -1.01842E+02  6.21555E+05 -1.01842E+02  6.21555E+05 -1.01842E+02
    8.8703E+01  6.21555E+05 -1.01842E+02  6.21555E+05 -1.01842E+02  6.21555E+05 -1.01842E+02
    8.8865E+01  6.21555E+05 -1.01842E+02  6.21555E+05 -1.01842E+02  6.21555E+05 -1.01842E+02
    8.9026E+01  6.21555E+05 -1.01842E+02  6.21555E+05 -1.01842E+02  6.21555E+05 -1.01842E+02
    8.9188E+01  6.21555E+05 -1.01842E+02  6.21555E+05 -1.01842E+02  6.21555E+05 -1.01842E+02
    8.9350E+01  6.21555E+05 -1.01842E+02  6.21555E+05 -1.01842E+02  6.21555E+05 -1.01842E+02
    8.9512E+01  6.21555E+05 -1.01842E+02  6.21555E+05 -1.01842E+02  6.21555E+05 -1.01842E+02
    8.9674E+01  6.21555E+05 -1.01842E+02  6.21555E+05 -1.01842E+02  6.21555E+05 -1.01842E+02
    8.9836E+01  6.21555E+05 -1.01842E+02  6.21555E+05 -1.01842E+02  6.21555E+05 -1.01842E+02
    8.9998E+01  6.21555E+05 -1.01842E+02  6.21555E+05 -1.01842E+02  6.21555E+05 -1.01842E+02
    9.0159E+01  6.21555E+05 -1.01842E+02  6.21555E+05 -1.01842E+02  6.21555E+05 -1.01842E+02
    9.0321E+01  6.21555E+05 -1.01842E+02  6.21555E+05 -1.01842E+02  6.21555E+05 -1.01842E+02
    9.0483E+01  6.21555E+05 -1.01842E+02  6.21555E+05 -1.01842E+02  6.21555E+05 -1.01842E+02
    9.0645E+01  6.21555E+05 -1.01842E+02  6.21555E+05 -1.01842E+02  6.21555E+05 -1.01842E+02
    9.0807E+01  6.21555E+05 -1.01842E+02  6.21555E+05 -1.01842E+02  6.21555E+05 -1.01842E+02
    9.0969E+01  6.21555E+05 -1.01842E+02  6.21555E+05 -1.01842E+02  6.21555E+05 -1.01842E+02
    9.1131E+01  6.21555E+05 -1.01842E+02  6.21555E+05 -1.01842E+02  6.21555E+05 -1.01842E+02
    9.1293E+01  6.21555E+05 -1.01842E+02  6.21555E+05 -1.01842E+02  6.21555E+05 -1.01842E+02
    9.1454E+01  6.21555E+05 -1.01842E+02  6.21555E+05 -1.01842E+02  6.21555E+05 -1.01842E+02
    9.1616E+01  6.21555E+05 -1.01842E+02  6.21555E+05 -1.01842E+02  6.21555E+05 -1.01842E+02
    9.1778E+01  6.21555E+05 -1.01842E+02  6.21555E+05 -1.01842E+02  6.21555E+05 -1.01842E+02
    9.1940E+01  6.21555E+05 -1.01842E+02  6.21555E+05 -1.01842E+02  6.21555E+05 -1.01842E+02
    9.2102E+01  6.21555E+05 -1.01842E+02  6.21555E+05 -1.01842E+02  6.21555E+05 -1.01842E+02
    9.2264E+01  6.21555E+05 -1.01842E+02  6.21555E+05 -1.01842E+02  6.21555E+05 -1.01842E+02
    9.2426E+01  6.21555E+05 -1.01842E+02  6.21555E+05 -1.01842E+02  6.21555E+05 -1.01842E+02
    9.2587E+01  6.21555E+05 -1.01842E+02  6.21555E+05 -1.01842E+02  6.21555E+05 -1.01842E+02
    9.2749E+01  6.21555E+05 -1.01842E+02  6.21555E+05 -1.01842E+02  6.21555E+05 -1.01842E+02
    9.2911E+01  6.21555E+05 -1.01842E+02  6.21555E+05 -1.01842E+02  6.21555E+05 -1.01842E+02
    9.3073E+01  6.21555E+05 -1.01842E+02  6.21555E+05 -1.01842E+02  6.21555E+05 -1.01842E+02
    9.3235E+01  6.21555E+05 -1.01842E+02  6.21555E+05 -1.01842E+02  6.21555E+05 -1.01842E+02
    9.3397E+01  6.21555E+05 -1.01842E+02  6.21555E+05 -1.01842E+02  6.21555E+05 -1.01842E+02
    9.3559E+01  6.21555E+05 -1.01842E+02  6.21555E+05 -1.01842E+02  6.21555E+05 -1.01842E+02
    9.3721E+01  6.21555E+05 -1.01842E+02  6.21555E+05 -1.01842E+02  6.21555E+05 -1.01842E+02
    9.3882E+01  6.21555E+05 -1.01842E+02  6.21555E+05 -1.01842E+02  6.21555E+05 -1.01842E+02
    9.4044E+01  6.21555E+05 -1.01842E+02  6.21555E+05 -1.01842E+02  6.21555E+05 -1.01842E+02
    9.4206E+01  6.21555E+05 -1.01842E+02  6.21555E+05 -1.01842E+02  6.21555E+05 -1.01842E+02
    9.4368E+01  6.21555E+05 -1.01842E+02  6.21555E+05 -1.01842E+02  6.21555E+05 -1.01842E+02
    9.4530E+01  6.21555E+05 -1.01842E+02  6.21555E+05 -1.01842E+02  6.21555E+05 -1.01842E+02
    9.4692E+01  6.21555E+05 -1.01842E+02  6.21555E+05 -1.01842E+02  6.21555E+05 -1.01842E+02
    9.4854E+01  6.21555E+05 -1.01842E+02  6.21555E+05 -1.01842E+02  6.21555E+05 -1.01842E+02
    9.5015E+01  6.21555E+05 -1.01842E+02  6.21555E+05 -1.01842E+02  6.21555E+05 -1.01842E+02
    9.5177E+01  6.21555E+05 -1.01842E+02  6.21555E+05 -1.01842E+02  6.21555E+05 -1.01842E+02
    9.5339E+01  6.21555E+05 -1.01842E+02  6.21555E+05 -1.01842E+02  6.21555E+05 -1.01842E+02
    9.5501E+01  6.21555E+05 -1.01842E+02  6.21555E+05 -1.01842E+02  6.21555E+05 -1.01842E+02
    9.5663E+01  6.21555E+05 -1.01842E+02  6.21555E+05 -1.01842E+02  6.21555E+05 -1.01842E+02
    9.5825E+01  6.21555E+05 -1.01842E+02  6.21555E+05 -1.01842E+02  6.21555E+05 -1.01842E+02
    9.5987E+01  6.21555E+05 -1.01842E+02  6.21555E+05 -1.01842E+02  6.21555E+05 -1.01842E+02
    9.6149E+01  6.21555E+05 -1.01842E+02  6.21555E+05 -1.01842E+02  6.21555E+05 -1.01842E+02
    9.6310E+01  6.21555E+05 -1.01842E+02  6.21555E+05 -1.01842E+02  6.21555E+05 -1.01842E+02
    9.6472E+01  6.21555E+05 -1.01842E+02  6.21555E+05 -1.01842E+02  6.21555E+05 -1.01842E+02
    9.6634E+01  6.21555E+05 -1.01842E+02  6.21555E+05 -1.01842E+02  6.21555E+05 -1.01842E+02
    9.6796E+01  6.21555E+05 -1.01842E+02  6.21555E+05 -1.01842E+02  6.21555E+05 -1.01842E+02
    9.6958E+01  6.21555E+05 -1.01842E+02  6.21555E+05 -1.01842E+02  6.21555E+05 -1.01842E+02
    9.7120E+01  6.21555E+05 -1.01842E+02  6.21555E+05 -1.01842E+02  6.21555E+05 -1.01842E+02
    9.7282E+01  6.21555E+05 -1.01842E+02  6.21555E+05 -1.01842E+02  6.21555E+05 -1.01842E+02
    9.7443E+01  6.21555E+05 -1.01842E+02  6.21555E+05 -1.01842E+02  6.21555E+05 -1.01842E+02
    9.7605E+01  6.21555E+05 -1.01842E+02  6.21555E+05 -1.01842E+02  6.21555E+05 -1.01842E+02
    9.7767E+01  6.21555E+05 -1.01842E+02  6.21555E+05 -1.01842E+02  6.21555E+05 -1.01842E+02
    9.7929E+01  6.21555E+05 -1.01842E+02  6.21555E+05 -1.01842E+02  6.21555E+05 -1.01842E+02
    9.8091E+01  6.21555E+05 -1.01842E+02  6.21555E+05 -1.01842E+02  6.21555E+05 -1.01842E+02
    9.8253E+01  6.21555E+05 -1.01842E+02  6.21555E+05 -1.01842E+02  6.21555E+05 -1.01842E+02
    9.8415E+01  6.21555E+05 -1.01842E+02  6.21555E+05 -1.01842E+02  6.21555E+05 -1.01842E+02
    9.8577E+01  6.21555E+05 -1.01842E+02  6.21555E+05 -1.01842E+02  6.21555E+05 -1.01842E+02
    9.8738E+01  6.21555E+05 -1.01842E+02  6.21555E+05 -1.01842E+02  6.21555E+05 -1.01842E+02
    9.8900E+01  6.21555E+05 -1.01842E+02  6.21555E+05 -1.01842E+02  6.21555E+05 -1.01842E+02
    9.9062E+01  6.21555E+05 -1.01842E+02  6.21555E+05 -1.01842E+02  6.21555E+05 -1.01842E+02
    9.9224E+01  6.21555E+05 -1.01842E+02  6.21555E+05 -1.01842E+02  6.21555E+05 -1.01842E+02
    9.9386E+01  6.21555E+05 -1.01842E+02  6.21555E+05 -1.01842E+02  6.21555E+05 -1.01842E+02
    9.9548E+01  6.21555E+05 -1.01842E+02  6.21555E+05 -1.01842E+02  6.21555E+05 -1.01842E+02
    9.9710E+01  6.21555E+05 -1.01842E+02  6.21555E+05 -1.01842E+02  6.21555E+05 -1.01842E+02
    9.9871E+01  6.21555E+05 -1.01842E+02  6.21555E+05 -1.01842E+02  6.21555E+05 -1.01842E+02
    1.0003E+02  6.21555E+05 -1.01842E+02  6.21555E+05 -1.01842E+02  6.21555E+05 -1.01842E+02
    1.0020E+02  6.21555E+05 -1.01842E+02  6.21555E+05 -1.01842E+02  6.21555E+05 -1.01842E+02
    1.0036E+02  6.21555E+05 -1.01842E+02  6.21555E+05 -1.01842E+02  6.21555E+05 -1.01842E+02
    1.0052E+02  6.21555E+05 -1.01842E+02  6.21555E+05 -1.01842E+02  6.21555E+05 -1.01842E+02
    1.0068E+02  6.21555E+05 -1.01842E+02  6.21555E+05 -1.01842E+02  6.21555E+05 -1.01842E+02
    1.0084E+02  6.21555E+05 -1.01842E+02  6.21555E+05 -1.01842E+02  6.21555E+05 -1.01842E+02
    1.0100E+02  6.21555E+05 -1.01842E+02  6.21555E+05 -1.01842E+02  6.21555E+05 -1.01842E+02
    1.0117E+02  6.21555E+05 -1.01842E+02  6.21555E+05 -1.01842E+02  6.21555E+05 -1.01842E+02
    1.0133E+02  6.21555E+05 -1.01842E+02  6.21555E+05 -1.01842E+02  6.21555E+05 -1.01842E+02
    1.0149E+02  6.21555E+05 -1.01842E+02  6.21555E+05 -1.01842E+02  6.21555E+05 -1.01842E+02
    1.0165E+02  6.21555E+05 -1.01842E+02  6.21555E+05 -1.01842E+02  6.21555E+05 -1.01842E+02
    1.0181E+02  6.21555E+05 -1.01842E+02  6.21555E+05 -1.01842E+02  6.21555E+05 -1.01842E+02
    1.0198E+02  6.21555E+05 -1.01842E+02  6.21555E+05 -1.01842E+02  6.21555E+05 -1.01842E+02
    1.0214E+02  6.21555E+05 -1.01842E+02  6.21555E+05 -1.01842E+02  6.21555E+05 -1.01842E+02
    1.0230E+02  6.21555E+05 -1.01842E+02  6.21555E+05 -1.01842E+02  6.21555E+05 -1.01842E+02
    1.0246E+02  6.21555E+05 -1.01842E+02  6.21555E+05 -1.01842E+02  6.21555E+05 -1.01842E+02
    1.0262E+02  6.21555E+05 -1.01842E+02  6.21555E+05 -1.01842E+02  6.21555E+05 -1.01842E+02
    1.0279E+02  6.21555E+05 -1.01842E+02  6.21555E+05 -1.01842E+02  6.21555E+05 -1.01842E+02
    1.0295E+02  6.21555E+05 -1.01842E+02  6.21555E+05 -1.01842E+02  6.21555E+05 -1.01842E+02
    1.0311E+02  6.21555E+05 -1.01842E+02  6.21555E+05 -1.01842E+02  6.21555E+05 -1.01842E+02
    1.0327E+02  6.21555E+05 -1.01842E+02  6.21555E+05 -1.01842E+02  6.21555E+05 -1.01842E+02
    1.0343E+02  6.21555E+05 -1.01842E+02  6.21555E+05 -1.01842E+02  6.21555E+05 -1.01842E+02
    1.0359E+02  6.21555E+05 -1.01842E+02  6.21555E+05 -1.01842E+02  6.21555E+05 -1.01842E+02
    1.0376E+02  6.21555E+05 -1.01842E+02  6.21555E+05 -1.01842E+02  6.21555E+05 -1.01842E+02
    1.0392E+02  6.21555E+05 -1.01842E+02  6.21555E+05 -1.01842E+02  6.21555E+05 -1.01842E+02
    1.0408E+02  6.21555E+05 -1.01842E+02  6.21555E+05 -1.01842E+02  6.21555E+05 -1.01842E+02
    1.0424E+02  6.21555E+05 -1.01842E+02  6.21555E+05 -1.01842E+02  6.21555E+05 -1.01842E+02
    1.0440E+02  6.21555E+05 -1.01842E+02  6.21555E+05 -1.01842E+02  6.21555E+05 -1.01842E+02
    1.0457E+02  6.21555E+05 -1.01842E+02  6.21555E+05 -1.01842E+02  6.21555E+05 -1.01842E+02
    1.0473E+02  6.21555E+05 -1.01842E+02  6.21555E+05 -1.01842E+02  6.21555E+05 -1.01842E+02
    1.0489E+02  6.21555E+05 -1.01842E+02  6.21555E+05 -1.01842E+02  6.21555E+05 -1.01842E+02
    1.0505E+02  6.21555E+05 -1.01842E+02  6.21555E+05 -1.01842E+02  6.21555E+05 -1.01842E+02
    1.0521E+02  6.21555E+05 -1.01842E+02  6.21555E+05 -1.01842E+02  6.21555E+05 -1.01842E+02
    1.0537E+02  6.21555E+05 -1.01842E+02  6.21555E+05 -1.01842E+02  6.21555E+05 -1.01842E+02
    1.0554E+02  6.21555E+05 -1.01842E+02  6.21555E+05 -1.01842E+02  6.21555E+05 -1.01842E+02
    1.0570E+02  6.21555E+05 -1.01842E+02  6.21555E+05 -1.01842E+02  6.21555E+05 -1.01842E+02
    1.0586E+02  6.21555E+05 -1.01842E+02  6.21555E+05 -1.01842E+02  6.21555E+05 -1.01842E+02
    1.0602E+02  6.21555E+05 -1.01842E+02  6.21555E+05 -1.01842E+02  6.21555E+05 -1.01842E+02
    1.0618E+02  6.21555E+05 -1.01842E+02  6.21555E+05 -1.01842E+02  6.21555E+05 -1.01842E+02
    1.0635E+02  6.21555E+05 -1.01842E+02  6.21555E+05 -1.01842E+02  6.21555E+05 -1.01842E+02
    1.0651E+02  6.21555E+05 -1.01842E+02  6.21555E+05 -1.01842E+02  6.21555E+05 -1.01842E+02
    1.0667E+02  6.21555E+05 -1.01842E+02  6.21555E+05 -1.01842E+02  6.21555E+05 -1.01842E+02
    1.0683E+02  6.21555E+05 -1.01842E+02  6.21555E+05 -1.01842E+02  6.21555E+05 -1.01842E+02
    1.0699E+02  6.21555E+05 -1.01842E+02  6.21555E+05 -1.01842E+02  6.21555E+05 -1.01842E+02
    1.0716E+02  6.21555E+05 -1.01842E+02  6.21555E+05 -1.01842E+02  6.21555E+05 -1.01842E+02
    1.0732E+02  6.21555E+05 -1.01842E+02  6.21555E+05 -1.01842E+02  6.21555E+05 -1.01842E+02
    1.0748E+02  6.21555E+05 -1.01842E+02  6.21555E+05 -1.01842E+02  6.21555E+05 -1.01842E+02
    1.0764E+02  6.21555E+05 -1.01842E+02  6.21555E+05 -1.01842E+02  6.21555E+05 -1.01842E+02
    1.0780E+02  6.21555E+05 -1.01842E+02  6.21555E+05 -1.01842E+02  6.21555E+05 -1.01842E+02
    1.0796E+02  6.21555E+05 -1.01842E+02  6.21555E+05 -1.01842E+02  6.21555E+05 -1.01842E+02
    1.0813E+02  6.21555E+05 -1.01842E+02  6.21555E+05 -1.01842E+02  6.21555E+05 -1.01842E+02
    1.0829E+02  6.21555E+05 -1.01842E+02  6.21555E+05 -1.01842E+02  6.21555E+05 -1.01842E+02
    1.0845E+02  6.21555E+05 -1.01842E+02  6.21555E+05 -1.01842E+02  6.21555E+05 -1.01842E+02
    1.0861E+02  6.21555E+05 -1.01842E+02  6.21555E+05 -1.01842E+02  6.21555E+05 -1.01842E+02
    1.0877E+02  6.21555E+05 -1.01842E+02  6.21555E+05 -1.01842E+02  6.21555E+05 -1.01842E+02
    1.0894E+02  6.21555E+05 -1.01842E+02  6.21555E+05 -1.01842E+02  6.21555E+05 -1.01842E+02
    1.0910E+02  6.21555E+05 -1.01842E+02  6.21555E+05 -1.01842E+02  6.21555E+05 -1.01842E+02
    1.0926E+02  6.21555E+05 -1.01842E+02  6.21555E+05 -1.01842E+02  6.21555E+05 -1.01842E+02
    1.0942E+02  6.21555E+05 -1.01842E+02  6.21555E+05 -1.01842E+02  6.21555E+05 -1.01842E+02
    1.0958E+02  6.21555E+05 -1.01842E+02  6.21555E+05 -1.01842E+02  6.21555E+05 -1.01842E+02
    1.0975E+02  6.21555E+05 -1.01842E+02  6.21555E+05 -1.01842E+02  6.21555E+05 -1.01842E+02
    1.0991E+02  6.21555E+05 -1.01842E+02  6.21555E+05 -1.01842E+02  6.21555E+05 -1.01842E+02
    1.1007E+02  6.21555E+05 -1.01842E+02  6.21555E+05 -1.01842E+02  6.21555E+05 -1.01842E+02
    1.1023E+02  6.21555E+05 -1.01842E+02  6.21555E+05 -1.01842E+02  6.21555E+05 -1.01842E+02
    1.1039E+02  6.21555E+05 -1.01842E+02  6.21555E+05 -1.01842E+02  6.21555E+05 -1.01842E+02
    1.1055E+02  6.21555E+05 -1.01842E+02  6.21555E+05 -1.01842E+02  6.21555E+05 -1.01842E+02
    1.1072E+02  6.21555E+05 -1.01842E+02  6.21555E+05 -1.01842E+02  6.21555E+05 -1.01842E+02
    1.1088E+02  6.21555E+05 -1.01842E+02  6.21555E+05 -1.01842E+02  6.21555E+05 -1.01842E+02
    1.1104E+02  6.21555E+05 -1.01842E+02  6.21555E+05 -1.01842E+02  6.21555E+05 -1.01842E+02
    1.1120E+02  6.21555E+05 -1.01842E+02  6.21555E+05 -1.01842E+02  6.21555E+05 -1.01842E+02
    1.1136E+02  6.21555E+05 -1.01842E+02  6.21555E+05 -1.01842E+02  6.21555E+05 -1.01842E+02
    1.1153E+02  6.21555E+05 -1.01842E+02  6.21555E+05 -1.01842E+02  6.21555E+05 -1.01842E+02
    1.1169E+02  6.21555E+05 -1.01842E+02  6.21555E+05 -1.01842E+02  6.21555E+05 -1.01842E+02
    1.1185E+02  6.21555E+05 -1.01842E+02  6.21555E+05 -1.01842E+02  6.21555E+05 -1.01842E+02
    1.1201E+02  6.21555E+05 -1.01842E+02  6.21555E+05 -1.01842E+02  6.21555E+05 -1.01842E+02
    1.1217E+02  6.21555E+05 -1.01842E+02  6.21555E+05 -1.01842E+02  6.21555E+05 -1.01842E+02
    1.1234E+02  6.21555E+05 -1.01842E+02  6.21555E+05 -1.01842E+02  6.21555E+05 -1.01842E+02
    1.1250E+02  6.21555E+05 -1.01842E+02  6.21555E+05 -1.01842E+02  6.21555E+05 -1.01842E+02
    1.1266E+02  6.21555E+05 -1.01842E+02  6.21555E+05 -1.01842E+02  6.21555E+05 -1.01842E+02
    1.1282E+02  6.21555E+05 -1.01842E+02  6.21555E+05 -1.01842E+02  6.21555E+05 -1.01842E+02
    1.1298E+02  6.21555E+05 -1.01842E+02  6.21555E+05 -1.01842E+02  6.21555E+05 -1.01842E+02
    1.1314E+02  6.21555E+05 -1.01842E+02  6.21555E+05 -1.01842E+02  6.21555E+05 -1.01842E+02
    1.1331E+02  6.21555E+05 -1.01842E+02  6.21555E+05 -1.01842E+02  6.21555E+05 -1.01842E+02
    1.1347E+02  6.21555E+05 -1.01842E+02  6.21555E+05 -1.01842E+02  6.21555E+05 -1.01842E+02
    1.1363E+02  6.21555E+05 -1.01842E+02  6.21555E+05 -1.01842E+02  6.21555E+05 -1.01842E+02
    1.1379E+02  6.21555E+05 -1.01842E+02  6.21555E+05 -1.01842E+02  6.21555E+05 -1.01842E+02
    1.1395E+02  6.21555E+05 -1.01842E+02  6.21555E+05 -1.01842E+02  6.21555E+05 -1.01842E+02
    1.1412E+02  6.21555E+05 -1.01842E+02  6.21555E+05 -1.01842E+02  6.21555E+05 -1.01842E+02
    1.1428E+02  6.21555E+05 -1.01842E+02  6.21555E+05 -1.01842E+02  6.21555E+05 -1.01842E+02
    1.1444E+02  6.21555E+05 -1.01842E+02  6.21555E+05 -1.01842E+02  6.21555E+05 -1.01842E+02
    1.1460E+02  6.21555E+05 -1.01842E+02  6.21555E+05 -1.01842E+02  6.21555E+05 -1.01842E+02
    1.1476E+02  6.21555E+05 -1.01842E+02  6.21555E+05 -1.01842E+02  6.21555E+05 -1.01842E+02
    1.1492E+02  6.21555E+05 -1.01842E+02  6.21555E+05 -1.01842E+02  6.21555E+05 -1.01842E+02
    1.1509E+02  6.21555E+05 -1.01842E+02  6.21555E+05 -1.01842E+02  6.21555E+05 -1.01842E+02
    1.1525E+02  6.21555E+05 -1.01842E+02  6.21555E+05 -1.01842E+02  6.21555E+05 -1.01842E+02
    1.1541E+02  6.21555E+05 -1.01842E+02  6.21555E+05 -1.01842E+02  6.21555E+05 -1.01842E+02
    1.1557E+02  6.21555E+05 -1.01842E+02  6.21555E+05 -1.01842E+02  6.21555E+05 -1.01842E+02
    1.1573E+02  6.21555E+05 -1.01842E+02  6.21555E+05 -1.01842E+02  6.21555E+05 -1.01842E+02
    1.1590E+02  6.21555E+05 -1.01842E+02  6.21555E+05 -1.01842E+02  6.21555E+05 -1.01842E+02
    1.1606E+02  6.21555E+05 -1.01842E+02  6.21555E+05 -1.01842E+02  6.21555E+05 -1.01842E+02
    1.1622E+02  6.21555E+05 -1.01842E+02  6.21555E+05 -1.01842E+02  6.21555E+05 -1.01842E+02
    1.1638E+02  6.21555E+05 -1.01842E+02  6.21555E+05 -1.01842E+02  6.21555E+05 -1.01842E+02
    1.1654E+02  6.21555E+05 -1.01842E+02  6.21555E+05 -1.01842E+02  6.21555E+05 -1.01842E+02
    1.1671E+02  6.21555E+05 -1.01842E+02  6.21555E+05 -1.01842E+02  6.21555E+05 -1.01842E+02
    1.1687E+02  6.21555E+05 -1.01842E+02  6.21555E+05 -1.01842E+02  6.21555E+05 -1.01842E+02
    1.1703E+02  6.21555E+05 -1.01842E+02  6.21555E+05 -1.01842E+02  6.21555E+05 -1.01842E+02
    1.1719E+02  6.21555E+05 -1.01842E+02  6.21555E+05 -1.01842E+02  6.21555E+05 -1.01842E+02
    1.1735E+02  6.21555E+05 -1.01842E+02  6.21555E+05 -1.01842E+02  6.21555E+05 -1.01842E+02
    1.1751E+02  6.21555E+05 -1.01842E+02  6.21555E+05 -1.01842E+02  6.21555E+05 -1.01842E+02
    1.1768E+02  6.21555E+05 -1.01842E+02  6.21555E+05 -1.01842E+02  6.21555E+05 -1.01842E+02
    1.1784E+02  6.21555E+05 -1.01842E+02  6.21555E+05 -1.01842E+02  6.21555E+05 -1.01842E+02
    1.1800E+02  6.21555E+05 -1.01842E+02  6.21555E+05 -1.01842E+02  6.21555E+05 -1.01842E+02
    1.1816E+02  6.21555E+05 -1.01842E+02  6.21555E+05 -1.01842E+02  6.21555E+05 -1.01842E+02
    1.1832E+02  6.21555E+05 -1.01842E+02  6.21555E+05 -1.01842E+02  6.21555E+05 -1.01842E+02
    1.1849E+02  6.21555E+05 -1.01842E+02  6.21555E+05 -1.01842E+02  6.21555E+05 -1.01842E+02
    1.1865E+02  6.21555E+05 -1.01842E+02  6.21555E+05 -1.01842E+02  6.21555E+05 -1.01842E+02
    1.1881E+02  6.21555E+05 -1.01842E+02  6.21555E+05 -1.01842E+02  6.21555E+05 -1.01842E+02
    1.1897E+02  6.21555E+05 -1.01842E+02  6.21555E+05 -1.01842E+02  6.21555E+05 -1.01842E+02
    1.1913E+02  6.21555E+05 -1.01842E+02  6.21555E+05 -1.01842E+02  6.21555E+05 -1.01842E+02
    1.1930E+02  6.21555E+05 -1.01842E+02  6.21555E+05 -1.01842E+02  6.21555E+05 -1.01842E+02
    1.1946E+02  6.21555E+05 -1.01842E+02  6.21555E+05 -1.01842E+02  6.21555E+05 -1.01842E+02
    1.1962E+02  6.21555E+05 -1.01842E+02  6.21555E+05 -1.01842E+02  6.21555E+05 -1.01842E+02
    1.1978E+02  6.21555E+05 -1.01842E+02  6.21555E+05 -1.01842E+02  6.21555E+05 -1.01842E+02
    1.1994E+02  6.21555E+05 -1.01842E+02  6.21555E+05 -1.01842E+02  6.21555E+05 -1.01842E+02
    1.2010E+02  6.21555E+05 -1.01842E+02  6.21555E+05 -1.01842E+02  6.21555E+05 -1.01842E+02
    1.2027E+02  6.21555E+05 -1.01842E+02  6.21555E+05 -1.01842E+02  6.21555E+05 -1.01842E+02
    1.2043E+02  6.21555E+05 -1.01842E+02  6.21555E+05 -1.01842E+02  6.21555E+05 -1.01842E+02
    1.2059E+02  6.21555E+05 -1.01842E+02  6.21555E+05 -1.01842E+02  6.21555E+05 -1.01842E+02
    1.2075E+02  6.21555E+05 -1.01842E+02  6.21555E+05 -1.01842E+02  6.21555E+05 -1.01842E+02
    1.2091E+02  6.21555E+05 -1.01842E+02  6.21555E+05 -1.01842E+02  6.21555E+05 -1.01842E+02
    1.2108E+02  6.21555E+05 -1.01842E+02  6.21555E+05 -1.01842E+02  6.21555E+05 -1.01842E+02
    1.2124E+02  6.21555E+05 -1.01842E+02  6.21555E+05 -1.01842E+02  6.21555E+05 -1.01842E+02
    1.2140E+02  6.21555E+05 -1.01842E+02  6.21555E+05 -1.01842E+02  6.21555E+05 -1.01842E+02
    1.2156E+02  6.21555E+05 -1.01842E+02  6.21555E+05 -1.01842E+02  6.21555E+05 -1.01842E+02
    1.2172E+02  6.21555E+05 -1.01842E+02  6.21555E+05 -1.01842E+02  6.21555E+05 -1.01842E+02
    1.2189E+02  6.21555E+05 -1.01842E+02  6.21555E+05 -1.01842E+02  6.21555E+05 -1.01842E+02
    1.2205E+02  6.21555E+05 -1.01842E+02  6.21555E+05 -1.01842E+02  6.21555E+05 -1.01842E+02
    1.2221E+02  6.21555E+05 -1.01842E+02  6.21555E+05 -1.01842E+02  6.21555E+05 -1.01842E+02
    1.2237E+02  6.21555E+05 -1.01842E+02  6.21555E+05 -1.01842E+02  6.21555E+05 -1.01842E+02
    1.2253E+02  6.21555E+05 -1.01842E+02  6.21555E+05 -1.01842E+02  6.21555E+05 -1.01842E+02
    1.2269E+02  6.21555E+05 -1.01842E+02  6.21555E+05 -1.01842E+02  6.21555E+05 -1.01842E+02
    1.2286E+02  6.21555E+05 -1.01842E+02  6.21555E+05 -1.01842E+02  6.21555E+05 -1.01842E+02
    1.2302E+02  6.21555E+05 -1.01842E+02  6.21555E+05 -1.01842E+02  6.21555E+05 -1.01842E+02
    1.2318E+02  6.21555E+05 -1.01842E+02  6.21555E+05 -1.01842E+02  6.21555E+05 -1.01842E+02
    1.2334E+02  6.21555E+05 -1.01842E+02  6.21555E+05 -1.01842E+02  6.21555E+05 -1.01842E+02
    1.2350E+02  6.21555E+05 -1.01842E+02  6.21555E+05 -1.01842E+02  6.21555E+05 -1.01842E+02
    1.2367E+02  6.21555E+05 -1.01842E+02  6.21555E+05 -1.01842E+02  6.21555E+05 -1.01842E+02
    1.2383E+02  6.21555E+05 -1.01842E+02  6.21555E+05 -1.01842E+02  6.21555E+05 -1.01842E+02
    1.2399E+02  6.21555E+05 -1.01842E+02  6.21555E+05 -1.01842E+02  6.21555E+05 -1.01842E+02
    1.2415E+02  6.21555E+05 -1.01842E+02  6.21555E+05 -1.01842E+02  6.21555E+05 -1.01842E+02
    1.2431E+02  6.21555E+05 -1.01842E+02  6.21555E+05 -1.01842E+02  6.21555E+05 -1.01842E+02
    1.2448E+02  6.21555E+05 -1.01842E+02  6.21555E+05 -1.01842E+02  6.21555E+05 -1.01842E+02
    1.2464E+02  6.21555E+05 -1.01842E+02  6.21555E+05 -1.01842E+02  6.21555E+05 -1.01842E+02
    1.2480E+02  6.21555E+05 -1.01842E+02  6.21555E+05 -1.01842E+02  6.21555E+05 -1.01842E+02
    1.2496E+02  6.21555E+05 -1.01842E+02  6.21555E+05 -1.01842E+02  6.21555E+05 -1.01842E+02
    1.2512E+02  6.21555E+05 -1.01842E+02  6.21555E+05 -1.01842E+02  6.21555E+05 -1.01842E+02
    1.2528E+02  6.21555E+05 -1.01842E+02  6.21555E+05 -1.01842E+02  6.21555E+05 -1.01842E+02
    1.2545E+02  6.21555E+05 -1.01842E+02  6.21555E+05 -1.01842E+02  6.21555E+05 -1.01842E+02
    1.2561E+02  6.21555E+05 -1.01842E+02  6.21555E+05 -1.01842E+02  6.21555E+05 -1.01842E+02
    1.2577E+02  6.21555E+05 -1.01842E+02  6.21555E+05 -1.01842E+02  6.21555E+05 -1.01842E+02
    1.2593E+02  6.21555E+05 -1.01842E+02  6.21555E+05 -1.01842E+02  6.21555E+05 -1.01842E+02
    1.2609E+02  6.21555E+05 -1.01842E+02  6.21555E+05 -1.01842E+02  6.21555E+05 -1.01842E+02
    1.2626E+02  6.21555E+05 -1.01842E+02  6.21555E+05 -1.01842E+02  6.21555E+05 -1.01842E+02
    1.2642E+02  6.21555E+05 -1.01842E+02  6.21555E+05 -1.01842E+02  6.21555E+05 -1.01842E+02
    1.2658E+02  6.21555E+05 -1.01842E+02  6.21555E+05 -1.01842E+02  6.21555E+05 -1.01842E+02
    1.2674E+02  6.21555E+05 -1.01842E+02  6.21555E+05 -1.01842E+02  6.21555E+05 -1.01842E+02
    1.2690E+02  6.21555E+05 -1.01842E+02  6.21555E+05 -1.01842E+02  6.21555E+05 -1.01842E+02
    1.2706E+02  6.21555E+05 -1.01842E+02  6.21555E+05 -1.01842E+02  6.21555E+05 -1.01842E+02
    1.2723E+02  6.21555E+05 -1.01842E+02  6.21555E+05 -1.01842E+02  6.21555E+05 -1.01842E+02
    1.2739E+02  6.21555E+05 -1.01842E+02  6.21555E+05 -1.01842E+02  6.21555E+05 -1.01842E+02
    1.2755E+02  6.21555E+05 -1.01842E+02  6.21555E+05 -1.01842E+02  6.21555E+05 -1.01842E+02
    1.2771E+02  6.21555E+05 -1.01842E+02  6.21555E+05 -1.01842E+02  6.21555E+05 -1.01842E+02
    1.2787E+02  6.21555E+05 -1.01842E+02  6.21555E+05 -1.01842E+02  6.21555E+05 -1.01842E+02
    1.2804E+02  6.21555E+05 -1.01842E+02  6.21555E+05 -1.01842E+02  6.21555E+05 -1.01842E+02
    1.2820E+02  6.21555E+05 -1.01842E+02  6.21555E+05 -1.01842E+02  6.21555E+05 -1.01842E+02
    1.2836E+02  6.21555E+05 -1.01842E+02  6.21555E+05 -1.01842E+02  6.21555E+05 -1.01842E+02
    1.2852E+02  6.21555E+05 -1.01842E+02  6.21555E+05 -1.01842E+02  6.21555E+05 -1.01842E+02
    1.2868E+02  6.21555E+05 -1.01842E+02  6.21555E+05 -1.01842E+02  6.21555E+05 -1.01842E+02
    1.2885E+02  6.21555E+05 -1.01842E+02  6.21555E+05 -1.01842E+02  6.21555E+05 -1.01842E+02
    1.2901E+02  6.21555E+05 -1.01842E+02  6.21555E+05 -1.01842E+02  6.21555E+05 -1.01842E+02
    1.2917E+02  6.21555E+05 -1.01842E+02  6.21555E+05 -1.01842E+02  6.21555E+05 -1.01842E+02
    1.2933E+02  6.21555E+05 -1.01842E+02  6.21555E+05 -1.01842E+02  6.21555E+05 -1.01842E+02
    1.2949E+02  6.21555E+05 -1.01842E+02  6.21555E+05 -1.01842E+02  6.21555E+05 -1.01842E+02
    1.2965E+02  6.21555E+05 -1.01842E+02  6.21555E+05 -1.01842E+02  6.21555E+05 -1.01842E+02
    1.2982E+02  6.21555E+05 -1.01842E+02  6.21555E+05 -1.01842E+02  6.21555E+05 -1.01842E+02
    1.2998E+02  6.21555E+05 -1.01842E+02  6.21555E+05 -1.01842E+02  6.21555E+05 -1.01842E+02
    1.3014E+02  6.21555E+05 -1.01842E+02  6.21555E+05 -1.01842E+02  6.21555E+05 -1.01842E+02
    1.3030E+02  6.21555E+05 -1.01842E+02  6.21555E+05 -1.01842E+02  6.21555E+05 -1.01842E+02
    1.3046E+02  6.21555E+05 -1.01842E+02  6.21555E+05 -1.01842E+02  6.21555E+05 -1.01842E+02
    1.3063E+02  6.21555E+05 -1.01842E+02  6.21555E+05 -1.01842E+02  6.21555E+05 -1.01842E+02
    1.3079E+02  6.21555E+05 -1.01842E+02  6.21555E+05 -1.01842E+02  6.21555E+05 -1.01842E+02
    1.3095E+02  6.21555E+05 -1.01842E+02  6.21555E+05 -1.01842E+02  6.21555E+05 -1.01842E+02
    1.3111E+02  6.21555E+05 -1.01842E+02  6.21555E+05 -1.01842E+02  6.21555E+05 -1.01842E+02
    1.3127E+02  6.21555E+05 -1.01842E+02  6.21555E+05 -1.01842E+02  6.21555E+05 -1.01842E+02
    1.3144E+02  6.21555E+05 -1.01842E+02  6.21555E+05 -1.01842E+02  6.21555E+05 -1.01842E+02
    1.3160E+02  6.21555E+05 -1.01842E+02  6.21555E+05 -1.01842E+02  6.21555E+05 -1.01842E+02
    1.3176E+02  6.21555E+05 -1.01842E+02  6.21555E+05 -1.01842E+02  6.21555E+05 -1.01842E+02
    1.3192E+02  6.21555E+05 -1.01842E+02  6.21555E+05 -1.01842E+02  6.21555E+05 -1.01842E+02
    1.3208E+02  6.21555E+05 -1.01842E+02  6.21555E+05 -1.01842E+02  6.21555E+05 -1.01842E+02
    1.3224E+02  6.21555E+05 -1.01842E+02  6.21555E+05 -1.01842E+02  6.21555E+05 -1.01842E+02
    1.3241E+02  6.21555E+05 -1.01842E+02  6.21555E+05 -1.01842E+02  6.21555E+05 -1.01842E+02
    1.3257E+02  6.21555E+05 -1.01842E+02  6.21555E+05 -1.01842E+02  6.21555E+05 -1.01842E+02
    1.3273E+02  6.21555E+05 -1.01842E+02  6.21555E+05 -1.01842E+02  6.21555E+05 -1.01842E+02
    1.3289E+02  6.21555E+05 -1.01842E+02  6.21555E+05 -1.01842E+02  6.21555E+05 -1.01842E+02
    1.3305E+02  6.21555E+05 -1.01842E+02  6.21555E+05 -1.01842E+02  6.21555E+05 -1.01842E+02
    1.3322E+02  6.21555E+05 -1.01842E+02  6.21555E+05 -1.01842E+02  6.21555E+05 -1.01842E+02
    1.3338E+02  6.21555E+05 -1.01842E+02  6.21555E+05 -1.01842E+02  6.21555E+05 -1.01842E+02
    1.3354E+02  6.21555E+05 -1.01842E+02  6.21555E+05 -1.01842E+02  6.21555E+05 -1.01842E+02
    1.3370E+02  6.21555E+05 -1.01842E+02  6.21555E+05 -1.01842E+02  6.21555E+05 -1.01842E+02
    1.3386E+02  6.21555E+05 -1.01842E+02  6.21555E+05 -1.01842E+02  6.21555E+05 -1.01842E+02
    1.3403E+02  6.21555E+05 -1.01842E+02  6.21555E+05 -1.01842E+02  6.21555E+05 -1.01842E+02
    1.3419E+02  6.21555E+05 -1.01842E+02  6.21555E+05 -1.01842E+02  6.21555E+05 -1.01842E+02
    1.3435E+02  6.21555E+05 -1.01842E+02  6.21555E+05 -1.01842E+02  6.21555E+05 -1.01842E+02
    1.3451E+02  6.21555E+05 -1.01842E+02  6.21555E+05 -1.01842E+02  6.21555E+05 -1.01842E+02
    1.3467E+02  6.21555E+05 -1.01842E+02  6.21555E+05 -1.01842E+02  6.21555E+05 -1.01842E+02
    1.3483E+02  6.21555E+05 -1.01842E+02  6.21555E+05 -1.01842E+02  6.21555E+05 -1.01842E+02
    1.3500E+02  6.21555E+05 -1.01842E+02  6.21555E+05 -1.01842E+02  6.21555E+05 -1.01842E+02
    1.3516E+02  6.21555E+05 -1.01842E+02  6.21555E+05 -1.01842E+02  6.21555E+05 -1.01842E+02
    1.3532E+02  6.21555E+05 -1.01842E+02  6.21555E+05 -1.01842E+02  6.21555E+05 -1.01842E+02
    1.3548E+02  6.21555E+05 -1.01842E+02  6.21555E+05 -1.01842E+02  6.21555E+05 -1.01842E+02
    1.3564E+02  6.21555E+05 -1.01842E+02  6.21555E+05 -1.01842E+02  6.21555E+05 -1.01842E+02
    1.3581E+02  6.21555E+05 -1.01842E+02  6.21555E+05 -1.01842E+02  6.21555E+05 -1.01842E+02
    1.3597E+02  6.21555E+05 -1.01842E+02  6.21555E+05 -1.01842E+02  6.21555E+05 -1.01842E+02
    1.3613E+02  6.21555E+05 -1.01842E+02  6.21555E+05 -1.01842E+02  6.21555E+05 -1.01842E+02
    1.3629E+02  6.21555E+05 -1.01842E+02  6.21555E+05 -1.01842E+02  6.21555E+05 -1.01842E+02
    1.3645E+02  6.21555E+05 -1.01842E+02  6.21555E+05 -1.01842E+02  6.21555E+05 -1.01842E+02
    1.3662E+02  6.21555E+05 -1.01842E+02  6.21555E+05 -1.01842E+02  6.21555E+05 -1.01842E+02
    1.3678E+02  6.21555E+05 -1.01842E+02  6.21555E+05 -1.01842E+02  6.21555E+05 -1.01842E+02
    1.3694E+02  6.21555E+05 -1.01842E+02  6.21555E+05 -1.01842E+02  6.21555E+05 -1.01842E+02
    1.3710E+02  6.21555E+05 -1.01842E+02  6.21555E+05 -1.01842E+02  6.21555E+05 -1.01842E+02
    1.3726E+02  6.21555E+05 -1.01842E+02  6.21555E+05 -1.01842E+02  6.21555E+05 -1.01842E+02
    1.3742E+02  6.21555E+05 -1.01842E+02  6.21555E+05 -1.01842E+02  6.21555E+05 -1.01842E+02
    1.3759E+02  6.21555E+05 -1.01842E+02  6.21555E+05 -1.01842E+02  6.21555E+05 -1.01842E+02
    1.3775E+02  6.21555E+05 -1.01842E+02  6.21555E+05 -1.01842E+02  6.21555E+05 -1.01842E+02
    1.3791E+02  6.21555E+05 -1.01842E+02  6.21555E+05 -1.01842E+02  6.21555E+05 -1.01842E+02
    1.3807E+02  6.21555E+05 -1.01842E+02  6.21555E+05 -1.01842E+02  6.21555E+05 -1.01842E+02
    1.3823E+02  6.21555E+05 -1.01842E+02  6.21555E+05 -1.01842E+02  6.21555E+05 -1.01842E+02
    1.3840E+02  6.21555E+05 -1.01842E+02  6.21555E+05 -1.01842E+02  6.21555E+05 -1.01842E+02
    1.3856E+02  6.21555E+05 -1.01842E+02  6.21555E+05 -1.01842E+02  6.21555E+05 -1.01842E+02
    1.3872E+02  6.21555E+05 -1.01842E+02  6.21555E+05 -1.01842E+02  6.21555E+05 -1.01842E+02
    1.3888E+02  6.21555E+05 -1.01842E+02  6.21555E+05 -1.01842E+02  6.21555E+05 -1.01842E+02
    1.3904E+02  6.21555E+05 -1.01842E+02  6.21555E+05 -1.01842E+02  6.21555E+05 -1.01842E+02
    1.3920E+02  6.21555E+05 -1.01842E+02  6.21555E+05 -1.01842E+02  6.21555E+05 -1.01842E+02
    1.3937E+02  6.21555E+05 -1.01842E+02  6.21555E+05 -1.01842E+02  6.21555E+05 -1.01842E+02
    1.3953E+02  6.21555E+05 -1.01842E+02  6.21555E+05 -1.01842E+02  6.21555E+05 -1.01842E+02
    1.3969E+02  6.21555E+05 -1.01842E+02  6.21555E+05 -1.01842E+02  6.21555E+05 -1.01842E+02
    1.3985E+02  6.21555E+05 -1.01842E+02  6.21555E+05 -1.01842E+02  6.21555E+05 -1.01842E+02
    1.4001E+02  6.21555E+05 -1.01842E+02  6.21555E+05 -1.01842E+02  6.21555E+05 -1.01842E+02
    1.4018E+02  6.21555E+05 -1.01842E+02  6.21555E+05 -1.01842E+02  6.21555E+05 -1.01842E+02
    1.4034E+02  6.21555E+05 -1.01842E+02  6.21555E+05 -1.01842E+02  6.21555E+05 -1.01842E+02
    1.4050E+02  6.21555E+05 -1.01842E+02  6.21555E+05 -1.01842E+02  6.21555E+05 -1.01842E+02
    1.4066E+02  6.21555E+05 -1.01842E+02  6.21555E+05 -1.01842E+02  6.21555E+05 -1.01842E+02
    1.4082E+02  6.21555E+05 -1.01842E+02  6.21555E+05 -1.01842E+02  6.21555E+05 -1.01842E+02
    1.4099E+02  6.21555E+05 -1.01842E+02  6.21555E+05 -1.01842E+02  6.21555E+05 -1.01842E+02
    1.4115E+02  6.21555E+05 -1.01842E+02  6.21555E+05 -1.01842E+02  6.21555E+05 -1.01842E+02
    1.4131E+02  6.21555E+05 -1.01842E+02  6.21555E+05 -1.01842E+02  6.21555E+05 -1.01842E+02
    1.4147E+02  6.21555E+05 -1.01842E+02  6.21555E+05 -1.01842E+02  6.21555E+05 -1.01842E+02
    1.4163E+02  6.21555E+05 -1.01842E+02  6.21555E+05 -1.01842E+02  6.21555E+05 -1.01842E+02
    1.4179E+02  6.21555E+05 -1.01842E+02  6.21555E+05 -1.01842E+02  6.21555E+05 -1.01842E+02
    1.4196E+02  6.21555E+05 -1.01842E+02  6.21555E+05 -1.01842E+02  6.21555E+05 -1.01842E+02
    1.4212E+02  6.21555E+05 -1.01842E+02  6.21555E+05 -1.01842E+02  6.21555E+05 -1.01842E+02
    1.4228E+02  6.21555E+05 -1.01842E+02  6.21555E+05 -1.01842E+02  6.21555E+05 -1.01842E+02
    1.4244E+02  6.21555E+05 -1.01842E+02  6.21555E+05 -1.01842E+02  6.21555E+05 -1.01842E+02
    1.4260E+02  6.21555E+05 -1.01842E+02  6.21555E+05 -1.01842E+02  6.21555E+05 -1.01842E+02
    1.4277E+02  6.21555E+05 -1.01842E+02  6.21555E+05 -1.01842E+02  6.21555E+05 -1.01842E+02
    1.4293E+02  6.21555E+05 -1.01842E+02  6.21555E+05 -1.01842E+02  6.21555E+05 -1.01842E+02
    1.4309E+02  6.21555E+05 -1.01842E+02  6.21555E+05 -1.01842E+02  6.21555E+05 -1.01842E+02
    1.4325E+02  6.21555E+05 -1.01842E+02  6.21555E+05 -1.01842E+02  6.21555E+05 -1.01842E+02
    1.4341E+02  6.21555E+05 -1.01842E+02  6.21555E+05 -1.01842E+02  6.21555E+05 -1.01842E+02
    1.4358E+02  6.21555E+05 -1.01842E+02  6.21555E+05 -1.01842E+02  6.21555E+05 -1.01842E+02
    1.4374E+02  6.21555E+05 -1.01842E+02  6.21555E+05 -1.01842E+02  6.21555E+05 -1.01842E+02
    1.4390E+02  6.21555E+05 -1.01842E+02  6.21555E+05 -1.01842E+02  6.21555E+05 -1.01842E+02
    1.4406E+02  6.21555E+05 -1.01842E+02  6.21555E+05 -1.01842E+02  6.21555E+05 -1.01842E+02
    1.4422E+02  6.21555E+05 -1.01842E+02  6.21555E+05 -1.01842E+02  6.21555E+05 -1.01842E+02
    1.4438E+02  6.21555E+05 -1.01842E+02  6.21555E+05 -1.01842E+02  6.21555E+05 -1.01842E+02
    1.4455E+02  6.21555E+05 -1.01842E+02  6.21555E+05 -1.01842E+02  6.21555E+05 -1.01842E+02
    1.4471E+02  6.21555E+05 -1.01842E+02  6.21555E+05 -1.01842E+02  6.21555E+05 -1.01842E+02
    1.4487E+02  6.21555E+05 -1.01842E+02  6.21555E+05 -1.01842E+02  6.21555E+05 -1.01842E+02
    1.4503E+02  6.21555E+05 -1.01842E+02  6.21555E+05 -1.01842E+02  6.21555E+05 -1.01842E+02
    1.4519E+02  6.21555E+05 -1.01842E+02  6.21555E+05 -1.01842E+02  6.21555E+05 -1.01842E+02
    1.4536E+02  6.21555E+05 -1.01842E+02  6.21555E+05 -1.01842E+02  6.21555E+05 -1.01842E+02
    1.4552E+02  6.21555E+05 -1.01842E+02  6.21555E+05 -1.01842E+02  6.21555E+05 -1.01842E+02
    1.4568E+02  6.21555E+05 -1.01842E+02  6.21555E+05 -1.01842E+02  6.21555E+05 -1.01842E+02
    1.4584E+02  6.21555E+05 -1.01842E+02  6.21555E+05 -1.01842E+02  6.21555E+05 -1.01842E+02
    1.4600E+02  6.21555E+05 -1.01842E+02  6.21555E+05 -1.01842E+02  6.21555E+05 -1.01842E+02
    1.4617E+02  6.21555E+05 -1.01842E+02  6.21555E+05 -1.01842E+02  6.21555E+05 -1.01842E+02
    1.4633E+02  6.21555E+05 -1.01842E+02  6.21555E+05 -1.01842E+02  6.21555E+05 -1.01842E+02
    1.4649E+02  6.21555E+05 -1.01842E+02  6.21555E+05 -1.01842E+02  6.21555E+05 -1.01842E+02
    1.4665E+02  6.21555E+05 -1.01842E+02  6.21555E+05 -1.01842E+02  6.21555E+05 -1.01842E+02
    1.4681E+02  6.21555E+05 -1.01842E+02  6.21555E+05 -1.01842E+02  6.21555E+05 -1.01842E+02
    1.4697E+02  6.21555E+05 -1.01842E+02  6.21555E+05 -1.01842E+02  6.21555E+05 -1.01842E+02
    1.4714E+02  6.21555E+05 -1.01842E+02  6.21555E+05 -1.01842E+02  6.21555E+05 -1.01842E+02
    1.4730E+02  6.21555E+05 -1.01842E+02  6.21555E+05 -1.01842E+02  6.21555E+05 -1.01842E+02
    1.4746E+02  6.21555E+05 -1.01842E+02  6.21555E+05 -1.01842E+02  6.21555E+05 -1.01842E+02
    1.4762E+02  6.21555E+05 -1.01842E+02  6.21555E+05 -1.01842E+02  6.21555E+05 -1.01842E+02
    1.4778E+02  6.21555E+05 -1.01842E+02  6.21555E+05 -1.01842E+02  6.21555E+05 -1.01842E+02
    1.4795E+02  6.21555E+05 -1.01842E+02  6.21555E+05 -1.01842E+02  6.21555E+05 -1.01842E+02
    1.4811E+02  6.21555E+05 -1.01842E+02  6.21555E+05 -1.01842E+02  6.21555E+05 -1.01842E+02
    1.4827E+02  6.21555E+05 -1.01842E+02  6.21555E+05 -1.01842E+02  6.21555E+05 -1.01842E+02
    1.4843E+02  6.21555E+05 -1.01842E+02  6.21555E+05 -1.01842E+02  6.21555E+05 -1.01842E+02
    1.4859E+02  6.21555E+05 -1.01842E+02  6.21555E+05 -1.01842E+02  6.21555E+05 -1.01842E+02
    1.4876E+02  6.21555E+05 -1.01842E+02  6.21555E+05 -1.01842E+02  6.21555E+05 -1.01842E+02
    1.4892E+02  6.21555E+05 -1.01842E+02  6.21555E+05 -1.01842E+02  6.21555E+05 -1.01842E+02
    1.4908E+02  6.21555E+05 -1.01842E+02  6.21555E+05 -1.01842E+02  6.21555E+05 -1.01842E+02
    1.4924E+02  6.21555E+05 -1.01842E+02  6.21555E+05 -1.01842E+02  6.21555E+05 -1.01842E+02
    1.4940E+02  6.21555E+05 -1.01842E+02  6.21555E+05 -1.01842E+02  6.21555E+05 -1.01842E+02
    1.4956E+02  6.21555E+05 -1.01842E+02  6.21555E+05 -1.01842E+02  6.21555E+05 -1.01842E+02
    1.4973E+02  6.21555E+05 -1.01842E+02  6.21555E+05 -1.01842E+02  6.21555E+05 -1.01842E+02
    1.4989E+02  6.21555E+05 -1.01842E+02  6.21555E+05 -1.01842E+02  6.21555E+05 -1.01842E+02
    1.5005E+02  6.21555E+05 -1.01842E+02  6.21555E+05 -1.01842E+02  6.21555E+05 -1.01842E+02
    1.5021E+02  6.21555E+05 -1.01842E+02  6.21555E+05 -1.01842E+02  6.21555E+05 -1.01842E+02
    1.5037E+02  6.21555E+05 -1.01842E+02  6.21555E+05 -1.01842E+02  6.21555E+05 -1.01842E+02
    1.5054E+02  6.21555E+05 -1.01842E+02  6.21555E+05 -1.01842E+02  6.21555E+05 -1.01842E+02
    1.5070E+02  6.21555E+05 -1.01842E+02  6.21555E+05 -1.01842E+02  6.21555E+05 -1.01842E+02
    1.5086E+02  6.21555E+05 -1.01842E+02  6.21555E+05 -1.01842E+02  6.21555E+05 -1.01842E+02
    1.5102E+02  6.21555E+05 -1.01842E+02  6.21555E+05 -1.01842E+02  6.21555E+05 -1.01842E+02
    1.5118E+02  6.21555E+05 -1.01842E+02  6.21555E+05 -1.01842E+02  6.21555E+05 -1.01842E+02
    1.5134E+02  6.21555E+05 -1.01842E+02  6.21555E+05 -1.01842E+02  6.21555E+05 -1.01842E+02
    1.5151E+02  6.21555E+05 -1.01842E+02  6.21555E+05 -1.01842E+02  6.21555E+05 -1.01842E+02
    1.5167E+02  6.21555E+05 -1.01842E+02  6.21555E+05 -1.01842E+02  6.21555E+05 -1.01842E+02
    1.5183E+02  6.21555E+05 -1.01842E+02  6.21555E+05 -1.01842E+02  6.21555E+05 -1.01842E+02
    1.5199E+02  6.21555E+05 -1.01842E+02  6.21555E+05 -1.01842E+02  6.21555E+05 -1.01842E+02
    1.5215E+02  6.21555E+05 -1.01842E+02  6.21555E+05 -1.01842E+02  6.21555E+05 -1.01842E+02
    1.5232E+02  6.21555E+05 -1.01842E+02  6.21555E+05 -1.01842E+02  6.21555E+05 -1.01842E+02
    1.5248E+02  6.21555E+05 -1.01842E+02  6.21555E+05 -1.01842E+02  6.21555E+05 -1.01842E+02
    1.5264E+02  6.21555E+05 -1.01842E+02  6.21555E+05 -1.01842E+02  6.21555E+05 -1.01842E+02
    1.5280E+02  6.21555E+05 -1.01842E+02  6.21555E+05 -1.01842E+02  6.21555E+05 -1.01842E+02
    1.5296E+02  6.21555E+05 -1.01842E+02  6.21555E+05 -1.01842E+02  6.21555E+05 -1.01842E+02
    1.5313E+02  6.21555E+05 -1.01842E+02  6.21555E+05 -1.01842E+02  6.21555E+05 -1.01842E+02
    1.5329E+02  6.21555E+05 -1.01842E+02  6.21555E+05 -1.01842E+02  6.21555E+05 -1.01842E+02
    1.5345E+02  6.21555E+05 -1.01842E+02  6.21555E+05 -1.01842E+02  6.21555E+05 -1.01842E+02
    1.5361E+02  6.21555E+05 -1.01842E+02  6.21555E+05 -1.01842E+02  6.21555E+05 -1.01842E+02
    1.5377E+02  6.21555E+05 -1.01842E+02  6.21555E+05 -1.01842E+02  6.21555E+05 -1.01842E+02
    1.5393E+02  6.21555E+05 -1.01842E+02  6.21555E+05 -1.01842E+02  6.21555E+05 -1.01842E+02
    1.5410E+02  6.21555E+05 -1.01842E+02  6.21555E+05 -1.01842E+02  6.21555E+05 -1.01842E+02
    1.5426E+02  6.21555E+05 -1.01842E+02  6.21555E+05 -1.01842E+02  6.21555E+05 -1.01842E+02
    1.5442E+02  6.21555E+05 -1.01842E+02  6.21555E+05 -1.01842E+02  6.21555E+05 -1.01842E+02
    1.5458E+02  6.21555E+05 -1.01842E+02  6.21555E+05 -1.01842E+02  6.21555E+05 -1.01842E+02
    1.5474E+02  6.21555E+05 -1.01842E+02  6.21555E+05 -1.01842E+02  6.21555E+05 -1.01842E+02
    1.5491E+02  6.21555E+05 -1.01842E+02  6.21555E+05 -1.01842E+02  6.21555E+05 -1.01842E+02
    1.5507E+02  6.21555E+05 -1.01842E+02  6.21555E+05 -1.01842E+02  6.21555E+05 -1.01842E+02
    1.5523E+02  6.21555E+05 -1.01842E+02  6.21555E+05 -1.01842E+02  6.21555E+05 -1.01842E+02
    1.5539E+02  6.21555E+05 -1.01842E+02  6.21555E+05 -1.01842E+02  6.21555E+05 -1.01842E+02
    1.5555E+02  6.21555E+05 -1.01842E+02  6.21555E+05 -1.01842E+02  6.21555E+05 -1.01842E+02
    1.5572E+02  6.21555E+05 -1.01842E+02  6.21555E+05 -1.01842E+02  6.21555E+05 -1.01842E+02
    1.5588E+02  6.21555E+05 -1.01842E+02  6.21555E+05 -1.01842E+02  6.21555E+05 -1.01842E+02
    1.5604E+02  6.21555E+05 -1.01842E+02  6.21555E+05 -1.01842E+02  6.21555E+05 -1.01842E+02
    1.5620E+02  6.21555E+05 -1.01842E+02  6.21555E+05 -1.01842E+02  6.21555E+05 -1.01842E+02
    1.5636E+02  6.21555E+05 -1.01842E+02  6.21555E+05 -1.01842E+02  6.21555E+05 -1.01842E+02
    1.5652E+02  6.21555E+05 -1.01842E+02  6.21555E+05 -1.01842E+02  6.21555E+05 -1.01842E+02
    1.5669E+02  6.21555E+05 -1.01842E+02  6.21555E+05 -1.01842E+02  6.21555E+05 -1.01842E+02
    1.5685E+02  6.21555E+05 -1.01842E+02  6.21555E+05 -1.01842E+02  6.21555E+05 -1.01842E+02
    1.5701E+02  6.21555E+05 -1.01842E+02  6.21555E+05 -1.01842E+02  6.21555E+05 -1.01842E+02
    1.5717E+02  6.21555E+05 -1.01842E+02  6.21555E+05 -1.01842E+02  6.21555E+05 -1.01842E+02
    1.5733E+02  6.21555E+05 -1.01842E+02  6.21555E+05 -1.01842E+02  6.21555E+05 -1.01842E+02
    1.5750E+02  6.21555E+05 -1.01842E+02  6.21555E+05 -1.01842E+02  6.21555E+05 -1.01842E+02
    1.5766E+02  6.21555E+05 -1.01842E+02  6.21555E+05 -1.01842E+02  6.21555E+05 -1.01842E+02
    1.5782E+02  6.21555E+05 -1.01842E+02  6.21555E+05 -1.01842E+02  6.21555E+05 -1.01842E+02
    1.5798E+02  6.21555E+05 -1.01842E+02  6.21555E+05 -1.01842E+02  6.21555E+05 -1.01842E+02
    1.5814E+02  6.21555E+05 -1.01842E+02  6.21555E+05 -1.01842E+02  6.21555E+05 -1.01842E+02
    1.5831E+02  6.21555E+05 -1.01842E+02  6.21555E+05 -1.01842E+02  6.21555E+05 -1.01842E+02
    1.5847E+02  6.21555E+05 -1.01842E+02  6.21555E+05 -1.01842E+02  6.21555E+05 -1.01842E+02
    1.5863E+02  6.21555E+05 -1.01842E+02  6.21555E+05 -1.01842E+02  6.21555E+05 -1.01842E+02
    1.5879E+02  6.21555E+05 -1.01842E+02  6.21555E+05 -1.01842E+02  6.21555E+05 -1.01842E+02
    1.5895E+02  6.21555E+05 -1.01842E+02  6.21555E+05 -1.01842E+02  6.21555E+05 -1.01842E+02
    1.5911E+02  6.21555E+05 -1.01842E+02  6.21555E+05 -1.01842E+02  6.21555E+05 -1.01842E+02
    1.5928E+02  6.21555E+05 -1.01842E+02  6.21555E+05 -1.01842E+02  6.21555E+05 -1.01842E+02
    1.5944E+02  6.21555E+05 -1.01842E+02  6.21555E+05 -1.01842E+02  6.21555E+05 -1.01842E+02
    1.5960E+02  6.21555E+05 -1.01842E+02  6.21555E+05 -1.01842E+02  6.21555E+05 -1.01842E+02
    1.5976E+02  6.21555E+05 -1.01842E+02  6.21555E+05 -1.01842E+02  6.21555E+05 -1.01842E+02
    1.5992E+02  6.21555E+05 -1.01842E+02  6.21555E+05 -1.01842E+02  6.21555E+05 -1.01842E+02
    1.6009E+02  6.21555E+05 -1.01842E+02  6.21555E+05 -1.01842E+02  6.21555E+05 -1.01842E+02
    1.6025E+02  6.21555E+05 -1.01842E+02  6.21555E+05 -1.01842E+02  6.21555E+05 -1.01842E+02
    1.6041E+02  6.21555E+05 -1.01842E+02  6.21555E+05 -1.01842E+02  6.21555E+05 -1.01842E+02
    1.6057E+02  6.21555E+05 -1.01842E+02  6.21555E+05 -1.01842E+02  6.21555E+05 -1.01842E+02
    1.6073E+02  6.21555E+05 -1.01842E+02  6.21555E+05 -1.01842E+02  6.21555E+05 -1.01842E+02
    1.6089E+02  6.21555E+05 -1.01842E+02  6.21555E+05 -1.01842E+02  6.21555E+05 -1.01842E+02
    1.6106E+02  6.21555E+05 -1.01842E+02  6.21555E+05 -1.01842E+02  6.21555E+05 -1.01842E+02
    1.6122E+02  6.21555E+05 -1.01842E+02  6.21555E+05 -1.01842E+02  6.21555E+05 -1.01842E+02
    1.6138E+02  6.21555E+05 -1.01842E+02  6.21555E+05 -1.01842E+02  6.21555E+05 -1.01842E+02
    1.6154E+02  6.21555E+05 -1.01842E+02  6.21555E+05 -1.01842E+02  6.21555E+05 -1.01842E+02
    1.6170E+02  7.53632E+05 -1.01846E+02  7.53632E+05 -1.01846E+02  7.53632E+05 -1.01846E+02
