    0.0000E+00  0.00000E+00  0.00000E+00  0.00000E+00  0.00000E+00
    1.6187E-01  0.00000E+00  0.00000E+00  0.00000E+00  0.00000E+00
    3.2373E-01  0.00000E+00  0.00000E+00  0.00000E+00  0.00000E+00
    4.8560E-01 -2.38856E-01 -1.30917E-01  0.00000E+00  0.00000E+00
    6.4746E-01 -2.38856E-01 -1.30917E-01  0.00000E+00  0.00000E+00
    8.0933E-01 -2.38856E-01 -1.30917E-01  0.00000E+00  0.00000E+00
    9.7120E-01 -2.38856E-01 -1.30917E-01  0.00000E+00  0.00000E+00
    1.1331E+00 -2.38856E-01 -1.30917E-01  0.00000E+00  0.00000E+00
    1.2949E+00 -2.38856E-01 -1.30917E-01  0.00000E+00  0.00000E+00
    1.4568E+00 -2.38856E-01 -1.30917E-01  0.00000E+00  0.00000E+00
    1.6187E+00 -2.38856E-01 -1.30917E-01  0.00000E+00  0.00000E+00
    1.7805E+00 -2.38856E-01 -1.30917E-01  0.00000E+00  0.00000E+00
    1.9424E+00 -2.38856E-01 -1.30917E-01  0.00000E+00  0.00000E+00
    2.1043E+00 -2.38856E-01 -1.30917E-01  0.00000E+00  0.00000E+00
    2.2661E+00 -2.38856E-01 -1.30917E-01  0.00000E+00  0.00000E+00
    2.4280E+00 -2.38856E-01 -1.30917E-01  0.00000E+00  0.00000E+00
    2.5899E+00 -2.38856E-01 -1.30917E-01  0.00000E+00  0.00000E+00
    2.7517E+00 -2.38856E-01 -1.30917E-01  0.00000E+00  0.00000E+00
    2.9136E+00 -2.38856E-01 -1.30917E-01  0.00000E+00  0.00000E+00
    3.0755E+00 -2.38856E-01 -1.30917E-01  0.00000E+00  0.00000E+00
    3.2373E+00 -2.38856E-01 -1.30917E-01  0.00000E+00  0.00000E+00
    3.3992E+00 -3.48490E-01 -1.30917E-01  0.00000E+00  0.00000E+00
    3.5611E+00 -3.48490E-01 -1.30917E-01  0.00000E+00  0.00000E+00
    3.7229E+00 -3.48490E-01 -1.30917E-01  0.00000E+00  0.00000E+00
    3.8848E+00 -6.67371E-01 -4.49797E-01  0.00000E+00  0.00000E+00
    4.0467E+00 -6.67371E-01 -4.49797E-01  0.00000E+00  0.00000E+00
    4.2085E+00 -8.62576E-01 -6.45003E-01  0.00000E+00  0.00000E+00
    4.3704E+00 -8.62576E-01 -6.45003E-01  0.00000E+00  0.00000E+00
    4.5323E+00 -8.62576E-01 -6.45003E-01  0.00000E+00  0.00000E+00
    4.6941E+00 -8.62576E-01 -6.45003E-01  0.00000E+00  0.00000E+00
    4.8560E+00 -8.62576E-01 -6.45003E-01  0.00000E+00  0.00000E+00
    5.0179E+00 -8.62576E-01 -6.45003E-01  0.00000E+00  0.00000E+00
    5.1797E+00 -8.62576E-01 -6.45003E-01  0.00000E+00  0.00000E+00
    5.3416E+00 -8.95988E-01 -6.45003E-01  0.00000E+00  0.00000E+00
    5.5035E+00 -1.04491E+00 -6.45003E-01  0.00000E+00  0.00000E+00
    5.6653E+00 -1.04491E+00 -6.45003E-01  0.00000E+00  0.00000E+00
    5.8272E+00 -1.04491E+00 -6.45003E-01  0.00000E+00  0.00000E+00
    5.9890E+00 -1.06434E+00 -6.45003E-01  0.00000E+00  0.00000E+00
    6.1509E+00 -1.13315E+00 -6.45003E-01  0.00000E+00  0.00000E+00
    6.3128E+00 -1.13813E+00 -6.45003E-01  0.00000E+00  0.00000E+00
    6.4746E+00 -1.13923E+00 -6.45003E-01  0.00000E+00  0.00000E+00
    6.6365E+00 -1.15807E+00 -6.45003E-01  0.00000E+00  0.00000E+00
    6.7984E+00 -1.15856E+00 -6.45003E-01  0.00000E+00  0.00000E+00
    6.9602E+00 -1.15856E+00 -6.45003E-01  0.00000E+00  0.00000E+00
    7.1221E+00 -1.15990E+00 -6.45003E-01  0.00000E+00  0.00000E+00
    7.2840E+00 -1.15992E+00 -6.45003E-01  0.00000E+00  0.00000E+00
    7.4458E+00 -1.15994E+00 -6.45003E-01  0.00000E+00  0.00000E+00
    7.6077E+00 -1.17047E+00 -6.45003E-01  0.00000E+00  0.00000E+00
    7.7696E+00 -1.17078E+00 -6.45003E-01  0.00000E+00  0.00000E+00
    7.9314E+00 -1.17078E+00 -6.45003E-01  0.00000E+00  0.00000E+00
    8.0933E+00 -1.17080E+00 -6.45003E-01  0.00000E+00  0.00000E+00
    8.2552E+00 -1.17081E+00 -6.45003E-01  0.00000E+00  0.00000E+00
    8.4170E+00 -1.23079E+00 -6.45003E-01  0.00000E+00  0.00000E+00
    8.5789E+00 -1.23589E+00 -6.45003E-01  0.00000E+00  0.00000E+00
    8.7408E+00 -1.23778E+00 -6.45930E-01  0.00000E+00  0.00000E+00
    8.9026E+00 -1.23784E+00 -6.45930E-01  0.00000E+00  0.00000E+00
    9.0645E+00 -2.75949E+00 -2.16757E+00  0.00000E+00  0.00000E+00
    9.2264E+00 -2.75949E+00 -2.16757E+00  0.00000E+00  0.00000E+00
    9.3882E+00 -2.75949E+00 -2.16757E+00  0.00000E+00  0.00000E+00
    9.5501E+00 -2.75956E+00 -2.16757E+00  0.00000E+00  0.00000E+00
    9.7120E+00 -2.75956E+00 -2.16757E+00  0.00000E+00  0.00000E+00
    9.8738E+00 -2.75956E+00 -2.16757E+00  0.00000E+00  0.00000E+00
    1.0036E+01 -2.75956E+00 -2.16757E+00  0.00000E+00  0.00000E+00
    1.0198E+01 -2.81843E+00 -2.19761E+00  0.00000E+00  0.00000E+00
    1.0359E+01 -2.81998E+00 -2.19761E+00  0.00000E+00  0.00000E+00
    1.0521E+01 -3.00754E+00 -2.23843E+00  0.00000E+00  0.00000E+00
    1.0683E+01 -3.00754E+00 -2.23843E+00  0.00000E+00  0.00000E+00
    1.0845E+01 -3.00979E+00 -2.23848E+00  0.00000E+00  0.00000E+00
    1.1007E+01 -3.01399E+00 -2.23910E+00  0.00000E+00  0.00000E+00
    1.1169E+01 -3.01915E+00 -2.23910E+00  0.00000E+00  0.00000E+00
    1.1331E+01 -3.02101E+00 -2.23929E+00  0.00000E+00  0.00000E+00
    1.1492E+01 -3.07340E+00 -2.26806E+00  0.00000E+00  0.00000E+00
    1.1654E+01 -4.41247E+00 -3.60713E+00  0.00000E+00  0.00000E+00
    1.1816E+01 -4.42567E+00 -3.61069E+00  0.00000E+00  0.00000E+00
    1.1978E+01 -4.63852E+00 -3.61069E+00  0.00000E+00  0.00000E+00
    1.2140E+01 -4.64092E+00 -3.61122E+00  0.00000E+00  0.00000E+00
    1.2302E+01 -4.64104E+00 -3.61122E+00  0.00000E+00  0.00000E+00
    1.2464E+01 -4.67502E+00 -3.63145E+00  0.00000E+00  0.00000E+00
    1.2626E+01 -4.67503E+00 -3.63145E+00  0.00000E+00  0.00000E+00
    1.2787E+01 -6.28183E+00 -4.40868E+00  0.00000E+00  0.00000E+00
    1.2949E+01 -6.28183E+00 -4.40868E+00  0.00000E+00  0.00000E+00
    1.3111E+01 -6.32730E+00 -4.40868E+00  0.00000E+00  0.00000E+00
    1.3273E+01 -6.32929E+00 -4.40868E+00  0.00000E+00  0.00000E+00
    1.3435E+01 -6.34593E+00 -4.40872E+00  0.00000E+00  0.00000E+00
    1.3597E+01 -6.39406E+00 -4.40872E+00  0.00000E+00  0.00000E+00
    1.3759E+01 -6.43365E+00 -4.42804E+00  0.00000E+00  0.00000E+00
    1.3920E+01 -6.48169E+00 -4.45409E+00  0.00000E+00  0.00000E+00
    1.4082E+01 -6.54231E+00 -4.45409E+00  0.00000E+00  0.00000E+00
    1.4244E+01 -6.86061E+00 -4.45414E+00  0.00000E+00  0.00000E+00
    1.4406E+01 -8.86319E+00 -6.04654E+00  0.00000E+00  0.00000E+00
    1.4568E+01 -1.11830E+01 -8.35787E+00  0.00000E+00  0.00000E+00
    1.4730E+01 -1.31343E+01 -1.03091E+01  0.00000E+00  0.00000E+00
    1.4892E+01 -1.33859E+01 -1.04344E+01  0.00000E+00  0.00000E+00
    1.5054E+01 -1.33859E+01 -1.04344E+01  0.00000E+00  0.00000E+00
    1.5215E+01 -1.35256E+01 -1.04344E+01  0.00000E+00  0.00000E+00
    1.5377E+01 -1.35281E+01 -1.04344E+01  0.00000E+00  0.00000E+00
    1.5539E+01 -1.35282E+01 -1.04344E+01  0.00000E+00  0.00000E+00
    1.5701E+01 -1.35368E+01 -1.04370E+01  0.00000E+00  0.00000E+00
    1.5863E+01 -1.35368E+01 -1.04370E+01  0.00000E+00  0.00000E+00
    1.6025E+01 -1.36337E+01 -1.04370E+01  0.00000E+00  0.00000E+00
    1.6187E+01 -1.36354E+01 -1.04370E+01  0.00000E+00  0.00000E+00
    1.6348E+01 -1.44037E+01 -1.10280E+01  0.00000E+00  0.00000E+00
    1.6510E+01 -1.52470E+01 -1.16171E+01  0.00000E+00  0.00000E+00
    1.6672E+01 -1.52490E+01 -1.16171E+01  0.00000E+00  0.00000E+00
    1.6834E+01 -1.52531E+01 -1.16174E+01  0.00000E+00  0.00000E+00
    1.6996E+01 -1.52595E+01 -1.16178E+01  0.00000E+00  0.00000E+00
    1.7158E+01 -1.55055E+01 -1.18106E+01  0.00000E+00  0.00000E+00
    1.7320E+01 -1.87079E+01 -1.50130E+01  0.00000E+00  0.00000E+00
    1.7482E+01 -1.89833E+01 -1.50134E+01  0.00000E+00  0.00000E+00
    1.7643E+01 -1.90203E+01 -1.50134E+01  0.00000E+00  0.00000E+00
    1.7805E+01 -1.90203E+01 -1.50134E+01  0.00000E+00  0.00000E+00
    1.7967E+01 -1.94896E+01 -1.53853E+01  0.00000E+00  0.00000E+00
    1.8129E+01 -1.94896E+01 -1.53853E+01  0.00000E+00  0.00000E+00
    1.8291E+01 -1.95232E+01 -1.53853E+01  0.00000E+00  0.00000E+00
    1.8453E+01 -2.17706E+01 -1.65784E+01  0.00000E+00  0.00000E+00
    1.8615E+01 -2.19737E+01 -1.66792E+01  0.00000E+00  0.00000E+00
    1.8776E+01 -2.20890E+01 -1.66792E+01  0.00000E+00  0.00000E+00
    1.8938E+01 -2.33978E+01 -1.79807E+01  0.00000E+00  0.00000E+00
    1.9100E+01 -2.41746E+01 -1.82877E+01  0.00000E+00  0.00000E+00
    1.9262E+01 -2.48782E+01 -1.88079E+01  0.00000E+00  0.00000E+00
    1.9424E+01 -2.48811E+01 -1.88079E+01  0.00000E+00  0.00000E+00
    1.9586E+01 -2.84181E+01 -2.23442E+01  0.00000E+00  0.00000E+00
    1.9748E+01 -2.84712E+01 -2.23705E+01  0.00000E+00  0.00000E+00
    1.9910E+01 -2.85069E+01 -2.23884E+01  0.00000E+00  0.00000E+00
    2.0071E+01 -2.85580E+01 -2.24139E+01  0.00000E+00  0.00000E+00
    2.0233E+01 -2.85586E+01 -2.24139E+01  0.00000E+00  0.00000E+00
    2.0395E+01 -2.85586E+01 -2.24139E+01  0.00000E+00  0.00000E+00
    2.0557E+01 -2.85586E+01 -2.24139E+01  0.00000E+00  0.00000E+00
    2.0719E+01 -2.85586E+01 -2.24139E+01  0.00000E+00  0.00000E+00
    2.0881E+01 -2.85593E+01 -2.24139E+01  0.00000E+00  0.00000E+00
    2.1043E+01 -2.85593E+01 -2.24139E+01  0.00000E+00  0.00000E+00
    2.1204E+01 -2.89288E+01 -2.26765E+01  0.00000E+00  0.00000E+00
    2.1366E+01 -2.89288E+01 -2.26765E+01  0.00000E+00  0.00000E+00
    2.1528E+01 -2.94437E+01 -2.30749E+01  0.00000E+00  0.00000E+00
    2.1690E+01 -2.94437E+01 -2.30749E+01  0.00000E+00  0.00000E+00
    2.1852E+01 -2.94523E+01 -2.30749E+01  0.00000E+00  0.00000E+00
    2.2014E+01 -2.96573E+01 -2.31718E+01  0.00000E+00  0.00000E+00
    2.2176E+01 -2.96575E+01 -2.31718E+01  0.00000E+00  0.00000E+00
    2.2338E+01 -2.96575E+01 -2.31718E+01  0.00000E+00  0.00000E+00
    2.2499E+01 -2.96575E+01 -2.31718E+01  0.00000E+00  0.00000E+00
    2.2661E+01 -2.96609E+01 -2.31718E+01  0.00000E+00  0.00000E+00
    2.2823E+01 -2.96609E+01 -2.31718E+01  0.00000E+00  0.00000E+00
    2.2985E+01 -2.96609E+01 -2.31718E+01  0.00000E+00  0.00000E+00
    2.3147E+01 -3.00392E+01 -2.33742E+01  0.00000E+00  0.00000E+00
    2.3309E+01 -3.02422E+01 -2.35773E+01  0.00000E+00  0.00000E+00
    2.3471E+01 -3.03135E+01 -2.36126E+01  0.00000E+00  0.00000E+00
    2.3632E+01 -3.03135E+01 -2.36126E+01  0.00000E+00  0.00000E+00
    2.3794E+01 -3.03135E+01 -2.36126E+01  0.00000E+00  0.00000E+00
    2.3956E+01 -3.03304E+01 -2.36126E+01  0.00000E+00  0.00000E+00
    2.4118E+01 -3.39959E+01 -2.72782E+01  0.00000E+00  0.00000E+00
    2.4280E+01 -3.40188E+01 -2.72782E+01  0.00000E+00  0.00000E+00
    2.4442E+01 -3.40188E+01 -2.72782E+01  0.00000E+00  0.00000E+00
    2.4604E+01 -3.40188E+01 -2.72782E+01  0.00000E+00  0.00000E+00
    2.4766E+01 -3.40188E+01 -2.72782E+01  0.00000E+00  0.00000E+00
    2.4927E+01 -3.55428E+01 -2.84609E+01  0.00000E+00  0.00000E+00
    2.5089E+01 -3.55428E+01 -2.84609E+01  0.00000E+00  0.00000E+00
    2.5251E+01 -3.60887E+01 -2.85874E+01  0.00000E+00  0.00000E+00
    2.5413E+01 -3.60888E+01 -2.85874E+01  0.00000E+00  0.00000E+00
    2.5575E+01 -3.60888E+01 -2.85874E+01  0.00000E+00  0.00000E+00
    2.5737E+01 -3.60888E+01 -2.85874E+01  0.00000E+00  0.00000E+00
    2.5899E+01 -3.66814E+01 -2.90672E+01  0.00000E+00  0.00000E+00
    2.6060E+01 -3.68541E+01 -2.90672E+01  0.00000E+00  0.00000E+00
    2.6222E+01 -3.68541E+01 -2.90672E+01  0.00000E+00  0.00000E+00
    2.6384E+01 -3.68541E+01 -2.90672E+01  0.00000E+00  0.00000E+00
    2.6546E+01 -3.68541E+01 -2.90672E+01  0.00000E+00  0.00000E+00
    2.6708E+01 -3.87538E+01 -3.09669E+01  0.00000E+00  0.00000E+00
    2.6870E+01 -3.87538E+01 -3.09669E+01  0.00000E+00  0.00000E+00
    2.7032E+01 -3.89709E+01 -3.09669E+01  0.00000E+00  0.00000E+00
    2.7194E+01 -3.89709E+01 -3.09669E+01  0.00000E+00  0.00000E+00
    2.7355E+01 -3.89709E+01 -3.09669E+01  0.00000E+00  0.00000E+00
    2.7517E+01 -3.89709E+01 -3.09669E+01  0.00000E+00  0.00000E+00
    2.7679E+01 -3.95150E+01 -3.09669E+01  0.00000E+00  0.00000E+00
    2.7841E+01 -3.95150E+01 -3.09669E+01  0.00000E+00  0.00000E+00
    2.8003E+01 -3.95150E+01 -3.09669E+01  0.00000E+00  0.00000E+00
    2.8165E+01 -3.95150E+01 -3.09669E+01  0.00000E+00  0.00000E+00
    2.8327E+01 -3.95150E+01 -3.09669E+01  0.00000E+00  0.00000E+00
    2.8488E+01 -3.98398E+01 -3.12917E+01  0.00000E+00  0.00000E+00
    2.8650E+01 -4.02815E+01 -3.12917E+01  0.00000E+00  0.00000E+00
    2.8812E+01 -4.02815E+01 -3.12917E+01  0.00000E+00  0.00000E+00
    2.8974E+01 -4.02815E+01 -3.12917E+01  0.00000E+00  0.00000E+00
    2.9136E+01 -4.10705E+01 -3.14589E+01  0.00000E+00  0.00000E+00
    2.9298E+01 -4.10705E+01 -3.14589E+01  0.00000E+00  0.00000E+00
    2.9460E+01 -4.10705E+01 -3.14589E+01  0.00000E+00  0.00000E+00
    2.9622E+01 -4.14464E+01 -3.18348E+01  0.00000E+00  0.00000E+00
    2.9783E+01 -4.14464E+01 -3.18348E+01  0.00000E+00  0.00000E+00
    2.9945E+01 -4.14464E+01 -3.18348E+01  0.00000E+00  0.00000E+00
    3.0107E+01 -4.16371E+01 -3.19305E+01  0.00000E+00  0.00000E+00
    3.0269E+01 -4.16371E+01 -3.19305E+01  0.00000E+00  0.00000E+00
    3.0431E+01 -4.16371E+01 -3.19305E+01  0.00000E+00  0.00000E+00
    3.0593E+01 -4.16371E+01 -3.19305E+01  0.00000E+00  0.00000E+00
    3.0755E+01 -4.16843E+01 -3.19305E+01  0.00000E+00  0.00000E+00
    3.0916E+01 -4.16843E+01 -3.19305E+01  0.00000E+00  0.00000E+00
    3.1078E+01 -4.16843E+01 -3.19305E+01  0.00000E+00  0.00000E+00
    3.1240E+01 -4.16843E+01 -3.19305E+01  0.00000E+00  0.00000E+00
    3.1402E+01 -4.33591E+01 -3.34054E+01  0.00000E+00  0.00000E+00
    3.1564E+01 -4.70615E+01 -3.63061E+01  0.00000E+00  0.00000E+00
    3.1726E+01 -4.70615E+01 -3.63061E+01  0.00000E+00  0.00000E+00
    3.1888E+01 -4.70615E+01 -3.63061E+01  0.00000E+00  0.00000E+00
    3.2050E+01 -4.70615E+01 -3.63061E+01  0.00000E+00  0.00000E+00
    3.2211E+01 -4.70615E+01 -3.63061E+01  0.00000E+00  0.00000E+00
    3.2373E+01 -4.70615E+01 -3.63061E+01  0.00000E+00  0.00000E+00
    3.2535E+01 -4.70615E+01 -3.63061E+01  0.00000E+00  0.00000E+00
    3.2697E+01 -4.70615E+01 -3.63061E+01  0.00000E+00  0.00000E+00
    3.2859E+01 -4.70615E+01 -3.63061E+01  0.00000E+00  0.00000E+00
    3.3021E+01 -4.70615E+01 -3.63061E+01  0.00000E+00  0.00000E+00
    3.3183E+01 -4.70615E+01 -3.63061E+01  0.00000E+00  0.00000E+00
    3.3344E+01 -4.70615E+01 -3.63061E+01  0.00000E+00  0.00000E+00
    3.3506E+01 -4.70615E+01 -3.63061E+01  0.00000E+00  0.00000E+00
    3.3668E+01 -4.70615E+01 -3.63061E+01  0.00000E+00  0.00000E+00
    3.3830E+01 -4.70615E+01 -3.63061E+01  0.00000E+00  0.00000E+00
    3.3992E+01 -4.70615E+01 -3.63061E+01  0.00000E+00  0.00000E+00
    3.4154E+01 -4.70615E+01 -3.63061E+01  0.00000E+00  0.00000E+00
    3.4316E+01 -4.70615E+01 -3.63061E+01  0.00000E+00  0.00000E+00
    3.4477E+01 -4.70615E+01 -3.63061E+01  0.00000E+00  0.00000E+00
    3.4639E+01 -4.70615E+01 -3.63061E+01  0.00000E+00  0.00000E+00
    3.4801E+01 -4.70615E+01 -3.63061E+01  0.00000E+00  0.00000E+00
    3.4963E+01 -4.70615E+01 -3.63061E+01  0.00000E+00  0.00000E+00
    3.5125E+01 -4.70615E+01 -3.63061E+01  0.00000E+00  0.00000E+00
    3.5287E+01 -4.70615E+01 -3.63061E+01  0.00000E+00  0.00000E+00
    3.5449E+01 -4.70615E+01 -3.63061E+01  0.00000E+00  0.00000E+00
    3.5611E+01 -4.70615E+01 -3.63061E+01  0.00000E+00  0.00000E+00
    3.5772E+01 -4.83588E+01 -3.65915E+01  0.00000E+00  0.00000E+00
    3.5934E+01 -4.83588E+01 -3.65915E+01  0.00000E+00  0.00000E+00
    3.6096E+01 -4.83588E+01 -3.65915E+01  0.00000E+00  0.00000E+00
    3.6258E+01 -4.83588E+01 -3.65915E+01  0.00000E+00  0.00000E+00
    3.6420E+01 -4.83588E+01 -3.65915E+01  0.00000E+00  0.00000E+00
    3.6582E+01 -4.83588E+01 -3.65915E+01  0.00000E+00  0.00000E+00
    3.6744E+01 -4.83588E+01 -3.65915E+01  0.00000E+00  0.00000E+00
    3.6905E+01 -4.83588E+01 -3.65915E+01  0.00000E+00  0.00000E+00
    3.7067E+01 -4.83588E+01 -3.65915E+01  0.00000E+00  0.00000E+00
    3.7229E+01 -4.83588E+01 -3.65915E+01  0.00000E+00  0.00000E+00
    3.7391E+01 -4.83588E+01 -3.65915E+01  0.00000E+00  0.00000E+00
    3.7553E+01 -4.83588E+01 -3.65915E+01  0.00000E+00  0.00000E+00
    3.7715E+01 -4.83588E+01 -3.65915E+01  0.00000E+00  0.00000E+00
    3.7877E+01 -4.83588E+01 -3.65915E+01  0.00000E+00  0.00000E+00
    3.8039E+01 -4.97246E+01 -3.72782E+01  0.00000E+00  0.00000E+00
    3.8200E+01 -4.97246E+01 -3.72782E+01  0.00000E+00  0.00000E+00
    3.8362E+01 -5.00495E+01 -3.72782E+01  0.00000E+00  0.00000E+00
    3.8524E+01 -5.00495E+01 -3.72782E+01  0.00000E+00  0.00000E+00
    3.8686E+01 -5.00495E+01 -3.72782E+01  0.00000E+00  0.00000E+00
    3.8848E+01 -5.00495E+01 -3.72782E+01  0.00000E+00  0.00000E+00
    3.9010E+01 -5.00495E+01 -3.72782E+01  0.00000E+00  0.00000E+00
    3.9172E+01 -5.00495E+01 -3.72782E+01  0.00000E+00  0.00000E+00
    3.9333E+01 -5.00495E+01 -3.72782E+01  0.00000E+00  0.00000E+00
    3.9495E+01 -5.00495E+01 -3.72782E+01  0.00000E+00  0.00000E+00
    3.9657E+01 -5.00495E+01 -3.72782E+01  0.00000E+00  0.00000E+00
    3.9819E+01 -5.00495E+01 -3.72782E+01  0.00000E+00  0.00000E+00
    3.9981E+01 -5.00495E+01 -3.72782E+01  0.00000E+00  0.00000E+00
    4.0143E+01 -5.00495E+01 -3.72782E+01  0.00000E+00  0.00000E+00
    4.0305E+01 -5.07316E+01 -3.72782E+01  0.00000E+00  0.00000E+00
    4.0467E+01 -5.07316E+01 -3.72782E+01  0.00000E+00  0.00000E+00
    4.0628E+01 -5.07316E+01 -3.72782E+01  0.00000E+00  0.00000E+00
    4.0790E+01 -5.07316E+01 -3.72782E+01  0.00000E+00  0.00000E+00
    4.0952E+01 -5.18755E+01 -3.78502E+01  0.00000E+00  0.00000E+00
    4.1114E+01 -5.18755E+01 -3.78502E+01  0.00000E+00  0.00000E+00
    4.1276E+01 -5.18755E+01 -3.78502E+01  0.00000E+00  0.00000E+00
    4.1438E+01 -5.18755E+01 -3.78502E+01  0.00000E+00  0.00000E+00
    4.1600E+01 -5.18755E+01 -3.78502E+01  0.00000E+00  0.00000E+00
    4.1761E+01 -5.18755E+01 -3.78502E+01  0.00000E+00  0.00000E+00
    4.1923E+01 -5.18755E+01 -3.78502E+01  0.00000E+00  0.00000E+00
    4.2085E+01 -5.18755E+01 -3.78502E+01  0.00000E+00  0.00000E+00
    4.2247E+01 -5.18755E+01 -3.78502E+01  0.00000E+00  0.00000E+00
    4.2409E+01 -5.18755E+01 -3.78502E+01  0.00000E+00  0.00000E+00
    4.2571E+01 -5.18755E+01 -3.78502E+01  0.00000E+00  0.00000E+00
    4.2733E+01 -5.18755E+01 -3.78502E+01  0.00000E+00  0.00000E+00
    4.2895E+01 -5.18755E+01 -3.78502E+01  0.00000E+00  0.00000E+00
    4.3056E+01 -5.18755E+01 -3.78502E+01  0.00000E+00  0.00000E+00
    4.3218E+01 -5.18755E+01 -3.78502E+01  0.00000E+00  0.00000E+00
    4.3380E+01 -5.18755E+01 -3.78502E+01  0.00000E+00  0.00000E+00
    4.3542E+01 -5.18755E+01 -3.78502E+01  0.00000E+00  0.00000E+00
    4.3704E+01 -5.18755E+01 -3.78502E+01  0.00000E+00  0.00000E+00
    4.3866E+01 -5.18755E+01 -3.78502E+01  0.00000E+00  0.00000E+00
    4.4028E+01 -5.26935E+01 -3.80667E+01  0.00000E+00  0.00000E+00
    4.4189E+01 -5.26935E+01 -3.80667E+01  0.00000E+00  0.00000E+00
    4.4351E+01 -5.26935E+01 -3.80667E+01  0.00000E+00  0.00000E+00
    4.4513E+01 -5.26935E+01 -3.80667E+01  0.00000E+00  0.00000E+00
    4.4675E+01 -5.44454E+01 -3.98185E+01  0.00000E+00  0.00000E+00
    4.4837E+01 -5.44454E+01 -3.98185E+01  0.00000E+00  0.00000E+00
    4.4999E+01 -5.44454E+01 -3.98185E+01  0.00000E+00  0.00000E+00
    4.5161E+01 -5.44454E+01 -3.98185E+01  0.00000E+00  0.00000E+00
    4.5323E+01 -5.44454E+01 -3.98185E+01  0.00000E+00  0.00000E+00
    4.5484E+01 -5.44454E+01 -3.98185E+01  0.00000E+00  0.00000E+00
    4.5646E+01 -5.44454E+01 -3.98185E+01  0.00000E+00  0.00000E+00
    4.5808E+01 -5.44454E+01 -3.98185E+01  0.00000E+00  0.00000E+00
    4.5970E+01 -5.44454E+01 -3.98185E+01  0.00000E+00  0.00000E+00
    4.6132E+01 -5.44454E+01 -3.98185E+01  0.00000E+00  0.00000E+00
    4.6294E+01 -5.44454E+01 -3.98185E+01  0.00000E+00  0.00000E+00
    4.6456E+01 -5.44454E+01 -3.98185E+01  0.00000E+00  0.00000E+00
    4.6617E+01 -5.44454E+01 -3.98185E+01  0.00000E+00  0.00000E+00
    4.6779E+01 -5.44454E+01 -3.98185E+01  0.00000E+00  0.00000E+00
    4.6941E+01 -5.44454E+01 -3.98185E+01  0.00000E+00  0.00000E+00
    4.7103E+01 -5.44454E+01 -3.98185E+01  0.00000E+00  0.00000E+00
    4.7265E+01 -5.44454E+01 -3.98185E+01  0.00000E+00  0.00000E+00
    4.7427E+01 -5.44454E+01 -3.98185E+01  0.00000E+00  0.00000E+00
    4.7589E+01 -5.44454E+01 -3.98185E+01  0.00000E+00  0.00000E+00
    4.7751E+01 -5.44454E+01 -3.98185E+01  0.00000E+00  0.00000E+00
    4.7912E+01 -5.44454E+01 -3.98185E+01  0.00000E+00  0.00000E+00
    4.8074E+01 -5.44454E+01 -3.98185E+01  0.00000E+00  0.00000E+00
    4.8236E+01 -5.44454E+01 -3.98185E+01  0.00000E+00  0.00000E+00
    4.8398E+01 -5.44454E+01 -3.98185E+01  0.00000E+00  0.00000E+00
    4.8560E+01 -5.44454E+01 -3.98185E+01  0.00000E+00  0.00000E+00
    4.8722E+01 -5.44454E+01 -3.98185E+01  0.00000E+00  0.00000E+00
    4.8884E+01 -5.44454E+01 -3.98185E+01  0.00000E+00  0.00000E+00
    4.9045E+01 -5.44454E+01 -3.98185E+01  0.00000E+00  0.00000E+00
    4.9207E+01 -5.44454E+01 -3.98185E+01  0.00000E+00  0.00000E+00
    4.9369E+01 -5.44454E+01 -3.98185E+01  0.00000E+00  0.00000E+00
    4.9531E+01 -5.44454E+01 -3.98185E+01  0.00000E+00  0.00000E+00
    4.9693E+01 -5.44454E+01 -3.98185E+01  0.00000E+00  0.00000E+00
    4.9855E+01 -5.44454E+01 -3.98185E+01  0.00000E+00  0.00000E+00
    5.0017E+01 -5.44454E+01 -3.98185E+01  0.00000E+00  0.00000E+00
    5.0179E+01 -5.44454E+01 -3.98185E+01  0.00000E+00  0.00000E+00
    5.0340E+01 -5.44454E+01 -3.98185E+01  0.00000E+00  0.00000E+00
    5.0502E+01 -5.54833E+01 -4.00255E+01  0.00000E+00  0.00000E+00
    5.0664E+01 -5.54833E+01 -4.00255E+01  0.00000E+00  0.00000E+00
    5.0826E+01 -5.54833E+01 -4.00255E+01  0.00000E+00  0.00000E+00
    5.0988E+01 -5.54833E+01 -4.00255E+01  0.00000E+00  0.00000E+00
    5.1150E+01 -5.54833E+01 -4.00255E+01  0.00000E+00  0.00000E+00
    5.1312E+01 -5.54833E+01 -4.00255E+01  0.00000E+00  0.00000E+00
    5.1473E+01 -5.54833E+01 -4.00255E+01  0.00000E+00  0.00000E+00
    5.1635E+01 -5.54833E+01 -4.00255E+01  0.00000E+00  0.00000E+00
    5.1797E+01 -5.54833E+01 -4.00255E+01  0.00000E+00  0.00000E+00
    5.1959E+01 -5.54833E+01 -4.00255E+01  0.00000E+00  0.00000E+00
    5.2121E+01 -5.54833E+01 -4.00255E+01  0.00000E+00  0.00000E+00
    5.2283E+01 -5.54833E+01 -4.00255E+01  0.00000E+00  0.00000E+00
    5.2445E+01 -5.54833E+01 -4.00255E+01  0.00000E+00  0.00000E+00
    5.2607E+01 -5.54833E+01 -4.00255E+01  0.00000E+00  0.00000E+00
    5.2768E+01 -5.54833E+01 -4.00255E+01  0.00000E+00  0.00000E+00
    5.2930E+01 -5.54833E+01 -4.00255E+01  0.00000E+00  0.00000E+00
    5.3092E+01 -5.54833E+01 -4.00255E+01  0.00000E+00  0.00000E+00
    5.3254E+01 -5.54833E+01 -4.00255E+01  0.00000E+00  0.00000E+00
    5.3416E+01 -5.54833E+01 -4.00255E+01  0.00000E+00  0.00000E+00
    5.3578E+01 -5.54833E+01 -4.00255E+01  0.00000E+00  0.00000E+00
    5.3740E+01 -5.54833E+01 -4.00255E+01  0.00000E+00  0.00000E+00
    5.3901E+01 -5.54833E+01 -4.00255E+01  0.00000E+00  0.00000E+00
    5.4063E+01 -5.54833E+01 -4.00255E+01  0.00000E+00  0.00000E+00
    5.4225E+01 -5.54833E+01 -4.00255E+01  0.00000E+00  0.00000E+00
    5.4387E+01 -5.54833E+01 -4.00255E+01  0.00000E+00  0.00000E+00
    5.4549E+01 -5.54833E+01 -4.00255E+01  0.00000E+00  0.00000E+00
    5.4711E+01 -5.54833E+01 -4.00255E+01  0.00000E+00  0.00000E+00
    5.4873E+01 -5.54833E+01 -4.00255E+01  0.00000E+00  0.00000E+00
    5.5035E+01 -5.54833E+01 -4.00255E+01  0.00000E+00  0.00000E+00
    5.5196E+01 -5.54833E+01 -4.00255E+01  0.00000E+00  0.00000E+00
    5.5358E+01 -5.54833E+01 -4.00255E+01  0.00000E+00  0.00000E+00
    5.5520E+01 -5.54833E+01 -4.00255E+01  0.00000E+00  0.00000E+00
    5.5682E+01 -5.54833E+01 -4.00255E+01  0.00000E+00  0.00000E+00
    5.5844E+01 -5.54833E+01 -4.00255E+01  0.00000E+00  0.00000E+00
    5.6006E+01 -5.54833E+01 -4.00255E+01  0.00000E+00  0.00000E+00
    5.6168E+01 -5.54833E+01 -4.00255E+01  0.00000E+00  0.00000E+00
    5.6329E+01 -5.54833E+01 -4.00255E+01  0.00000E+00  0.00000E+00
    5.6491E+01 -5.54833E+01 -4.00255E+01  0.00000E+00  0.00000E+00
    5.6653E+01 -5.54833E+01 -4.00255E+01  0.00000E+00  0.00000E+00
    5.6815E+01 -5.54833E+01 -4.00255E+01  0.00000E+00  0.00000E+00
    5.6977E+01 -5.54833E+01 -4.00255E+01  0.00000E+00  0.00000E+00
    5.7139E+01 -5.54833E+01 -4.00255E+01  0.00000E+00  0.00000E+00
    5.7301E+01 -5.54833E+01 -4.00255E+01  0.00000E+00  0.00000E+00
    5.7462E+01 -5.54833E+01 -4.00255E+01  0.00000E+00  0.00000E+00
    5.7624E+01 -5.54833E+01 -4.00255E+01  0.00000E+00  0.00000E+00
    5.7786E+01 -5.54833E+01 -4.00255E+01  0.00000E+00  0.00000E+00
    5.7948E+01 -5.54833E+01 -4.00255E+01  0.00000E+00  0.00000E+00
    5.8110E+01 -5.54833E+01 -4.00255E+01  0.00000E+00  0.00000E+00
    5.8272E+01 -5.54833E+01 -4.00255E+01  0.00000E+00  0.00000E+00
    5.8434E+01 -5.54833E+01 -4.00255E+01  0.00000E+00  0.00000E+00
    5.8596E+01 -5.54833E+01 -4.00255E+01  0.00000E+00  0.00000E+00
    5.8757E+01 -5.54833E+01 -4.00255E+01  0.00000E+00  0.00000E+00
    5.8919E+01 -5.54833E+01 -4.00255E+01  0.00000E+00  0.00000E+00
    5.9081E+01 -5.54833E+01 -4.00255E+01  0.00000E+00  0.00000E+00
    5.9243E+01 -5.54833E+01 -4.00255E+01  0.00000E+00  0.00000E+00
    5.9405E+01 -5.54833E+01 -4.00255E+01  0.00000E+00  0.00000E+00
    5.9567E+01 -5.54833E+01 -4.00255E+01  0.00000E+00  0.00000E+00
    5.9729E+01 -5.54833E+01 -4.00255E+01  0.00000E+00  0.00000E+00
    5.9890E+01 -5.54833E+01 -4.00255E+01  0.00000E+00  0.00000E+00
    6.0052E+01 -5.54833E+01 -4.00255E+01  0.00000E+00  0.00000E+00
    6.0214E+01 -5.54833E+01 -4.00255E+01  0.00000E+00  0.00000E+00
    6.0376E+01 -5.54833E+01 -4.00255E+01  0.00000E+00  0.00000E+00
    6.0538E+01 -5.54833E+01 -4.00255E+01  0.00000E+00  0.00000E+00
    6.0700E+01 -5.54833E+01 -4.00255E+01  0.00000E+00  0.00000E+00
    6.0862E+01 -5.54833E+01 -4.00255E+01  0.00000E+00  0.00000E+00
    6.1024E+01 -5.54833E+01 -4.00255E+01  0.00000E+00  0.00000E+00
    6.1185E+01 -5.54833E+01 -4.00255E+01  0.00000E+00  0.00000E+00
    6.1347E+01 -5.54833E+01 -4.00255E+01  0.00000E+00  0.00000E+00
    6.1509E+01 -5.54833E+01 -4.00255E+01  0.00000E+00  0.00000E+00
    6.1671E+01 -5.54833E+01 -4.00255E+01  0.00000E+00  0.00000E+00
    6.1833E+01 -5.54833E+01 -4.00255E+01  0.00000E+00  0.00000E+00
    6.1995E+01 -5.54833E+01 -4.00255E+01  0.00000E+00  0.00000E+00
    6.2157E+01 -5.54833E+01 -4.00255E+01  0.00000E+00  0.00000E+00
    6.2318E+01 -5.54833E+01 -4.00255E+01  0.00000E+00  0.00000E+00
    6.2480E+01 -5.54833E+01 -4.00255E+01  0.00000E+00  0.00000E+00
    6.2642E+01 -5.54833E+01 -4.00255E+01  0.00000E+00  0.00000E+00
    6.2804E+01 -5.54833E+01 -4.00255E+01  0.00000E+00  0.00000E+00
    6.2966E+01 -5.54833E+01 -4.00255E+01  0.00000E+00  0.00000E+00
    6.3128E+01 -5.54833E+01 -4.00255E+01  0.00000E+00  0.00000E+00
    6.3290E+01 -5.54833E+01 -4.00255E+01  0.00000E+00  0.00000E+00
    6.3452E+01 -5.54833E+01 -4.00255E+01  0.00000E+00  0.00000E+00
    6.3613E+01 -5.54833E+01 -4.00255E+01  0.00000E+00  0.00000E+00
    6.3775E+01 -5.54833E+01 -4.00255E+01  0.00000E+00  0.00000E+00
    6.3937E+01 -5.54833E+01 -4.00255E+01  0.00000E+00  0.00000E+00
    6.4099E+01 -5.54833E+01 -4.00255E+01  0.00000E+00  0.00000E+00
    6.4261E+01 -5.54833E+01 -4.00255E+01  0.00000E+00  0.00000E+00
    6.4423E+01 -5.54833E+01 -4.00255E+01  0.00000E+00  0.00000E+00
    6.4585E+01 -5.54833E+01 -4.00255E+01  0.00000E+00  0.00000E+00
    6.4746E+01 -5.54833E+01 -4.00255E+01  0.00000E+00  0.00000E+00
    6.4908E+01 -5.54833E+01 -4.00255E+01  0.00000E+00  0.00000E+00
    6.5070E+01 -5.54833E+01 -4.00255E+01  0.00000E+00  0.00000E+00
    6.5232E+01 -5.54833E+01 -4.00255E+01  0.00000E+00  0.00000E+00
    6.5394E+01 -5.54833E+01 -4.00255E+01  0.00000E+00  0.00000E+00
    6.5556E+01 -5.54833E+01 -4.00255E+01  0.00000E+00  0.00000E+00
    6.5718E+01 -5.54833E+01 -4.00255E+01  0.00000E+00  0.00000E+00
    6.5880E+01 -5.54833E+01 -4.00255E+01  0.00000E+00  0.00000E+00
    6.6041E+01 -5.54833E+01 -4.00255E+01  0.00000E+00  0.00000E+00
    6.6203E+01 -5.54833E+01 -4.00255E+01  0.00000E+00  0.00000E+00
    6.6365E+01 -5.54833E+01 -4.00255E+01  0.00000E+00  0.00000E+00
    6.6527E+01 -5.54833E+01 -4.00255E+01  0.00000E+00  0.00000E+00
    6.6689E+01 -5.54833E+01 -4.00255E+01  0.00000E+00  0.00000E+00
    6.6851E+01 -5.54833E+01 -4.00255E+01  0.00000E+00  0.00000E+00
    6.7013E+01 -5.54833E+01 -4.00255E+01  0.00000E+00  0.00000E+00
    6.7174E+01 -5.54833E+01 -4.00255E+01  0.00000E+00  0.00000E+00
    6.7336E+01 -5.54833E+01 -4.00255E+01  0.00000E+00  0.00000E+00
    6.7498E+01 -5.54833E+01 -4.00255E+01  0.00000E+00  0.00000E+00
    6.7660E+01 -5.54833E+01 -4.00255E+01  0.00000E+00  0.00000E+00
    6.7822E+01 -5.54833E+01 -4.00255E+01  0.00000E+00  0.00000E+00
    6.7984E+01 -5.54833E+01 -4.00255E+01  0.00000E+00  0.00000E+00
    6.8146E+01 -5.54833E+01 -4.00255E+01  0.00000E+00  0.00000E+00
    6.8308E+01 -5.54833E+01 -4.00255E+01  0.00000E+00  0.00000E+00
    6.8469E+01 -5.54833E+01 -4.00255E+01  0.00000E+00  0.00000E+00
    6.8631E+01 -5.54833E+01 -4.00255E+01  0.00000E+00  0.00000E+00
    6.8793E+01 -5.54833E+01 -4.00255E+01  0.00000E+00  0.00000E+00
    6.8955E+01 -5.54833E+01 -4.00255E+01  0.00000E+00  0.00000E+00
    6.9117E+01 -5.54833E+01 -4.00255E+01  0.00000E+00  0.00000E+00
    6.9279E+01 -5.54833E+01 -4.00255E+01  0.00000E+00  0.00000E+00
    6.9441E+01 -5.54833E+01 -4.00255E+01  0.00000E+00  0.00000E+00
    6.9602E+01 -5.54833E+01 -4.00255E+01  0.00000E+00  0.00000E+00
    6.9764E+01 -5.54833E+01 -4.00255E+01  0.00000E+00  0.00000E+00
    6.9926E+01 -5.54833E+01 -4.00255E+01  0.00000E+00  0.00000E+00
    7.0088E+01 -5.54833E+01 -4.00255E+01  0.00000E+00  0.00000E+00
    7.0250E+01 -5.54833E+01 -4.00255E+01  0.00000E+00  0.00000E+00
    7.0412E+01 -5.54833E+01 -4.00255E+01  0.00000E+00  0.00000E+00
    7.0574E+01 -5.54833E+01 -4.00255E+01  0.00000E+00  0.00000E+00
    7.0736E+01 -5.54833E+01 -4.00255E+01  0.00000E+00  0.00000E+00
    7.0897E+01 -5.54833E+01 -4.00255E+01  0.00000E+00  0.00000E+00
    7.1059E+01 -5.54833E+01 -4.00255E+01  0.00000E+00  0.00000E+00
    7.1221E+01 -5.54833E+01 -4.00255E+01  0.00000E+00  0.00000E+00
    7.1383E+01 -5.54833E+01 -4.00255E+01  0.00000E+00  0.00000E+00
    7.1545E+01 -5.54833E+01 -4.00255E+01  0.00000E+00  0.00000E+00
    7.1707E+01 -5.54833E+01 -4.00255E+01  0.00000E+00  0.00000E+00
    7.1869E+01 -5.54833E+01 -4.00255E+01  0.00000E+00  0.00000E+00
    7.2030E+01 -5.54833E+01 -4.00255E+01  0.00000E+00  0.00000E+00
    7.2192E+01 -5.54833E+01 -4.00255E+01  0.00000E+00  0.00000E+00
    7.2354E+01 -5.54833E+01 -4.00255E+01  0.00000E+00  0.00000E+00
    7.2516E+01 -5.54833E+01 -4.00255E+01  0.00000E+00  0.00000E+00
    7.2678E+01 -5.54833E+01 -4.00255E+01  0.00000E+00  0.00000E+00
    7.2840E+01 -5.54833E+01 -4.00255E+01  0.00000E+00  0.00000E+00
    7.3002E+01 -5.54833E+01 -4.00255E+01  0.00000E+00  0.00000E+00
    7.3164E+01 -5.54833E+01 -4.00255E+01  0.00000E+00  0.00000E+00
    7.3325E+01 -5.54833E+01 -4.00255E+01  0.00000E+00  0.00000E+00
    7.3487E+01 -5.54833E+01 -4.00255E+01  0.00000E+00  0.00000E+00
    7.3649E+01 -5.54833E+01 -4.00255E+01  0.00000E+00  0.00000E+00
    7.3811E+01 -5.54833E+01 -4.00255E+01  0.00000E+00  0.00000E+00
    7.3973E+01 -5.54833E+01 -4.00255E+01  0.00000E+00  0.00000E+00
    7.4135E+01 -5.54833E+01 -4.00255E+01  0.00000E+00  0.00000E+00
    7.4297E+01 -5.54833E+01 -4.00255E+01  0.00000E+00  0.00000E+00
    7.4458E+01 -5.54833E+01 -4.00255E+01  0.00000E+00  0.00000E+00
    7.4620E+01 -5.54833E+01 -4.00255E+01  0.00000E+00  0.00000E+00
    7.4782E+01 -5.54833E+01 -4.00255E+01  0.00000E+00  0.00000E+00
    7.4944E+01 -5.54833E+01 -4.00255E+01  0.00000E+00  0.00000E+00
    7.5106E+01 -5.54833E+01 -4.00255E+01  0.00000E+00  0.00000E+00
    7.5268E+01 -5.54833E+01 -4.00255E+01  0.00000E+00  0.00000E+00
    7.5430E+01 -5.54833E+01 -4.00255E+01  0.00000E+00  0.00000E+00
    7.5592E+01 -5.54833E+01 -4.00255E+01  0.00000E+00  0.00000E+00
    7.5753E+01 -5.54833E+01 -4.00255E+01  0.00000E+00  0.00000E+00
    7.5915E+01 -5.54833E+01 -4.00255E+01  0.00000E+00  0.00000E+00
    7.6077E+01 -5.54833E+01 -4.00255E+01  0.00000E+00  0.00000E+00
    7.6239E+01 -5.54833E+01 -4.00255E+01  0.00000E+00  0.00000E+00
    7.6401E+01 -5.54833E+01 -4.00255E+01  0.00000E+00  0.00000E+00
    7.6563E+01 -5.54833E+01 -4.00255E+01  0.00000E+00  0.00000E+00
    7.6725E+01 -5.54833E+01 -4.00255E+01  0.00000E+00  0.00000E+00
    7.6886E+01 -5.54833E+01 -4.00255E+01  0.00000E+00  0.00000E+00
    7.7048E+01 -5.54833E+01 -4.00255E+01  0.00000E+00  0.00000E+00
    7.7210E+01 -5.54833E+01 -4.00255E+01  0.00000E+00  0.00000E+00
    7.7372E+01 -5.54833E+01 -4.00255E+01  0.00000E+00  0.00000E+00
    7.7534E+01 -5.54833E+01 -4.00255E+01  0.00000E+00  0.00000E+00
    7.7696E+01 -5.54833E+01 -4.00255E+01  0.00000E+00  0.00000E+00
    7.7858E+01 -5.54833E+01 -4.00255E+01  0.00000E+00  0.00000E+00
    7.8020E+01 -5.54833E+01 -4.00255E+01  0.00000E+00  0.00000E+00
    7.8181E+01 -5.54833E+01 -4.00255E+01  0.00000E+00  0.00000E+00
    7.8343E+01 -5.54833E+01 -4.00255E+01  0.00000E+00  0.00000E+00
    7.8505E+01 -5.54833E+01 -4.00255E+01  0.00000E+00  0.00000E+00
    7.8667E+01 -5.54833E+01 -4.00255E+01  0.00000E+00  0.00000E+00
    7.8829E+01 -5.54833E+01 -4.00255E+01  0.00000E+00  0.00000E+00
    7.8991E+01 -5.54833E+01 -4.00255E+01  0.00000E+00  0.00000E+00
    7.9153E+01 -5.54833E+01 -4.00255E+01  0.00000E+00  0.00000E+00
    7.9314E+01 -5.54833E+01 -4.00255E+01  0.00000E+00  0.00000E+00
    7.9476E+01 -5.54833E+01 -4.00255E+01  0.00000E+00  0.00000E+00
    7.9638E+01 -5.54833E+01 -4.00255E+01  0.00000E+00  0.00000E+00
    7.9800E+01 -5.54833E+01 -4.00255E+01  0.00000E+00  0.00000E+00
    7.9962E+01 -5.54833E+01 -4.00255E+01  0.00000E+00  0.00000E+00
    8.0124E+01 -5.54833E+01 -4.00255E+01  0.00000E+00  0.00000E+00
    8.0286E+01 -5.54833E+01 -4.00255E+01  0.00000E+00  0.00000E+00
    8.0447E+01 -5.54833E+01 -4.00255E+01  0.00000E+00  0.00000E+00
    8.0609E+01 -5.54833E+01 -4.00255E+01  0.00000E+00  0.00000E+00
    8.0771E+01 -5.54833E+01 -4.00255E+01  0.00000E+00  0.00000E+00
    8.0933E+01 -5.54833E+01 -4.00255E+01  0.00000E+00  0.00000E+00
    8.1095E+01 -5.54833E+01 -4.00255E+01  0.00000E+00  0.00000E+00
    8.1257E+01 -5.54833E+01 -4.00255E+01  0.00000E+00  0.00000E+00
    8.1419E+01 -5.54833E+01 -4.00255E+01  0.00000E+00  0.00000E+00
    8.1581E+01 -5.54833E+01 -4.00255E+01  0.00000E+00  0.00000E+00
    8.1742E+01 -5.54833E+01 -4.00255E+01  0.00000E+00  0.00000E+00
    8.1904E+01 -5.54833E+01 -4.00255E+01  0.00000E+00  0.00000E+00
    8.2066E+01 -5.54833E+01 -4.00255E+01  0.00000E+00  0.00000E+00
    8.2228E+01 -5.54833E+01 -4.00255E+01  0.00000E+00  0.00000E+00
    8.2390E+01 -5.54833E+01 -4.00255E+01  0.00000E+00  0.00000E+00
    8.2552E+01 -5.54833E+01 -4.00255E+01  0.00000E+00  0.00000E+00
    8.2714E+01 -5.54833E+01 -4.00255E+01  0.00000E+00  0.00000E+00
    8.2875E+01 -5.54833E+01 -4.00255E+01  0.00000E+00  0.00000E+00
    8.3037E+01 -5.54833E+01 -4.00255E+01  0.00000E+00  0.00000E+00
    8.3199E+01 -5.54833E+01 -4.00255E+01  0.00000E+00  0.00000E+00
    8.3361E+01 -5.54833E+01 -4.00255E+01  0.00000E+00  0.00000E+00
    8.3523E+01 -5.54833E+01 -4.00255E+01  0.00000E+00  0.00000E+00
    8.3685E+01 -5.54833E+01 -4.00255E+01  0.00000E+00  0.00000E+00
    8.3847E+01 -5.54833E+01 -4.00255E+01  0.00000E+00  0.00000E+00
    8.4009E+01 -5.54833E+01 -4.00255E+01  0.00000E+00  0.00000E+00
    8.4170E+01 -5.54833E+01 -4.00255E+01  0.00000E+00  0.00000E+00
    8.4332E+01 -5.54833E+01 -4.00255E+01  0.00000E+00  0.00000E+00
    8.4494E+01 -5.54833E+01 -4.00255E+01  0.00000E+00  0.00000E+00
    8.4656E+01 -5.54833E+01 -4.00255E+01  0.00000E+00  0.00000E+00
    8.4818E+01 -5.54833E+01 -4.00255E+01  0.00000E+00  0.00000E+00
    8.4980E+01 -5.54833E+01 -4.00255E+01  0.00000E+00  0.00000E+00
    8.5142E+01 -5.54833E+01 -4.00255E+01  0.00000E+00  0.00000E+00
    8.5303E+01 -5.54833E+01 -4.00255E+01  0.00000E+00  0.00000E+00
    8.5465E+01 -5.54833E+01 -4.00255E+01  0.00000E+00  0.00000E+00
    8.5627E+01 -5.54833E+01 -4.00255E+01  0.00000E+00  0.00000E+00
    8.5789E+01 -5.54833E+01 -4.00255E+01  0.00000E+00  0.00000E+00
    8.5951E+01 -5.54833E+01 -4.00255E+01  0.00000E+00  0.00000E+00
    8.6113E+01 -5.54833E+01 -4.00255E+01  0.00000E+00  0.00000E+00
    8.6275E+01 -5.54833E+01 -4.00255E+01  0.00000E+00  0.00000E+00
    8.6437E+01 -5.54833E+01 -4.00255E+01  0.00000E+00  0.00000E+00
    8.6598E+01 -5.54833E+01 -4.00255E+01  0.00000E+00  0.00000E+00
    8.6760E+01 -5.54833E+01 -4.00255E+01  0.00000E+00  0.00000E+00
    8.6922E+01 -5.54833E+01 -4.00255E+01  0.00000E+00  0.00000E+00
    8.7084E+01 -5.54833E+01 -4.00255E+01  0.00000E+00  0.00000E+00
    8.7246E+01 -5.54833E+01 -4.00255E+01  0.00000E+00  0.00000E+00
    8.7408E+01 -5.54833E+01 -4.00255E+01  0.00000E+00  0.00000E+00
    8.7570E+01 -5.54833E+01 -4.00255E+01  0.00000E+00  0.00000E+00
    8.7731E+01 -5.54833E+01 -4.00255E+01  0.00000E+00  0.00000E+00
    8.7893E+01 -5.54833E+01 -4.00255E+01  0.00000E+00  0.00000E+00
    8.8055E+01 -5.54833E+01 -4.00255E+01  0.00000E+00  0.00000E+00
    8.8217E+01 -5.54833E+01 -4.00255E+01  0.00000E+00  0.00000E+00
    8.8379E+01 -5.54833E+01 -4.00255E+01  0.00000E+00  0.00000E+00
    8.8541E+01 -5.54833E+01 -4.00255E+01  0.00000E+00  0.00000E+00
    8.8703E+01 -5.54833E+01 -4.00255E+01  0.00000E+00  0.00000E+00
    8.8865E+01 -5.54833E+01 -4.00255E+01  0.00000E+00  0.00000E+00
    8.9026E+01 -5.54833E+01 -4.00255E+01  0.00000E+00  0.00000E+00
    8.9188E+01 -5.54833E+01 -4.00255E+01  0.00000E+00  0.00000E+00
    8.9350E+01 -5.54833E+01 -4.00255E+01  0.00000E+00  0.00000E+00
    8.9512E+01 -5.54833E+01 -4.00255E+01  0.00000E+00  0.00000E+00
    8.9674E+01 -5.54833E+01 -4.00255E+01  0.00000E+00  0.00000E+00
    8.9836E+01 -5.54833E+01 -4.00255E+01  0.00000E+00  0.00000E+00
    8.9998E+01 -5.54833E+01 -4.00255E+01  0.00000E+00  0.00000E+00
    9.0159E+01 -5.54833E+01 -4.00255E+01  0.00000E+00  0.00000E+00
    9.0321E+01 -5.54833E+01 -4.00255E+01  0.00000E+00  0.00000E+00
    9.0483E+01 -5.54833E+01 -4.00255E+01  0.00000E+00  0.00000E+00
    9.0645E+01 -5.54833E+01 -4.00255E+01  0.00000E+00  0.00000E+00
    9.0807E+01 -5.54833E+01 -4.00255E+01  0.00000E+00  0.00000E+00
    9.0969E+01 -5.54833E+01 -4.00255E+01  0.00000E+00  0.00000E+00
    9.1131E+01 -5.54833E+01 -4.00255E+01  0.00000E+00  0.00000E+00
    9.1293E+01 -5.54833E+01 -4.00255E+01  0.00000E+00  0.00000E+00
    9.1454E+01 -5.54833E+01 -4.00255E+01  0.00000E+00  0.00000E+00
    9.1616E+01 -5.54833E+01 -4.00255E+01  0.00000E+00  0.00000E+00
    9.1778E+01 -5.54833E+01 -4.00255E+01  0.00000E+00  0.00000E+00
    9.1940E+01 -5.54833E+01 -4.00255E+01  0.00000E+00  0.00000E+00
    9.2102E+01 -5.54833E+01 -4.00255E+01  0.00000E+00  0.00000E+00
    9.2264E+01 -5.54833E+01 -4.00255E+01  0.00000E+00  0.00000E+00
    9.2426E+01 -5.54833E+01 -4.00255E+01  0.00000E+00  0.00000E+00
    9.2587E+01 -5.54833E+01 -4.00255E+01  0.00000E+00  0.00000E+00
    9.2749E+01 -5.54833E+01 -4.00255E+01  0.00000E+00  0.00000E+00
    9.2911E+01 -5.54833E+01 -4.00255E+01  0.00000E+00  0.00000E+00
    9.3073E+01 -5.54833E+01 -4.00255E+01  0.00000E+00  0.00000E+00
    9.3235E+01 -5.54833E+01 -4.00255E+01  0.00000E+00  0.00000E+00
    9.3397E+01 -5.54833E+01 -4.00255E+01  0.00000E+00  0.00000E+00
    9.3559E+01 -5.54833E+01 -4.00255E+01  0.00000E+00  0.00000E+00
    9.3721E+01 -5.54833E+01 -4.00255E+01  0.00000E+00  0.00000E+00
    9.3882E+01 -5.54833E+01 -4.00255E+01  0.00000E+00  0.00000E+00
    9.4044E+01 -5.54833E+01 -4.00255E+01  0.00000E+00  0.00000E+00
    9.4206E+01 -5.54833E+01 -4.00255E+01  0.00000E+00  0.00000E+00
    9.4368E+01 -5.54833E+01 -4.00255E+01  0.00000E+00  0.00000E+00
    9.4530E+01 -5.54833E+01 -4.00255E+01  0.00000E+00  0.00000E+00
    9.4692E+01 -5.54833E+01 -4.00255E+01  0.00000E+00  0.00000E+00
    9.4854E+01 -5.54833E+01 -4.00255E+01  0.00000E+00  0.00000E+00
    9.5015E+01 -5.54833E+01 -4.00255E+01  0.00000E+00  0.00000E+00
    9.5177E+01 -5.54833E+01 -4.00255E+01  0.00000E+00  0.00000E+00
    9.5339E+01 -5.54833E+01 -4.00255E+01  0.00000E+00  0.00000E+00
    9.5501E+01 -5.54833E+01 -4.00255E+01  0.00000E+00  0.00000E+00
    9.5663E+01 -5.54833E+01 -4.00255E+01  0.00000E+00  0.00000E+00
    9.5825E+01 -5.54833E+01 -4.00255E+01  0.00000E+00  0.00000E+00
    9.5987E+01 -5.54833E+01 -4.00255E+01  0.00000E+00  0.00000E+00
    9.6149E+01 -5.54833E+01 -4.00255E+01  0.00000E+00  0.00000E+00
    9.6310E+01 -5.54833E+01 -4.00255E+01  0.00000E+00  0.00000E+00
    9.6472E+01 -5.54833E+01 -4.00255E+01  0.00000E+00  0.00000E+00
    9.6634E+01 -5.54833E+01 -4.00255E+01  0.00000E+00  0.00000E+00
    9.6796E+01 -5.54833E+01 -4.00255E+01  0.00000E+00  0.00000E+00
    9.6958E+01 -5.54833E+01 -4.00255E+01  0.00000E+00  0.00000E+00
    9.7120E+01 -5.54833E+01 -4.00255E+01  0.00000E+00  0.00000E+00
    9.7282E+01 -5.54833E+01 -4.00255E+01  0.00000E+00  0.00000E+00
    9.7443E+01 -5.54833E+01 -4.00255E+01  0.00000E+00  0.00000E+00
    9.7605E+01 -5.54833E+01 -4.00255E+01  0.00000E+00  0.00000E+00
    9.7767E+01 -5.54833E+01 -4.00255E+01  0.00000E+00  0.00000E+00
    9.7929E+01 -5.54833E+01 -4.00255E+01  0.00000E+00  0.00000E+00
    9.8091E+01 -5.54833E+01 -4.00255E+01  0.00000E+00  0.00000E+00
    9.8253E+01 -5.54833E+01 -4.00255E+01  0.00000E+00  0.00000E+00
    9.8415E+01 -5.54833E+01 -4.00255E+01  0.00000E+00  0.00000E+00
    9.8577E+01 -5.54833E+01 -4.00255E+01  0.00000E+00  0.00000E+00
    9.8738E+01 -5.54833E+01 -4.00255E+01  0.00000E+00  0.00000E+00
    9.8900E+01 -5.54833E+01 -4.00255E+01  0.00000E+00  0.00000E+00
    9.9062E+01 -5.54833E+01 -4.00255E+01  0.00000E+00  0.00000E+00
    9.9224E+01 -5.54833E+01 -4.00255E+01  0.00000E+00  0.00000E+00
    9.9386E+01 -5.54833E+01 -4.00255E+01  0.00000E+00  0.00000E+00
    9.9548E+01 -5.54833E+01 -4.00255E+01  0.00000E+00  0.00000E+00
    9.9710E+01 -5.54833E+01 -4.00255E+01  0.00000E+00  0.00000E+00
    9.9871E+01 -5.54833E+01 -4.00255E+01  0.00000E+00  0.00000E+00
    1.0003E+02 -5.54833E+01 -4.00255E+01  0.00000E+00  0.00000E+00
    1.0020E+02 -5.54833E+01 -4.00255E+01  0.00000E+00  0.00000E+00
    1.0036E+02 -5.54833E+01 -4.00255E+01  0.00000E+00  0.00000E+00
    1.0052E+02 -5.54833E+01 -4.00255E+01  0.00000E+00  0.00000E+00
    1.0068E+02 -5.54833E+01 -4.00255E+01  0.00000E+00  0.00000E+00
    1.0084E+02 -5.54833E+01 -4.00255E+01  0.00000E+00  0.00000E+00
    1.0100E+02 -5.54833E+01 -4.00255E+01  0.00000E+00  0.00000E+00
    1.0117E+02 -5.54833E+01 -4.00255E+01  0.00000E+00  0.00000E+00
    1.0133E+02 -5.54833E+01 -4.00255E+01  0.00000E+00  0.00000E+00
    1.0149E+02 -5.54833E+01 -4.00255E+01  0.00000E+00  0.00000E+00
    1.0165E+02 -5.54833E+01 -4.00255E+01  0.00000E+00  0.00000E+00
    1.0181E+02 -5.54833E+01 -4.00255E+01  0.00000E+00  0.00000E+00
    1.0198E+02 -5.54833E+01 -4.00255E+01  0.00000E+00  0.00000E+00
    1.0214E+02 -5.54833E+01 -4.00255E+01  0.00000E+00  0.00000E+00
    1.0230E+02 -5.54833E+01 -4.00255E+01  0.00000E+00  0.00000E+00
    1.0246E+02 -5.54833E+01 -4.00255E+01  0.00000E+00  0.00000E+00
    1.0262E+02 -5.54833E+01 -4.00255E+01  0.00000E+00  0.00000E+00
    1.0279E+02 -5.54833E+01 -4.00255E+01  0.00000E+00  0.00000E+00
    1.0295E+02 -5.54833E+01 -4.00255E+01  0.00000E+00  0.00000E+00
    1.0311E+02 -5.54833E+01 -4.00255E+01  0.00000E+00  0.00000E+00
    1.0327E+02 -5.54833E+01 -4.00255E+01  0.00000E+00  0.00000E+00
    1.0343E+02 -5.54833E+01 -4.00255E+01  0.00000E+00  0.00000E+00
    1.0359E+02 -5.54833E+01 -4.00255E+01  0.00000E+00  0.00000E+00
    1.0376E+02 -5.54833E+01 -4.00255E+01  0.00000E+00  0.00000E+00
    1.0392E+02 -5.54833E+01 -4.00255E+01  0.00000E+00  0.00000E+00
    1.0408E+02 -5.54833E+01 -4.00255E+01  0.00000E+00  0.00000E+00
    1.0424E+02 -5.54833E+01 -4.00255E+01  0.00000E+00  0.00000E+00
    1.0440E+02 -5.54833E+01 -4.00255E+01  0.00000E+00  0.00000E+00
    1.0457E+02 -5.54833E+01 -4.00255E+01  0.00000E+00  0.00000E+00
    1.0473E+02 -5.54833E+01 -4.00255E+01  0.00000E+00  0.00000E+00
    1.0489E+02 -5.54833E+01 -4.00255E+01  0.00000E+00  0.00000E+00
    1.0505E+02 -5.54833E+01 -4.00255E+01  0.00000E+00  0.00000E+00
    1.0521E+02 -5.54833E+01 -4.00255E+01  0.00000E+00  0.00000E+00
    1.0537E+02 -5.54833E+01 -4.00255E+01  0.00000E+00  0.00000E+00
    1.0554E+02 -5.54833E+01 -4.00255E+01  0.00000E+00  0.00000E+00
    1.0570E+02 -5.54833E+01 -4.00255E+01  0.00000E+00  0.00000E+00
    1.0586E+02 -5.54833E+01 -4.00255E+01  0.00000E+00  0.00000E+00
    1.0602E+02 -5.54833E+01 -4.00255E+01  0.00000E+00  0.00000E+00
    1.0618E+02 -5.54833E+01 -4.00255E+01  0.00000E+00  0.00000E+00
    1.0635E+02 -5.54833E+01 -4.00255E+01  0.00000E+00  0.00000E+00
    1.0651E+02 -5.54833E+01 -4.00255E+01  0.00000E+00  0.00000E+00
    1.0667E+02 -5.54833E+01 -4.00255E+01  0.00000E+00  0.00000E+00
    1.0683E+02 -5.54833E+01 -4.00255E+01  0.00000E+00  0.00000E+00
    1.0699E+02 -5.54833E+01 -4.00255E+01  0.00000E+00  0.00000E+00
    1.0716E+02 -5.54833E+01 -4.00255E+01  0.00000E+00  0.00000E+00
    1.0732E+02 -5.54833E+01 -4.00255E+01  0.00000E+00  0.00000E+00
    1.0748E+02 -5.54833E+01 -4.00255E+01  0.00000E+00  0.00000E+00
    1.0764E+02 -5.54833E+01 -4.00255E+01  0.00000E+00  0.00000E+00
    1.0780E+02 -5.54833E+01 -4.00255E+01  0.00000E+00  0.00000E+00
    1.0796E+02 -5.54833E+01 -4.00255E+01  0.00000E+00  0.00000E+00
    1.0813E+02 -5.54833E+01 -4.00255E+01  0.00000E+00  0.00000E+00
    1.0829E+02 -5.54833E+01 -4.00255E+01  0.00000E+00  0.00000E+00
    1.0845E+02 -5.54833E+01 -4.00255E+01  0.00000E+00  0.00000E+00
    1.0861E+02 -5.54833E+01 -4.00255E+01  0.00000E+00  0.00000E+00
    1.0877E+02 -5.54833E+01 -4.00255E+01  0.00000E+00  0.00000E+00
    1.0894E+02 -5.54833E+01 -4.00255E+01  0.00000E+00  0.00000E+00
    1.0910E+02 -5.54833E+01 -4.00255E+01  0.00000E+00  0.00000E+00
    1.0926E+02 -5.54833E+01 -4.00255E+01  0.00000E+00  0.00000E+00
    1.0942E+02 -5.54833E+01 -4.00255E+01  0.00000E+00  0.00000E+00
    1.0958E+02 -5.54833E+01 -4.00255E+01  0.00000E+00  0.00000E+00
    1.0975E+02 -5.54833E+01 -4.00255E+01  0.00000E+00  0.00000E+00
    1.0991E+02 -5.54833E+01 -4.00255E+01  0.00000E+00  0.00000E+00
    1.1007E+02 -5.54833E+01 -4.00255E+01  0.00000E+00  0.00000E+00
    1.1023E+02 -5.54833E+01 -4.00255E+01  0.00000E+00  0.00000E+00
    1.1039E+02 -5.54833E+01 -4.00255E+01  0.00000E+00  0.00000E+00
    1.1055E+02 -5.54833E+01 -4.00255E+01  0.00000E+00  0.00000E+00
    1.1072E+02 -5.54833E+01 -4.00255E+01  0.00000E+00  0.00000E+00
    1.1088E+02 -5.54833E+01 -4.00255E+01  0.00000E+00  0.00000E+00
    1.1104E+02 -5.54833E+01 -4.00255E+01  0.00000E+00  0.00000E+00
    1.1120E+02 -5.54833E+01 -4.00255E+01  0.00000E+00  0.00000E+00
    1.1136E+02 -5.54833E+01 -4.00255E+01  0.00000E+00  0.00000E+00
    1.1153E+02 -5.54833E+01 -4.00255E+01  0.00000E+00  0.00000E+00
    1.1169E+02 -5.54833E+01 -4.00255E+01  0.00000E+00  0.00000E+00
    1.1185E+02 -5.54833E+01 -4.00255E+01  0.00000E+00  0.00000E+00
    1.1201E+02 -5.54833E+01 -4.00255E+01  0.00000E+00  0.00000E+00
    1.1217E+02 -5.54833E+01 -4.00255E+01  0.00000E+00  0.00000E+00
    1.1234E+02 -5.54833E+01 -4.00255E+01  0.00000E+00  0.00000E+00
    1.1250E+02 -5.54833E+01 -4.00255E+01  0.00000E+00  0.00000E+00
    1.1266E+02 -5.54833E+01 -4.00255E+01  0.00000E+00  0.00000E+00
    1.1282E+02 -5.54833E+01 -4.00255E+01  0.00000E+00  0.00000E+00
    1.1298E+02 -5.54833E+01 -4.00255E+01  0.00000E+00  0.00000E+00
    1.1314E+02 -5.54833E+01 -4.00255E+01  0.00000E+00  0.00000E+00
    1.1331E+02 -5.54833E+01 -4.00255E+01  0.00000E+00  0.00000E+00
    1.1347E+02 -5.54833E+01 -4.00255E+01  0.00000E+00  0.00000E+00
    1.1363E+02 -5.54833E+01 -4.00255E+01  0.00000E+00  0.00000E+00
    1.1379E+02 -5.54833E+01 -4.00255E+01  0.00000E+00  0.00000E+00
    1.1395E+02 -5.54833E+01 -4.00255E+01  0.00000E+00  0.00000E+00
    1.1412E+02 -5.54833E+01 -4.00255E+01  0.00000E+00  0.00000E+00
    1.1428E+02 -5.54833E+01 -4.00255E+01  0.00000E+00  0.00000E+00
    1.1444E+02 -5.54833E+01 -4.00255E+01  0.00000E+00  0.00000E+00
    1.1460E+02 -5.54833E+01 -4.00255E+01  0.00000E+00  0.00000E+00
    1.1476E+02 -5.54833E+01 -4.00255E+01  0.00000E+00  0.00000E+00
    1.1492E+02 -5.54833E+01 -4.00255E+01  0.00000E+00  0.00000E+00
    1.1509E+02 -5.54833E+01 -4.00255E+01  0.00000E+00  0.00000E+00
    1.1525E+02 -5.54833E+01 -4.00255E+01  0.00000E+00  0.00000E+00
    1.1541E+02 -5.54833E+01 -4.00255E+01  0.00000E+00  0.00000E+00
    1.1557E+02 -5.54833E+01 -4.00255E+01  0.00000E+00  0.00000E+00
    1.1573E+02 -5.54833E+01 -4.00255E+01  0.00000E+00  0.00000E+00
    1.1590E+02 -5.54833E+01 -4.00255E+01  0.00000E+00  0.00000E+00
    1.1606E+02 -5.54833E+01 -4.00255E+01  0.00000E+00  0.00000E+00
    1.1622E+02 -5.54833E+01 -4.00255E+01  0.00000E+00  0.00000E+00
    1.1638E+02 -5.54833E+01 -4.00255E+01  0.00000E+00  0.00000E+00
    1.1654E+02 -5.54833E+01 -4.00255E+01  0.00000E+00  0.00000E+00
    1.1671E+02 -5.54833E+01 -4.00255E+01  0.00000E+00  0.00000E+00
    1.1687E+02 -5.54833E+01 -4.00255E+01  0.00000E+00  0.00000E+00
    1.1703E+02 -5.54833E+01 -4.00255E+01  0.00000E+00  0.00000E+00
    1.1719E+02 -5.54833E+01 -4.00255E+01  0.00000E+00  0.00000E+00
    1.1735E+02 -5.54833E+01 -4.00255E+01  0.00000E+00  0.00000E+00
    1.1751E+02 -5.54833E+01 -4.00255E+01  0.00000E+00  0.00000E+00
    1.1768E+02 -5.54833E+01 -4.00255E+01  0.00000E+00  0.00000E+00
    1.1784E+02 -5.54833E+01 -4.00255E+01  0.00000E+00  0.00000E+00
    1.1800E+02 -5.54833E+01 -4.00255E+01  0.00000E+00  0.00000E+00
    1.1816E+02 -5.54833E+01 -4.00255E+01  0.00000E+00  0.00000E+00
    1.1832E+02 -5.54833E+01 -4.00255E+01  0.00000E+00  0.00000E+00
    1.1849E+02 -5.54833E+01 -4.00255E+01  0.00000E+00  0.00000E+00
    1.1865E+02 -5.54833E+01 -4.00255E+01  0.00000E+00  0.00000E+00
    1.1881E+02 -5.54833E+01 -4.00255E+01  0.00000E+00  0.00000E+00
    1.1897E+02 -5.54833E+01 -4.00255E+01  0.00000E+00  0.00000E+00
    1.1913E+02 -5.54833E+01 -4.00255E+01  0.00000E+00  0.00000E+00
    1.1930E+02 -5.54833E+01 -4.00255E+01  0.00000E+00  0.00000E+00
    1.1946E+02 -5.54833E+01 -4.00255E+01  0.00000E+00  0.00000E+00
    1.1962E+02 -5.54833E+01 -4.00255E+01  0.00000E+00  0.00000E+00
    1.1978E+02 -5.54833E+01 -4.00255E+01  0.00000E+00  0.00000E+00
    1.1994E+02 -5.54833E+01 -4.00255E+01  0.00000E+00  0.00000E+00
    1.2010E+02 -5.54833E+01 -4.00255E+01  0.00000E+00  0.00000E+00
    1.2027E+02 -5.54833E+01 -4.00255E+01  0.00000E+00  0.00000E+00
    1.2043E+02 -5.54833E+01 -4.00255E+01  0.00000E+00  0.00000E+00
    1.2059E+02 -5.54833E+01 -4.00255E+01  0.00000E+00  0.00000E+00
    1.2075E+02 -5.54833E+01 -4.00255E+01  0.00000E+00  0.00000E+00
    1.2091E+02 -5.54833E+01 -4.00255E+01  0.00000E+00  0.00000E+00
    1.2108E+02 -5.54833E+01 -4.00255E+01  0.00000E+00  0.00000E+00
    1.2124E+02 -5.54833E+01 -4.00255E+01  0.00000E+00  0.00000E+00
    1.2140E+02 -5.54833E+01 -4.00255E+01  0.00000E+00  0.00000E+00
    1.2156E+02 -5.54833E+01 -4.00255E+01  0.00000E+00  0.00000E+00
    1.2172E+02 -5.54833E+01 -4.00255E+01  0.00000E+00  0.00000E+00
    1.2189E+02 -5.54833E+01 -4.00255E+01  0.00000E+00  0.00000E+00
    1.2205E+02 -5.54833E+01 -4.00255E+01  0.00000E+00  0.00000E+00
    1.2221E+02 -5.54833E+01 -4.00255E+01  0.00000E+00  0.00000E+00
    1.2237E+02 -5.54833E+01 -4.00255E+01  0.00000E+00  0.00000E+00
    1.2253E+02 -5.54833E+01 -4.00255E+01  0.00000E+00  0.00000E+00
    1.2269E+02 -5.54833E+01 -4.00255E+01  0.00000E+00  0.00000E+00
    1.2286E+02 -5.54833E+01 -4.00255E+01  0.00000E+00  0.00000E+00
    1.2302E+02 -5.54833E+01 -4.00255E+01  0.00000E+00  0.00000E+00
    1.2318E+02 -5.54833E+01 -4.00255E+01  0.00000E+00  0.00000E+00
    1.2334E+02 -5.54833E+01 -4.00255E+01  0.00000E+00  0.00000E+00
    1.2350E+02 -5.54833E+01 -4.00255E+01  0.00000E+00  0.00000E+00
    1.2367E+02 -5.54833E+01 -4.00255E+01  0.00000E+00  0.00000E+00
    1.2383E+02 -5.54833E+01 -4.00255E+01  0.00000E+00  0.00000E+00
    1.2399E+02 -5.54833E+01 -4.00255E+01  0.00000E+00  0.00000E+00
    1.2415E+02 -5.54833E+01 -4.00255E+01  0.00000E+00  0.00000E+00
    1.2431E+02 -5.54833E+01 -4.00255E+01  0.00000E+00  0.00000E+00
    1.2448E+02 -5.54833E+01 -4.00255E+01  0.00000E+00  0.00000E+00
    1.2464E+02 -5.54833E+01 -4.00255E+01  0.00000E+00  0.00000E+00
    1.2480E+02 -5.54833E+01 -4.00255E+01  0.00000E+00  0.00000E+00
    1.2496E+02 -5.54833E+01 -4.00255E+01  0.00000E+00  0.00000E+00
    1.2512E+02 -5.54833E+01 -4.00255E+01  0.00000E+00  0.00000E+00
    1.2528E+02 -5.54833E+01 -4.00255E+01  0.00000E+00  0.00000E+00
    1.2545E+02 -5.54833E+01 -4.00255E+01  0.00000E+00  0.00000E+00
    1.2561E+02 -5.54833E+01 -4.00255E+01  0.00000E+00  0.00000E+00
    1.2577E+02 -5.54833E+01 -4.00255E+01  0.00000E+00  0.00000E+00
    1.2593E+02 -5.54833E+01 -4.00255E+01  0.00000E+00  0.00000E+00
    1.2609E+02 -5.54833E+01 -4.00255E+01  0.00000E+00  0.00000E+00
    1.2626E+02 -5.54833E+01 -4.00255E+01  0.00000E+00  0.00000E+00
    1.2642E+02 -5.54833E+01 -4.00255E+01  0.00000E+00  0.00000E+00
    1.2658E+02 -5.54833E+01 -4.00255E+01  0.00000E+00  0.00000E+00
    1.2674E+02 -5.54833E+01 -4.00255E+01  0.00000E+00  0.00000E+00
    1.2690E+02 -5.54833E+01 -4.00255E+01  0.00000E+00  0.00000E+00
    1.2706E+02 -5.54833E+01 -4.00255E+01  0.00000E+00  0.00000E+00
    1.2723E+02 -5.54833E+01 -4.00255E+01  0.00000E+00  0.00000E+00
    1.2739E+02 -5.54833E+01 -4.00255E+01  0.00000E+00  0.00000E+00
    1.2755E+02 -5.54833E+01 -4.00255E+01  0.00000E+00  0.00000E+00
    1.2771E+02 -5.54833E+01 -4.00255E+01  0.00000E+00  0.00000E+00
    1.2787E+02 -5.54833E+01 -4.00255E+01  0.00000E+00  0.00000E+00
    1.2804E+02 -5.54833E+01 -4.00255E+01  0.00000E+00  0.00000E+00
    1.2820E+02 -5.54833E+01 -4.00255E+01  0.00000E+00  0.00000E+00
    1.2836E+02 -5.54833E+01 -4.00255E+01  0.00000E+00  0.00000E+00
    1.2852E+02 -5.54833E+01 -4.00255E+01  0.00000E+00  0.00000E+00
    1.2868E+02 -5.54833E+01 -4.00255E+01  0.00000E+00  0.00000E+00
    1.2885E+02 -5.54833E+01 -4.00255E+01  0.00000E+00  0.00000E+00
    1.2901E+02 -5.54833E+01 -4.00255E+01  0.00000E+00  0.00000E+00
    1.2917E+02 -5.54833E+01 -4.00255E+01  0.00000E+00  0.00000E+00
    1.2933E+02 -5.54833E+01 -4.00255E+01  0.00000E+00  0.00000E+00
    1.2949E+02 -5.54833E+01 -4.00255E+01  0.00000E+00  0.00000E+00
    1.2965E+02 -5.54833E+01 -4.00255E+01  0.00000E+00  0.00000E+00
    1.2982E+02 -5.54833E+01 -4.00255E+01  0.00000E+00  0.00000E+00
    1.2998E+02 -5.54833E+01 -4.00255E+01  0.00000E+00  0.00000E+00
    1.3014E+02 -5.54833E+01 -4.00255E+01  0.00000E+00  0.00000E+00
    1.3030E+02 -5.54833E+01 -4.00255E+01  0.00000E+00  0.00000E+00
    1.3046E+02 -5.54833E+01 -4.00255E+01  0.00000E+00  0.00000E+00
    1.3063E+02 -5.54833E+01 -4.00255E+01  0.00000E+00  0.00000E+00
    1.3079E+02 -5.54833E+01 -4.00255E+01  0.00000E+00  0.00000E+00
    1.3095E+02 -5.54833E+01 -4.00255E+01  0.00000E+00  0.00000E+00
    1.3111E+02 -5.54833E+01 -4.00255E+01  0.00000E+00  0.00000E+00
    1.3127E+02 -5.54833E+01 -4.00255E+01  0.00000E+00  0.00000E+00
    1.3144E+02 -5.54833E+01 -4.00255E+01  0.00000E+00  0.00000E+00
    1.3160E+02 -5.54833E+01 -4.00255E+01  0.00000E+00  0.00000E+00
    1.3176E+02 -5.54833E+01 -4.00255E+01  0.00000E+00  0.00000E+00
    1.3192E+02 -5.54833E+01 -4.00255E+01  0.00000E+00  0.00000E+00
    1.3208E+02 -5.54833E+01 -4.00255E+01  0.00000E+00  0.00000E+00
    1.3224E+02 -5.54833E+01 -4.00255E+01  0.00000E+00  0.00000E+00
    1.3241E+02 -5.54833E+01 -4.00255E+01  0.00000E+00  0.00000E+00
    1.3257E+02 -5.54833E+01 -4.00255E+01  0.00000E+00  0.00000E+00
    1.3273E+02 -5.54833E+01 -4.00255E+01  0.00000E+00  0.00000E+00
    1.3289E+02 -5.54833E+01 -4.00255E+01  0.00000E+00  0.00000E+00
    1.3305E+02 -5.54833E+01 -4.00255E+01  0.00000E+00  0.00000E+00
    1.3322E+02 -5.54833E+01 -4.00255E+01  0.00000E+00  0.00000E+00
    1.3338E+02 -5.54833E+01 -4.00255E+01  0.00000E+00  0.00000E+00
    1.3354E+02 -5.54833E+01 -4.00255E+01  0.00000E+00  0.00000E+00
    1.3370E+02 -5.54833E+01 -4.00255E+01  0.00000E+00  0.00000E+00
    1.3386E+02 -5.54833E+01 -4.00255E+01  0.00000E+00  0.00000E+00
    1.3403E+02 -5.54833E+01 -4.00255E+01  0.00000E+00  0.00000E+00
    1.3419E+02 -5.54833E+01 -4.00255E+01  0.00000E+00  0.00000E+00
    1.3435E+02 -5.54833E+01 -4.00255E+01  0.00000E+00  0.00000E+00
    1.3451E+02 -5.54833E+01 -4.00255E+01  0.00000E+00  0.00000E+00
    1.3467E+02 -5.54833E+01 -4.00255E+01  0.00000E+00  0.00000E+00
    1.3483E+02 -5.54833E+01 -4.00255E+01  0.00000E+00  0.00000E+00
    1.3500E+02 -5.54833E+01 -4.00255E+01  0.00000E+00  0.00000E+00
    1.3516E+02 -5.54833E+01 -4.00255E+01  0.00000E+00  0.00000E+00
    1.3532E+02 -5.54833E+01 -4.00255E+01  0.00000E+00  0.00000E+00
    1.3548E+02 -5.54833E+01 -4.00255E+01  0.00000E+00  0.00000E+00
    1.3564E+02 -5.54833E+01 -4.00255E+01  0.00000E+00  0.00000E+00
    1.3581E+02 -5.54833E+01 -4.00255E+01  0.00000E+00  0.00000E+00
    1.3597E+02 -5.54833E+01 -4.00255E+01  0.00000E+00  0.00000E+00
    1.3613E+02 -5.54833E+01 -4.00255E+01  0.00000E+00  0.00000E+00
    1.3629E+02 -5.54833E+01 -4.00255E+01  0.00000E+00  0.00000E+00
    1.3645E+02 -5.54833E+01 -4.00255E+01  0.00000E+00  0.00000E+00
    1.3662E+02 -5.54833E+01 -4.00255E+01  0.00000E+00  0.00000E+00
    1.3678E+02 -5.54833E+01 -4.00255E+01  0.00000E+00  0.00000E+00
    1.3694E+02 -5.54833E+01 -4.00255E+01  0.00000E+00  0.00000E+00
    1.3710E+02 -5.54833E+01 -4.00255E+01  0.00000E+00  0.00000E+00
    1.3726E+02 -5.54833E+01 -4.00255E+01  0.00000E+00  0.00000E+00
    1.3742E+02 -5.54833E+01 -4.00255E+01  0.00000E+00  0.00000E+00
    1.3759E+02 -5.54833E+01 -4.00255E+01  0.00000E+00  0.00000E+00
    1.3775E+02 -5.54833E+01 -4.00255E+01  0.00000E+00  0.00000E+00
    1.3791E+02 -5.54833E+01 -4.00255E+01  0.00000E+00  0.00000E+00
    1.3807E+02 -5.54833E+01 -4.00255E+01  0.00000E+00  0.00000E+00
    1.3823E+02 -5.54833E+01 -4.00255E+01  0.00000E+00  0.00000E+00
    1.3840E+02 -5.54833E+01 -4.00255E+01  0.00000E+00  0.00000E+00
    1.3856E+02 -5.54833E+01 -4.00255E+01  0.00000E+00  0.00000E+00
    1.3872E+02 -5.54833E+01 -4.00255E+01  0.00000E+00  0.00000E+00
    1.3888E+02 -5.54833E+01 -4.00255E+01  0.00000E+00  0.00000E+00
    1.3904E+02 -5.54833E+01 -4.00255E+01  0.00000E+00  0.00000E+00
    1.3920E+02 -5.54833E+01 -4.00255E+01  0.00000E+00  0.00000E+00
    1.3937E+02 -5.54833E+01 -4.00255E+01  0.00000E+00  0.00000E+00
    1.3953E+02 -5.54833E+01 -4.00255E+01  0.00000E+00  0.00000E+00
    1.3969E+02 -5.54833E+01 -4.00255E+01  0.00000E+00  0.00000E+00
    1.3985E+02 -5.54833E+01 -4.00255E+01  0.00000E+00  0.00000E+00
    1.4001E+02 -5.54833E+01 -4.00255E+01  0.00000E+00  0.00000E+00
    1.4018E+02 -5.54833E+01 -4.00255E+01  0.00000E+00  0.00000E+00
    1.4034E+02 -5.54833E+01 -4.00255E+01  0.00000E+00  0.00000E+00
    1.4050E+02 -5.54833E+01 -4.00255E+01  0.00000E+00  0.00000E+00
    1.4066E+02 -5.54833E+01 -4.00255E+01  0.00000E+00  0.00000E+00
    1.4082E+02 -5.54833E+01 -4.00255E+01  0.00000E+00  0.00000E+00
    1.4099E+02 -5.54833E+01 -4.00255E+01  0.00000E+00  0.00000E+00
    1.4115E+02 -5.54833E+01 -4.00255E+01  0.00000E+00  0.00000E+00
    1.4131E+02 -5.54833E+01 -4.00255E+01  0.00000E+00  0.00000E+00
    1.4147E+02 -5.54833E+01 -4.00255E+01  0.00000E+00  0.00000E+00
    1.4163E+02 -5.54833E+01 -4.00255E+01  0.00000E+00  0.00000E+00
    1.4179E+02 -5.54833E+01 -4.00255E+01  0.00000E+00  0.00000E+00
    1.4196E+02 -5.54833E+01 -4.00255E+01  0.00000E+00  0.00000E+00
    1.4212E+02 -5.54833E+01 -4.00255E+01  0.00000E+00  0.00000E+00
    1.4228E+02 -5.54833E+01 -4.00255E+01  0.00000E+00  0.00000E+00
    1.4244E+02 -5.54833E+01 -4.00255E+01  0.00000E+00  0.00000E+00
    1.4260E+02 -5.54833E+01 -4.00255E+01  0.00000E+00  0.00000E+00
    1.4277E+02 -5.54833E+01 -4.00255E+01  0.00000E+00  0.00000E+00
    1.4293E+02 -5.54833E+01 -4.00255E+01  0.00000E+00  0.00000E+00
    1.4309E+02 -5.54833E+01 -4.00255E+01  0.00000E+00  0.00000E+00
    1.4325E+02 -5.54833E+01 -4.00255E+01  0.00000E+00  0.00000E+00
    1.4341E+02 -5.54833E+01 -4.00255E+01  0.00000E+00  0.00000E+00
    1.4358E+02 -5.54833E+01 -4.00255E+01  0.00000E+00  0.00000E+00
    1.4374E+02 -5.54833E+01 -4.00255E+01  0.00000E+00  0.00000E+00
    1.4390E+02 -5.54833E+01 -4.00255E+01  0.00000E+00  0.00000E+00
    1.4406E+02 -5.54833E+01 -4.00255E+01  0.00000E+00  0.00000E+00
    1.4422E+02 -5.54833E+01 -4.00255E+01  0.00000E+00  0.00000E+00
    1.4438E+02 -5.54833E+01 -4.00255E+01  0.00000E+00  0.00000E+00
    1.4455E+02 -5.54833E+01 -4.00255E+01  0.00000E+00  0.00000E+00
    1.4471E+02 -5.54833E+01 -4.00255E+01  0.00000E+00  0.00000E+00
    1.4487E+02 -5.54833E+01 -4.00255E+01  0.00000E+00  0.00000E+00
    1.4503E+02 -5.54833E+01 -4.00255E+01  0.00000E+00  0.00000E+00
    1.4519E+02 -5.54833E+01 -4.00255E+01  0.00000E+00  0.00000E+00
    1.4536E+02 -5.54833E+01 -4.00255E+01  0.00000E+00  0.00000E+00
    1.4552E+02 -5.54833E+01 -4.00255E+01  0.00000E+00  0.00000E+00
    1.4568E+02 -5.54833E+01 -4.00255E+01  0.00000E+00  0.00000E+00
    1.4584E+02 -5.54833E+01 -4.00255E+01  0.00000E+00  0.00000E+00
    1.4600E+02 -5.54833E+01 -4.00255E+01  0.00000E+00  0.00000E+00
    1.4617E+02 -5.54833E+01 -4.00255E+01  0.00000E+00  0.00000E+00
    1.4633E+02 -5.54833E+01 -4.00255E+01  0.00000E+00  0.00000E+00
    1.4649E+02 -5.54833E+01 -4.00255E+01  0.00000E+00  0.00000E+00
    1.4665E+02 -5.54833E+01 -4.00255E+01  0.00000E+00  0.00000E+00
    1.4681E+02 -5.54833E+01 -4.00255E+01  0.00000E+00  0.00000E+00
    1.4697E+02 -5.54833E+01 -4.00255E+01  0.00000E+00  0.00000E+00
    1.4714E+02 -5.54833E+01 -4.00255E+01  0.00000E+00  0.00000E+00
    1.4730E+02 -5.54833E+01 -4.00255E+01  0.00000E+00  0.00000E+00
    1.4746E+02 -5.54833E+01 -4.00255E+01  0.00000E+00  0.00000E+00
    1.4762E+02 -5.54833E+01 -4.00255E+01  0.00000E+00  0.00000E+00
    1.4778E+02 -5.54833E+01 -4.00255E+01  0.00000E+00  0.00000E+00
    1.4795E+02 -5.54833E+01 -4.00255E+01  0.00000E+00  0.00000E+00
    1.4811E+02 -5.54833E+01 -4.00255E+01  0.00000E+00  0.00000E+00
    1.4827E+02 -5.54833E+01 -4.00255E+01  0.00000E+00  0.00000E+00
    1.4843E+02 -5.54833E+01 -4.00255E+01  0.00000E+00  0.00000E+00
    1.4859E+02 -5.54833E+01 -4.00255E+01  0.00000E+00  0.00000E+00
    1.4876E+02 -5.54833E+01 -4.00255E+01  0.00000E+00  0.00000E+00
    1.4892E+02 -5.54833E+01 -4.00255E+01  0.00000E+00  0.00000E+00
    1.4908E+02 -5.54833E+01 -4.00255E+01  0.00000E+00  0.00000E+00
    1.4924E+02 -5.54833E+01 -4.00255E+01  0.00000E+00  0.00000E+00
    1.4940E+02 -5.54833E+01 -4.00255E+01  0.00000E+00  0.00000E+00
    1.4956E+02 -5.54833E+01 -4.00255E+01  0.00000E+00  0.00000E+00
    1.4973E+02 -5.54833E+01 -4.00255E+01  0.00000E+00  0.00000E+00
    1.4989E+02 -5.54833E+01 -4.00255E+01  0.00000E+00  0.00000E+00
    1.5005E+02 -5.54833E+01 -4.00255E+01  0.00000E+00  0.00000E+00
    1.5021E+02 -5.54833E+01 -4.00255E+01  0.00000E+00  0.00000E+00
    1.5037E+02 -5.54833E+01 -4.00255E+01  0.00000E+00  0.00000E+00
    1.5054E+02 -5.54833E+01 -4.00255E+01  0.00000E+00  0.00000E+00
    1.5070E+02 -5.54833E+01 -4.00255E+01  0.00000E+00  0.00000E+00
    1.5086E+02 -5.54833E+01 -4.00255E+01  0.00000E+00  0.00000E+00
    1.5102E+02 -5.54833E+01 -4.00255E+01  0.00000E+00  0.00000E+00
    1.5118E+02 -5.54833E+01 -4.00255E+01  0.00000E+00  0.00000E+00
    1.5134E+02 -5.54833E+01 -4.00255E+01  0.00000E+00  0.00000E+00
    1.5151E+02 -5.54833E+01 -4.00255E+01  0.00000E+00  0.00000E+00
    1.5167E+02 -5.54833E+01 -4.00255E+01  0.00000E+00  0.00000E+00
    1.5183E+02 -5.54833E+01 -4.00255E+01  0.00000E+00  0.00000E+00
    1.5199E+02 -5.54833E+01 -4.00255E+01  0.00000E+00  0.00000E+00
    1.5215E+02 -5.54833E+01 -4.00255E+01  0.00000E+00  0.00000E+00
    1.5232E+02 -5.54833E+01 -4.00255E+01  0.00000E+00  0.00000E+00
    1.5248E+02 -5.54833E+01 -4.00255E+01  0.00000E+00  0.00000E+00
    1.5264E+02 -5.54833E+01 -4.00255E+01  0.00000E+00  0.00000E+00
    1.5280E+02 -5.54833E+01 -4.00255E+01  0.00000E+00  0.00000E+00
    1.5296E+02 -5.54833E+01 -4.00255E+01  0.00000E+00  0.00000E+00
    1.5313E+02 -5.54833E+01 -4.00255E+01  0.00000E+00  0.00000E+00
    1.5329E+02 -5.54833E+01 -4.00255E+01  0.00000E+00  0.00000E+00
    1.5345E+02 -5.54833E+01 -4.00255E+01  0.00000E+00  0.00000E+00
    1.5361E+02 -5.54833E+01 -4.00255E+01  0.00000E+00  0.00000E+00
    1.5377E+02 -5.54833E+01 -4.00255E+01  0.00000E+00  0.00000E+00
    1.5393E+02 -5.54833E+01 -4.00255E+01  0.00000E+00  0.00000E+00
    1.5410E+02 -5.54833E+01 -4.00255E+01  0.00000E+00  0.00000E+00
    1.5426E+02 -5.54833E+01 -4.00255E+01  0.00000E+00  0.00000E+00
    1.5442E+02 -5.54833E+01 -4.00255E+01  0.00000E+00  0.00000E+00
    1.5458E+02 -5.54833E+01 -4.00255E+01  0.00000E+00  0.00000E+00
    1.5474E+02 -5.54833E+01 -4.00255E+01  0.00000E+00  0.00000E+00
    1.5491E+02 -5.54833E+01 -4.00255E+01  0.00000E+00  0.00000E+00
    1.5507E+02 -5.54833E+01 -4.00255E+01  0.00000E+00  0.00000E+00
    1.5523E+02 -5.54833E+01 -4.00255E+01  0.00000E+00  0.00000E+00
    1.5539E+02 -5.54833E+01 -4.00255E+01  0.00000E+00  0.00000E+00
    1.5555E+02 -5.54833E+01 -4.00255E+01  0.00000E+00  0.00000E+00
    1.5572E+02 -5.54833E+01 -4.00255E+01  0.00000E+00  0.00000E+00
    1.5588E+02 -5.54833E+01 -4.00255E+01  0.00000E+00  0.00000E+00
    1.5604E+02 -5.54833E+01 -4.00255E+01  0.00000E+00  0.00000E+00
    1.5620E+02 -5.54833E+01 -4.00255E+01  0.00000E+00  0.00000E+00
    1.5636E+02 -5.54833E+01 -4.00255E+01  0.00000E+00  0.00000E+00
    1.5652E+02 -5.54833E+01 -4.00255E+01  0.00000E+00  0.00000E+00
    1.5669E+02 -5.54833E+01 -4.00255E+01  0.00000E+00  0.00000E+00
    1.5685E+02 -5.54833E+01 -4.00255E+01  0.00000E+00  0.00000E+00
    1.5701E+02 -5.54833E+01 -4.00255E+01  0.00000E+00  0.00000E+00
    1.5717E+02 -5.54833E+01 -4.00255E+01  0.00000E+00  0.00000E+00
    1.5733E+02 -5.54833E+01 -4.00255E+01  0.00000E+00  0.00000E+00
    1.5750E+02 -5.54833E+01 -4.00255E+01  0.00000E+00  0.00000E+00
    1.5766E+02 -5.54833E+01 -4.00255E+01  0.00000E+00  0.00000E+00
    1.5782E+02 -5.54833E+01 -4.00255E+01  0.00000E+00  0.00000E+00
    1.5798E+02 -5.54833E+01 -4.00255E+01  0.00000E+00  0.00000E+00
    1.5814E+02 -5.54833E+01 -4.00255E+01  0.00000E+00  0.00000E+00
    1.5831E+02 -5.54833E+01 -4.00255E+01  0.00000E+00  0.00000E+00
    1.5847E+02 -5.54833E+01 -4.00255E+01  0.00000E+00  0.00000E+00
    1.5863E+02 -5.54833E+01 -4.00255E+01  0.00000E+00  0.00000E+00
    1.5879E+02 -5.54833E+01 -4.00255E+01  0.00000E+00  0.00000E+00
    1.5895E+02 -5.54833E+01 -4.00255E+01  0.00000E+00  0.00000E+00
    1.5911E+02 -5.54833E+01 -4.00255E+01  0.00000E+00  0.00000E+00
    1.5928E+02 -5.54833E+01 -4.00255E+01  0.00000E+00  0.00000E+00
    1.5944E+02 -5.54833E+01 -4.00255E+01  0.00000E+00  0.00000E+00
    1.5960E+02 -5.54833E+01 -4.00255E+01  0.00000E+00  0.00000E+00
    1.5976E+02 -5.54833E+01 -4.00255E+01  0.00000E+00  0.00000E+00
    1.5992E+02 -5.54833E+01 -4.00255E+01  0.00000E+00  0.00000E+00
    1.6009E+02 -5.54833E+01 -4.00255E+01  0.00000E+00  0.00000E+00
    1.6025E+02 -5.54833E+01 -4.00255E+01  0.00000E+00  0.00000E+00
    1.6041E+02 -5.54833E+01 -4.00255E+01  0.00000E+00  0.00000E+00
    1.6057E+02 -5.54833E+01 -4.00255E+01  0.00000E+00  0.00000E+00
    1.6073E+02 -5.54833E+01 -4.00255E+01  0.00000E+00  0.00000E+00
    1.6089E+02 -5.54833E+01 -4.00255E+01  0.00000E+00  0.00000E+00
    1.6106E+02 -5.54833E+01 -4.00255E+01  0.00000E+00  0.00000E+00
    1.6122E+02 -5.54833E+01 -4.00255E+01  0.00000E+00  0.00000E+00
    1.6138E+02 -5.54833E+01 -4.00255E+01  0.00000E+00  0.00000E+00
    1.6154E+02 -5.54833E+01 -4.00255E+01  0.00000E+00  0.00000E+00
    1.6170E+02 -5.76146E+01 -4.21568E+01  0.00000E+00  0.00000E+00
