        1038    5    7.7829    1.3466E+00    4.2029E-01    1.3203E+00    1.1332E-01    3.9818E-02    3.5036E-01    2.5734E+00    1.1058E+00    5.9784E+00    2.4888E+00    1.2716E+00    1.5113E+01
        1039    5    7.7487    1.8991E+00    5.9678E-01    2.1011E+00    2.1110E-01    7.4580E-02    7.0438E-01    3.0898E+00    1.2404E+00    6.7259E+00    2.3496E+00    1.3666E+00    1.4947E+01
        1040    5    7.7442    1.9032E+00    6.2617E-01    2.1685E+00    2.1544E-01    8.8420E-02    7.4912E-01    3.0967E+00    1.3122E+00    6.7169E+00    2.2213E+00    1.5311E+00    1.4529E+01
        1041    5    7.7662    1.5704E+00    5.6078E-01    1.6446E+00    1.3649E-01    6.9673E-02    4.7168E-01    2.8813E+00    1.3705E+00    6.2385E+00    2.2121E+00    1.7768E+00    1.4236E+01
        1099    5    7.6914    2.2614E+00    6.9262E-01    2.8240E+00    3.4732E-01    1.2370E-01    1.3647E+00    3.1803E+00    1.1638E+00    6.9452E+00    1.9466E+00    1.1143E+00    1.3468E+01
        1100    5    7.6647    2.1333E+00    6.5920E-01    2.9136E+00    3.5203E-01    1.3937E-01    1.4595E+00    2.9159E+00    1.0775E+00    6.6597E+00    1.5946E+00    9.9710E-01    1.2137E+01
        1101    5    7.6652    1.9717E+00    6.8808E-01    2.8237E+00    3.4064E-01    1.5952E-01    1.4188E+00    2.7351E+00    1.1541E+00    6.4638E+00    1.5554E+00    1.2220E+00    1.1806E+01
        1102    5    7.6915    1.9231E+00    7.7219E-01    2.6140E+00    3.2201E-01    1.7221E-01    1.2578E+00    2.7744E+00    1.3733E+00    6.4709E+00    1.8376E+00    1.6888E+00    1.2399E+01
        1103    5    7.7424    1.7471E+00    7.7012E-01    2.0189E+00    2.1177E-01    1.2051E-01    6.9397E-01    2.7832E+00    1.6583E+00    6.3522E+00    2.2820E+00    2.1124E+00    1.3001E+01
        1160    5    7.6167    1.9214E+00    5.5969E-01    2.8842E+00    3.2624E-01    1.4254E-01    1.4462E+00    2.4355E+00    7.8273E-01    5.8181E+00    1.1226E+00    6.9159E-01    9.7343E+00
        1161    5    7.5962    1.6444E+00    4.9342E-01    2.7150E+00    3.0609E-01    1.6116E-01    1.3930E+00    2.0586E+00    6.8416E-01    5.1812E+00    8.8774E-01    5.6088E-01    8.2632E+00
        1162    5    7.6015    1.4958E+00    5.4714E-01    2.5936E+00    3.0684E-01    1.7652E-01    1.3544E+00    1.8910E+00    7.8419E-01    5.0027E+00    9.7933E-01    7.9536E-01    8.3074E+00
        1163    5    7.6330    1.6107E+00    7.2193E-01    2.5921E+00    3.3081E-01    2.0719E-01    1.3326E+00    2.0873E+00    1.1201E+00    5.3913E+00    1.3367E+00    1.3457E+00    9.6183E+00
        1164    5    7.6892    1.7932E+00    9.1193E-01    2.4622E+00    3.4504E-01    2.1196E-01    1.1594E+00    2.4688E+00    1.6127E+00    6.1485E+00    2.0669E+00    1.9746E+00    1.1287E+01
        1165    5    7.7620    1.3873E+00    8.1379E-01    1.5927E+00    1.6438E-01    9.7805E-02    4.3021E-01    2.2645E+00    1.9164E+00    6.3092E+00    2.7836E+00    2.4603E+00    1.1903E+01
        1221    5    7.5549    1.3792E+00    3.7875E-01    2.4359E+00    2.5473E-01    1.3700E-01    1.2796E+00    1.6004E+00    4.3471E-01    3.8100E+00    4.9372E-01    1.2927E-01    5.3053E+00
        1222    5    7.5392    1.1652E+00    3.4823E-01    2.2330E+00    2.4209E-01    1.4253E-01    1.2273E+00    1.3154E+00    3.8816E-01    3.0717E+00    3.5822E-01    8.8394E-02    4.1169E+00
        1223    5    7.5501    1.0882E+00    4.3262E-01    2.1151E+00    2.5644E-01    1.6603E-01    1.1964E+00    1.2281E+00    5.1668E-01    3.1047E+00    4.6953E-01    2.0097E-01    4.7679E+00
        1224    5    7.5882    1.3431E+00    6.4247E-01    2.2224E+00    3.1365E-01    2.1287E-01    1.2312E+00    1.5964E+00    9.2025E-01    4.1544E+00    9.0869E-01    7.3153E-01    6.9246E+00
        1225    5    7.6498    1.6808E+00    9.1905E-01    2.4706E+00    3.8177E-01    2.4768E-01    1.2053E+00    2.1499E+00    1.4936E+00    5.5510E+00    1.7760E+00    1.6315E+00    9.6011E+00
        1226    5    7.7227    1.6138E+00    1.0634E+00    2.3567E+00    3.2731E-01    2.0019E-01    7.9394E-01    2.2716E+00    2.0346E+00    6.8723E+00    2.9058E+00    2.4016E+00    1.0930E+01
        1227    5    7.7893    8.2546E-01    6.5508E-01    1.1234E+00    1.0926E-01    6.2853E-02    2.0845E-01    1.4899E+00    1.9023E+00    6.6168E+00    3.2975E+00    2.8162E+00    1.0205E+01
        1282    5    7.5024    9.6259E-01    2.4489E-01    1.8531E+00    2.2261E-01    1.1386E-01    1.2534E+00    1.0035E+00    2.3269E-01    1.9663E+00    1.8404E-01    1.9091E-02    1.8165E+00
        1283    5    7.4916    8.1514E-01    2.4180E-01    1.6511E+00    2.1851E-01    1.0731E-01    1.2678E+00    8.2596E-01    2.2673E-01    1.5540E+00    1.5564E-01    1.3721E-02    1.3144E+00
        1284    5    7.5093    8.3008E-01    3.5940E-01    1.5774E+00    2.4635E-01    1.4229E-01    1.1693E+00    8.6135E-01    3.5947E-01    1.6566E+00    2.7159E-01    4.4264E-02    2.1271E+00
        1285    5    7.5551    1.1897E+00    6.0217E-01    1.9194E+00    2.9886E-01    1.9031E-01    1.1128E+00    1.3065E+00    7.5704E-01    2.9179E+00    7.3264E-01    3.2563E-01    4.6987E+00
        1286    5    7.6209    1.5867E+00    9.1110E-01    2.4385E+00    4.0257E-01    2.5438E-01    1.1328E+00    1.9200E+00    1.3520E+00    5.0406E+00    1.6527E+00    1.3031E+00    8.0948E+00
        1287    5    7.6901    1.6069E+00    1.1512E+00    2.7729E+00    4.3554E-01    2.6987E-01    9.5794E-01    2.0936E+00    1.9422E+00    7.1282E+00    2.9608E+00    2.1724E+00    9.6358E+00
        1288    5    7.7455    1.2107E+00    1.0810E+00    2.3602E+00    2.9572E-01    1.6469E-01    4.6660E-01    1.7618E+00    2.2049E+00    8.3960E+00    3.7735E+00    2.9245E+00    9.5225E+00
        1289    5    7.7811    7.8626E-01    7.5966E-01    1.5397E+00    1.6563E-01    8.0573E-02    2.0299E-01    1.3218E+00    1.9934E+00    8.4376E+00    4.1730E+00    3.2700E+00    8.5440E+00
        1343    5    7.4582    6.8102E-01    1.5977E-01    1.3992E+00    2.4412E-01    5.4020E-02    1.5594E+00    6.2807E-01    1.2707E-01    1.0086E+00    5.9985E-02    4.1191E-04    1.1093E-01
        1344    5    7.4530    6.3054E-01    1.9572E-01    1.5152E+00    2.5154E-01    6.1316E-02    1.6007E+00    5.6773E-01    1.3937E-01    7.8819E-01    4.5037E-02    1.8664E-04    3.1772E-02
        1345    5    7.4788    7.2701E-01    3.2509E-01    1.1774E+00    2.6250E-01    1.0080E-01    1.2670E+00    7.0850E-01    3.0500E-01    1.0418E+00    1.5316E-01    1.0721E-02    7.5226E-01
        1346    5    7.5321    1.1643E+00    5.5653E-01    1.7604E+00    3.1326E-01    1.6777E-01    1.0634E+00    1.2145E+00    6.5409E-01    2.1469E+00    5.7636E-01    1.6250E-01    3.2195E+00
        1347    5    7.5994    1.5022E+00    8.6529E-01    2.4628E+00    4.3896E-01    2.4613E-01    1.0503E+00    1.7919E+00    1.2373E+00    4.7682E+00    1.6196E+00    9.7215E-01    6.7536E+00
        1348    5    7.6610    1.5012E+00    1.1172E+00    3.0420E+00    5.1743E-01    3.0300E-01    9.5281E-01    1.9379E+00    1.7828E+00    7.2846E+00    2.9853E+00    1.8488E+00    8.1663E+00
        1349    5    7.7046    1.3332E+00    1.1989E+00    3.2144E+00    5.2000E-01    2.8848E-01    7.0291E-01    1.7591E+00    2.0508E+00    9.0598E+00    4.0117E+00    2.7741E+00    8.2063E+00
        1350    5    7.7320    1.1856E+00    1.1048E+00    3.0091E+00    4.4749E-01    2.1481E-01    4.7350E-01    1.6801E+00    2.0624E+00    9.9181E+00    4.7117E+00    3.3124E+00    7.5161E+00
        1351    5    7.7516    1.0772E+00    9.2588E-01    2.6286E+00    3.5140E-01    1.4974E-01    3.1488E-01    1.6667E+00    1.9118E+00    1.0207E+01    5.3473E+00    3.5414E+00    7.0236E+00
        1352    5    7.7709    9.1105E-01    7.1293E-01    2.0822E+00    2.5006E-01    1.0045E-01    2.0136E-01    1.5823E+00    1.6799E+00    9.9179E+00    5.7357E+00    3.4457E+00    6.8406E+00
        1404    5    7.4232    4.0177E-01    9.0094E-02    1.1598E+00    3.3060E-01    2.4977E-02    1.9607E+00    3.4877E-01    5.8402E-02    5.7734E-01    0.0000E+00    0.0000E+00    0.0000E+00
        1405    5    7.4248    4.5645E-01    1.7103E-01    9.9897E-01    3.4984E-01    3.0731E-02    1.8959E+00    3.9902E-01    1.1316E-01    4.2595E-01    0.0000E+00    0.0000E+00    0.0000E+00
        1406    5    7.4592    7.6471E-01    3.3005E-01    1.0349E+00    3.5251E-01    8.4678E-02    1.3966E+00    6.9248E-01    2.7028E-01    6.5885E-01    9.8171E-02    1.9362E-03    1.2547E-01
        1407    5    7.5182    1.1227E+00    5.2387E-01    1.6581E+00    3.6168E-01    1.5226E-01    1.0151E+00    1.1907E+00    5.9833E-01    1.8612E+00    5.6603E-01    1.0712E-01    2.3706E+00
        1408    5    7.5830    1.3804E+00    8.1641E-01    2.5654E+00    4.8040E-01    2.3361E-01    9.5206E-01    1.5913E+00    1.0982E+00    4.6404E+00    1.6124E+00    7.6060E-01    5.4327E+00
        1409    5    7.6348    1.3525E+00    1.0322E+00    3.2626E+00    5.8809E-01    3.1208E-01    8.5481E-01    1.6307E+00    1.4959E+00    7.1847E+00    3.0654E+00    1.6045E+00    6.7280E+00
        1410    5    7.6688    1.2989E+00    1.1099E+00    3.5307E+00    6.5233E-01    3.4090E-01    7.3489E-01    1.6579E+00    1.7265E+00    8.9452E+00    4.1131E+00    2.4688E+00    6.4432E+00
        1411    5    7.6921    1.3128E+00    1.0914E+00    3.6276E+00    6.7215E-01    3.2285E-01    6.1972E-01    1.7371E+00    1.7391E+00    9.8654E+00    4.9835E+00    3.1898E+00    6.1056E+00
        1412    5    7.7129    1.2992E+00    1.0083E+00    3.5188E+00    6.3196E-01    2.7050E-01    5.1606E-01    1.8560E+00    1.6789E+00    1.0379E+01    5.7180E+00    3.6510E+00    5.9161E+00
        1413    5    7.7372    1.2102E+00    9.0098E-01    3.1338E+00    4.9291E-01    1.9296E-01    3.7156E-01    1.9095E+00    1.6176E+00    1.0674E+01    6.1753E+00    3.5960E+00    6.0127E+00
        1414    5    7.7689    9.6670E-01    6.6935E-01    2.2175E+00    2.7405E-01    1.0253E-01    1.9872E-01    1.7612E+00    1.4598E+00    1.0221E+01    6.2376E+00    3.3750E+00    6.4182E+00
        1465    5    7.3995    8.1938E-02    2.6829E-02    4.7921E-01    4.3904E-01    1.7533E-02    2.1912E+00    2.6618E-02    7.6690E-03    6.4870E-02    0.0000E+00    0.0000E+00    0.0000E+00
        1466    5    7.4084    3.0107E-01    1.3711E-01    6.1215E-01    4.6705E-01    2.5711E-02    2.0844E+00    1.9531E-01    9.1864E-02    1.3278E-01    0.0000E+00    0.0000E+00    0.0000E+00
        1467    5    7.4504    8.1568E-01    3.1434E-01    9.6189E-01    4.0293E-01    8.3931E-02    1.4479E+00    6.3433E-01    2.4710E-01    5.0272E-01    4.3769E-02    2.6393E-04    1.1313E-02
        1468    5    7.5122    1.0825E+00    4.9430E-01    1.7396E+00    4.1396E-01    1.4566E-01    9.5506E-01    1.1258E+00    5.4821E-01    1.8908E+00    6.0543E-01    1.0142E-01    2.1160E+00
        1469    5    7.5711    1.1759E+00    7.5637E-01    2.6771E+00    5.4029E-01    2.2742E-01    8.3084E-01    1.3503E+00    9.7743E-01    4.6844E+00    1.7117E+00    6.8650E-01    4.3746E+00
        1470    5    7.6127    1.1831E+00    9.0067E-01    3.2817E+00    6.6049E-01    3.1591E-01    7.3095E-01    1.3993E+00    1.2361E+00    7.0647E+00    3.0865E+00    1.4551E+00    5.2497E+00
        1471    5    7.6403    1.2621E+00    9.7490E-01    3.6321E+00    7.3959E-01    3.6685E-01    6.5211E-01    1.5531E+00    1.3647E+00    8.4062E+00    4.2364E+00    2.2708E+00    4.9954E+00
        1472    5    7.6626    1.3348E+00    9.5914E-01    3.7309E+00    7.7696E-01    3.6309E-01    6.1691E-01    1.7607E+00    1.3991E+00    9.4120E+00    4.9479E+00    3.0957E+00    4.6824E+00
        1473    5    7.6864    1.3844E+00    9.4081E-01    3.7963E+00    7.6624E-01    3.2071E-01    5.8298E-01    1.9185E+00    1.4066E+00    1.0182E+01    5.7503E+00    3.5145E+00    4.8021E+00
        1474    5    7.7161    1.3446E+00    9.1204E-01    3.5614E+00    6.5351E-01    2.5375E-01    4.8027E-01    2.0265E+00    1.4465E+00    1.0733E+01    6.3489E+00    3.6240E+00    5.3990E+00
        1475    5    7.7541    1.1152E+00    7.8053E-01    2.7256E+00    3.7227E-01    1.3780E-01    2.6590E-01    1.9553E+00    1.4402E+00    1.0697E+01    6.4335E+00    3.4317E+00    6.1232E+00
        1526    5    7.3882    6.8198E-04    1.7749E-03    1.9846E-01    5.4835E-01    1.3230E-02    2.1024E+00    9.7053E-24    4.8027E-24    0.0000E+00    0.0000E+00    0.0000E+00    0.0000E+00
        1527    5    7.4043    1.3206E-01    1.4123E-01    4.4907E-01    5.6532E-01    2.3022E-02    1.9951E+00    6.6560E-02    8.5171E-02    3.8280E-02    0.0000E+00    0.0000E+00    0.0000E+00
        1528    5    7.4524    6.8701E-01    3.0031E-01    1.0831E+00    4.7224E-01    7.9070E-02    1.3305E+00    6.0657E-01    2.4653E-01    5.9780E-01    6.6080E-02    5.8941E-04    2.4569E-02
        1529    5    7.5135    9.6049E-01    4.9307E-01    1.9063E+00    4.8319E-01    1.4692E-01    8.6069E-01    1.0118E+00    5.2841E-01    2.2252E+00    7.4234E-01    1.2695E-01    1.8549E+00
        1530    5    7.5635    1.0195E+00    7.0998E-01    2.7747E+00    6.1076E-01    2.4293E-01    7.0002E-01    1.1544E+00    8.8720E-01    4.8198E+00    1.8872E+00    6.9813E-01    3.4729E+00
        1531    5    7.5962    1.1165E+00    7.8560E-01    3.2527E+00    7.2991E-01    3.4108E-01    6.0953E-01    1.3284E+00    1.0272E+00    6.7427E+00    3.0685E+00    1.4719E+00    3.9365E+00
        1532    5    7.6201    1.2482E+00    8.2632E-01    3.5662E+00    7.8677E-01    3.7333E-01    5.6771E-01    1.5495E+00    1.0902E+00    7.9890E+00    4.3791E+00    2.2359E+00    3.6425E+00
        1533    5    7.6433    1.3816E+00    8.4329E-01    3.7491E+00    8.3372E-01    3.7188E-01    5.7231E-01    1.7689E+00    1.1402E+00    8.9071E+00    5.0169E+00    2.9480E+00    3.7876E+00
        1534    5    7.6711    1.4096E+00    8.7273E-01    3.8265E+00    8.2425E-01    3.3805E-01    5.8802E-01    1.9729E+00    1.2322E+00    9.9300E+00    5.6981E+00    3.3720E+00    4.1575E+00
        1535    5    7.7061    1.3997E+00    8.9652E-01    3.7018E+00    7.1139E-01    2.7543E-01    5.1824E-01    2.0856E+00    1.3423E+00    1.0703E+01    6.4593E+00    3.5596E+00    5.0704E+00
        1536    5    7.7494    1.1696E+00    8.0253E-01    2.8711E+00    4.0741E-01    1.5048E-01    2.8973E-01    2.0225E+00    1.4103E+00    1.0810E+01    6.4789E+00    3.4358E+00    6.0090E+00
        1587    5    7.3898    2.6680E-03    2.7401E-03    2.3179E-01    6.2186E-01    1.3012E-02    1.9871E+00    3.1310E-06    2.1868E-06    0.0000E+00    0.0000E+00    0.0000E+00    0.0000E+00
        1588    5    7.4125    3.5120E-01    1.6727E-01    7.7262E-01    6.4038E-01    2.3590E-02    1.7648E+00    2.7863E-01    1.1618E-01    3.1161E-01    0.0000E+00    0.0000E+00    0.0000E+00
        1589    5    7.4647    7.5754E-01    3.1546E-01    1.3495E+00    5.2739E-01    7.7114E-02    1.0988E+00    6.2693E-01    2.6529E-01    9.9258E-01    2.0427E-01    7.1989E-03    2.5002E-01
        1590    5    7.5211    8.5045E-01    5.2257E-01    2.1893E+00    5.6339E-01    1.8257E-01    7.1953E-01    9.1112E-01    5.6311E-01    2.7399E+00    9.9596E-01    2.0688E-01    1.8847E+00
        1591    5    7.5600    1.0067E+00    6.7945E-01    2.9058E+00    6.8266E-01    2.8189E-01    5.6095E-01    1.1448E+00    8.1670E-01    5.1095E+00    2.1134E+00    8.5223E-01    2.7164E+00
        1592    5    7.5856    1.1621E+00    7.1131E-01    3.2377E+00    7.6798E-01    3.4518E-01    5.2161E-01    1.3952E+00    8.7438E-01    6.4583E+00    3.1090E+00    1.6587E+00    2.7574E+00
        1593    5    7.6081    1.2732E+00    7.3807E-01    3.5035E+00    8.2069E-01    3.7156E-01    5.1422E-01    1.5992E+00    9.3246E-01    7.6792E+00    4.3375E+00    2.1524E+00    2.8637E+00
        1594    5    7.6339    1.3761E+00    7.8579E-01    3.7239E+00    8.5549E-01    3.7377E-01    5.4095E-01    1.7776E+00    1.0198E+00    8.6639E+00    5.1041E+00    2.7645E+00    3.2914E+00
        1595    5    7.6660    1.4238E+00    8.4855E-01    3.8272E+00    8.3889E-01    3.4274E-01    5.8301E-01    1.9959E+00    1.1668E+00    9.8263E+00    5.6878E+00    3.3252E+00    3.9462E+00
        1648    5    7.4041    2.0888E-01    4.5439E-02    8.5261E-01    7.2537E-01    1.4282E-02    1.8159E+00    9.2012E-02    1.2375E-02    1.7078E-01    0.0000E+00    0.0000E+00    0.0000E+00
        1648    6    7.7384    1.2106E+00    1.5695E+00    3.9717E+00    6.2533E-01    1.8742E-01    1.8454E-01    1.6361E+00    2.5932E+00    1.3774E+01    6.8627E+00    3.1338E+00    3.1357E+00
        1649    5    7.4329    4.8381E-01    2.0595E-01    1.1935E+00    6.6509E-01    2.8287E-02    1.4305E+00    4.3057E-01    1.4295E-01    5.6764E-01    0.0000E+00    0.0000E+00    0.0000E+00
        1649    6    7.7105    1.4148E+00    1.7440E+00    4.4312E+00    8.1095E-01    2.7337E-01    2.8479E-01    1.8621E+00    2.5886E+00    1.2996E+01    6.5277E+00    3.0666E+00    3.1060E+00
        1650    5    7.4865    6.9766E-01    3.7354E-01    1.6783E+00    5.4855E-01    1.3846E-01    8.1634E-01    6.9665E-01    3.5307E-01    1.5006E+00    4.9415E-01    3.6321E-02    7.2679E-01
        1650    6    7.7319    1.5004E+00    1.7287E+00    3.7727E+00    6.2355E-01    2.4060E-01    2.4150E-01    2.0971E+00    2.6919E+00    1.2081E+01    6.6294E+00    3.3397E+00    3.6055E+00
        1651    5    7.5323    8.9837E-01    5.8338E-01    2.4936E+00    6.4640E-01    2.5225E-01    5.5132E-01    9.8332E-01    6.2903E-01    3.5610E+00    1.3404E+00    4.9261E-01    1.8430E+00
        1652    5    7.5594    1.1338E+00    6.5521E-01    3.0220E+00    7.3667E-01    2.9260E-01    4.7848E-01    1.3141E+00    7.5870E-01    5.3894E+00    2.2875E+00    1.2084E+00    2.0658E+00
        1653    5    7.5806    1.2306E+00    6.6802E-01    3.2347E+00    7.9349E-01    3.4078E-01    4.7371E-01    1.4822E+00    7.9263E-01    6.3369E+00    3.1495E+00    1.7334E+00    2.2370E+00
        1654    5    7.6042    1.2894E+00    7.0940E-01    3.4793E+00    8.3301E-01    3.7087E-01    4.9578E-01    1.6249E+00    8.7829E-01    7.5305E+00    4.3261E+00    2.1079E+00    2.6674E+00
        1709    5    7.4310    4.6194E-01    1.1610E-01    1.3592E+00    7.0550E-01    2.3612E-02    1.3966E+00    3.8698E-01    7.6538E-02    6.3952E-01    0.0000E+00    0.0000E+00    0.0000E+00
        1709    6    7.6523    1.5183E+00    1.7192E+00    4.5765E+00    9.2778E-01    3.3021E-01    3.8204E-01    1.8684E+00    2.2748E+00    1.1184E+01    5.2383E+00    2.5360E+00    2.5455E+00
        1710    5    7.4651    6.5619E-01    3.0981E-01    1.6318E+00    6.1477E-01    1.2981E-01    9.0680E-01    6.2481E-01    2.3760E-01    1.3575E+00    2.7517E-01    3.5378E-03    2.3491E-01
        1710    6    7.6331    1.5310E+00    1.7140E+00    4.3107E+00    8.8942E-01    3.3013E-01    4.0487E-01    1.8435E+00    2.1702E+00    9.8606E+00    4.7624E+00    2.3267E+00    2.5259E+00
        1711    5    7.5140    8.4343E-01    5.5549E-01    2.2831E+00    6.3526E-01    2.4335E-01    5.4261E-01    8.9609E-01    5.7558E-01    2.9197E+00    1.0131E+00    3.2592E-01    1.2814E+00
        1711    6    7.6714    1.8148E+00    1.9288E+00    4.0406E+00    8.2991E-01    3.7283E-01    4.3080E-01    2.3133E+00    2.6186E+00    9.9664E+00    5.4152E+00    2.8235E+00    3.5568E+00
        1712    5    7.5415    1.1154E+00    6.1603E-01    2.8181E+00    7.1000E-01    2.6963E-01    4.5779E-01    1.2421E+00    6.7455E-01    4.3418E+00    1.6503E+00    9.1814E-01    1.5805E+00
        1713    5    7.5595    1.2293E+00    6.3314E-01    3.0709E+00    7.5789E-01    2.9404E-01    4.4994E-01    1.4319E+00    7.2624E-01    5.5073E+00    2.3843E+00    1.3259E+00    1.8467E+00
        1770    5    7.4699    6.9503E-01    2.6932E-01    1.8051E+00    6.0505E-01    1.9433E-01    7.6118E-01    6.7946E-01    2.4495E-01    1.4045E+00    3.1872E-01    1.1458E-02    3.2831E-01
        1770    6    7.5809    1.2636E+00    1.3400E+00    3.7469E+00    8.0276E-01    2.9846E-01    3.9942E-01    1.4508E+00    1.5746E+00    7.1466E+00    2.9753E+00    1.6400E+00    1.8707E+00
        1771    5    7.5073    8.5121E-01    6.1547E-01    2.2141E+00    6.2562E-01    2.4633E-01    5.1746E-01    9.0788E-01    6.4086E-01    2.6520E+00    8.9295E-01    3.0906E-01    9.6892E-01
        1771    6    7.5697    1.3595E+00    1.3705E+00    3.3659E+00    7.5337E-01    2.9320E-01    4.2866E-01    1.5491E+00    1.6032E+00    5.9548E+00    2.5741E+00    1.3648E+00    2.0164E+00
        1772    5    7.5305    1.0624E+00    6.5043E-01    2.6896E+00    6.8209E-01    2.6498E-01    4.5240E-01    1.1598E+00    6.9302E-01    3.8700E+00    1.3660E+00    7.4724E-01    1.3583E+00
        1772    6    7.6441    1.8915E+00    1.9853E+00    3.7351E+00    8.1843E-01    3.7604E-01    4.8741E-01    2.3327E+00    2.5710E+00    8.3342E+00    4.5690E+00    2.5367E+00    3.6810E+00
        1831    5    7.5202    9.7011E-01    7.8955E-01    2.5586E+00    6.7045E-01    2.7008E-01    4.3965E-01    1.0373E+00    8.3821E-01    3.3415E+00    1.1885E+00    6.2895E-01    1.0363E+00
        1831    6    7.5202    9.5760E-01    7.4887E-01    2.5799E+00    6.5755E-01    2.4456E-01    4.7169E-01    1.0236E+00    7.9374E-01    3.4251E+00    1.0796E+00    4.4594E-01    1.2413E+00
        4700    5    7.7158    2.0915E+00    6.8909E-01    2.5849E+00    3.0559E-01    1.1944E-01    1.1362E+00    3.1317E+00    1.2904E+00    6.9252E+00    2.0665E+00    1.3284E+00    1.4200E+01
        4701    5    7.7138    2.0300E+00    7.1556E-01    2.5490E+00    2.9744E-01    1.3434E-01    1.1295E+00    3.0618E+00    1.3574E+00    6.7865E+00    1.9757E+00    1.5330E+00    1.3756E+01
        4702    5    7.7387    1.8679E+00    7.1535E-01    2.1569E+00    2.1997E-01    1.1340E-01    7.8534E-01    3.0097E+00    1.4930E+00    6.5014E+00    2.1060E+00    1.8611E+00    1.3684E+01
        4703    5    7.7887    1.1528E+00    4.7880E-01    1.0690E+00    8.1395E-02    5.1629E-02    2.7581E-01    2.4305E+00    1.4450E+00    5.4226E+00    2.2558E+00    2.0272E+00    1.3085E+01
        4761    5    7.6388    1.9137E+00    6.2151E-01    2.8464E+00    3.3577E-01    1.5855E-01    1.4518E+00    2.5372E+00    9.3905E-01    6.0595E+00    1.2956E+00    9.6996E-01    1.0765E+01
        4762    5    7.6423    1.7909E+00    6.7569E-01    2.7277E+00    3.3035E-01    1.7886E-01    1.4094E+00    2.3973E+00    1.0581E+00    5.8845E+00    1.3332E+00    1.1925E+00    1.0599E+01
        4763    5    7.6725    1.8425E+00    8.0902E-01    2.6008E+00    3.3323E-01    1.9188E-01    1.3144E+00    2.5697E+00    1.3866E+00    6.1470E+00    1.6578E+00    1.6351E+00    1.1336E+01
        4764    5    7.7281    1.8287E+00    8.8754E-01    2.1678E+00    2.6315E-01    1.5365E-01    8.4980E-01    2.7530E+00    1.7721E+00    6.3050E+00    2.2529E+00    2.1700E+00    1.2423E+01
        4822    5    7.5761    1.4166E+00    4.4396E-01    2.4574E+00    2.7590E-01    1.6098E-01    1.3133E+00    1.7339E+00    5.8876E-01    4.3646E+00    6.6052E-01    3.9325E-01    6.7390E+00
        4823    5    7.5853    1.3521E+00    5.4721E-01    2.3533E+00    2.9006E-01    1.8641E-01    1.2952E+00    1.6580E+00    7.6067E-01    4.3598E+00    7.8090E-01    6.0559E-01    7.0600E+00
        4824    5    7.6220    1.5472E+00    7.7038E-01    2.4055E+00    3.3033E-01    2.1812E-01    1.2835E+00    1.9627E+00    1.1488E+00    4.9543E+00    1.2614E+00    1.2631E+00    8.8768E+00
        4825    5    7.6836    1.7871E+00    1.0250E+00    2.4235E+00    3.5910E-01    2.2765E-01    1.1527E+00    2.4178E+00    1.7331E+00    5.9728E+00    2.0638E+00    1.9881E+00    1.0809E+01
        4826    5    7.7601    1.4113E+00    9.3894E-01    1.6116E+00    1.7516E-01    1.0552E-01    4.3585E-01    2.2450E+00    2.0751E+00    6.3497E+00    2.8873E+00    2.5577E+00    1.1558E+01
        4883    5    7.5248    1.0090E+00    3.3103E-01    1.8868E+00    2.4296E-01    1.4376E-01    1.1991E+00    1.1121E+00    3.5894E-01    2.3815E+00    3.0084E-01    6.5478E-02    3.2524E+00
        4884    5    7.5406    1.0439E+00    4.8968E-01    1.9003E+00    2.5498E-01    1.6829E-01    1.1560E+00    1.1623E+00    5.6434E-01    2.5523E+00    4.3101E-01    1.7080E-01    3.9680E+00
        4885    5    7.5849    1.3914E+00    7.2611E-01    2.1016E+00    3.1976E-01    2.2152E-01    1.1866E+00    1.6316E+00    1.0169E+00    3.8531E+00    9.1414E-01    7.0774E-01    6.5760E+00
        4886    5    7.6520    1.7392E+00    1.0597E+00    2.4330E+00    3.9828E-01    2.5929E-01    1.1679E+00    2.2375E+00    1.6680E+00    5.4951E+00    1.8988E+00    1.6820E+00    9.4498E+00
        4887    5    7.7270    1.6225E+00    1.1893E+00    2.3150E+00    3.2557E-01    1.9958E-01    7.2425E-01    2.2784E+00    2.2094E+00    6.9694E+00    3.0728E+00    2.5018E+00    1.0634E+01
        4888    5    7.7915    8.1353E-01    7.0393E-01    1.0890E+00    1.0803E-01    6.1637E-02    1.9205E-01    1.4420E+00    1.9712E+00    6.7034E+00    3.4493E+00    2.9334E+00    9.7136E+00
        4944    5    7.4833    7.6910E-01    2.4990E-01    1.3086E+00    2.2206E-01    9.7321E-02    1.2888E+00    7.8389E-01    2.2532E-01    1.1869E+00    1.5292E-01    9.8158E-03    8.9275E-01
        4945    5    7.5069    8.9375E-01    4.3087E-01    1.4287E+00    2.5631E-01    1.3924E-01    1.1495E+00    9.2776E-01    4.1673E-01    1.4188E+00    2.9110E-01    5.0794E-02    1.9344E+00
        4946    5    7.5592    1.3244E+00    7.2437E-01    1.8781E+00    3.1831E-01    1.9929E-01    1.0917E+00    1.4712E+00    9.4735E-01    2.9286E+00    8.3190E-01    3.8504E-01    4.7941E+00
        4947    5    7.6296    1.7138E+00    1.0833E+00    2.4863E+00    4.3020E-01    2.6718E-01    1.1014E+00    2.1057E+00    1.5859E+00    5.2011E+00    1.8852E+00    1.4392E+00    8.2662E+00
        4948    5    7.6990    1.6318E+00    1.3222E+00    2.7722E+00    4.4790E-01    2.7474E-01    8.6588E-01    2.1477E+00    2.1891E+00    7.3936E+00    3.2881E+00    2.3292E+00    9.5121E+00
        4949    5    7.7510    1.2155E+00    1.1556E+00    2.2556E+00    2.8470E-01    1.5339E-01    3.9797E-01    1.7947E+00    2.3047E+00    8.5303E+00    4.0567E+00    3.0656E+00    9.0557E+00
        4950    5    7.7834    8.0760E-01    7.9799E-01    1.4898E+00    1.6361E-01    7.7037E-02    1.8525E-01    1.3816E+00    2.0167E+00    8.4204E+00    4.4836E+00    3.3467E+00    8.0303E+00
        5005    5    7.4517    7.3654E-01    2.3619E-01    1.0103E+00    2.8028E-01    7.3244E-02    1.5759E+00    6.3168E-01    1.4505E-01    5.8385E-01    4.8005E-02    1.0950E-04    2.0088E-02
        5006    5    7.4839    9.0515E-01    3.7022E-01    1.1441E+00    2.7996E-01    1.1071E-01    1.2006E+00    8.7662E-01    3.4551E-01    9.2600E-01    2.1787E-01    1.6738E-02    9.0727E-01
        5007    5    7.5433    1.3461E+00    7.4402E-01    1.8247E+00    3.4749E-01    1.8095E-01    1.0275E+00    1.4590E+00    8.4132E-01    2.4189E+00    7.4583E-01    2.5657E-01    3.6993E+00
        5008    5    7.6135    1.6658E+00    1.0758E+00    2.5838E+00    4.7601E-01    2.6324E-01    1.0120E+00    1.9974E+00    1.4917E+00    5.2133E+00    2.0124E+00    1.1920E+00    7.1301E+00
        5009    5    7.6735    1.5702E+00    1.3119E+00    3.0950E+00    5.4702E-01    3.1420E-01    8.6953E-01    2.0154E+00    2.0150E+00    7.6366E+00    3.4669E+00    2.0603E+00    8.0408E+00
        5010    5    7.7137    1.4018E+00    1.3009E+00    3.1397E+00    5.2323E-01    2.7709E-01    6.0767E-01    1.8895E+00    2.1937E+00    9.1669E+00    4.4621E+00    2.9608E+00    7.8115E+00
        5011    5    7.7392    1.2594E+00    1.1621E+00    2.8308E+00    4.2834E-01    1.9480E-01    3.9940E-01    1.8438E+00    2.1238E+00    9.8246E+00    5.1807E+00    3.4372E+00    7.0920E+00
        5012    5    7.7588    1.1090E+00    9.7939E-01    2.3671E+00    3.2193E-01    1.3387E-01    2.5854E-01    1.7913E+00    1.9588E+00    9.8935E+00    5.7185E+00    3.6177E+00    6.6931E+00
        5013    5    7.7801    8.7515E-01    7.3670E-01    1.7380E+00    2.1370E-01    8.2816E-02    1.6001E-01    1.6274E+00    1.6828E+00    9.3901E+00    5.8884E+00    3.4349E+00    6.5636E+00
        5066    5    7.4312    6.2369E-01    1.7195E-01    7.9782E-01    3.7425E-01    4.2938E-02    1.7871E+00    4.9017E-01    1.3216E-01    3.0982E-01    0.0000E+00    0.0000E+00    0.0000E+00
        5067    5    7.4717    9.1538E-01    3.6569E-01    1.0691E+00    3.4195E-01    9.5473E-02    1.2324E+00    9.2230E-01    3.3045E-01    7.3155E-01    1.6846E-01    8.9737E-03    5.2967E-01
        5068    5    7.5357    1.3575E+00    7.0236E-01    1.8740E+00    3.9716E-01    1.7100E-01    9.6802E-01    1.4434E+00    7.9793E-01    2.3676E+00    8.1390E-01    2.1790E-01    3.1272E+00
        5069    5    7.6017    1.5532E+00    1.0344E+00    2.6968E+00    5.4887E-01    2.6155E-01    9.0988E-01    1.8561E+00    1.3946E+00    5.3520E+00    2.1803E+00    1.0281E+00    6.0876E+00
        5070    5    7.6508    1.5089E+00    1.2390E+00    3.2714E+00    6.4311E-01    3.2935E-01    7.9209E-01    1.8822E+00    1.7832E+00    7.6559E+00    3.6432E+00    1.9278E+00    6.6833E+00
        5071    5    7.6821    1.4724E+00    1.2593E+00    3.5025E+00    6.8372E-01    3.4349E-01    6.5479E-01    1.9122E+00    1.8942E+00    9.1210E+00    4.7071E+00    2.7956E+00    6.2149E+00
        5072    5    7.7045    1.4634E+00    1.2019E+00    3.4760E+00    6.6651E-01    3.0560E-01    5.4245E-01    2.0230E+00    1.8784E+00    9.8641E+00    5.5517E+00    3.4563E+00    5.8958E+00
        5073    5    7.7262    1.4146E+00    1.1007E+00    3.2440E+00    5.7677E-01    2.3427E-01    4.3000E-01    2.0994E+00    1.8042E+00    1.0265E+01    6.0527E+00    3.7481E+00    5.7089E+00
        5074    5    7.7527    1.2495E+00    9.4131E-01    2.6381E+00    3.8839E-01    1.4574E-01    2.7329E-01    2.0629E+00    1.7099E+00    1.0312E+01    6.3887E+00    3.6085E+00    6.0240E+00
        5075    5    7.7872    8.3870E-01    6.0100E-01    1.5773E+00    1.8589E-01    6.9355E-02    1.3033E-01    1.6662E+00    1.4048E+00    9.2231E+00    6.0789E+00    3.2494E+00    6.3267E+00
        5127    5    7.4222    5.0686E-01    1.8546E-01    7.5541E-01    4.7347E-01    3.6893E-02    1.7966E+00    3.8391E-01    1.3301E-01    2.4909E-01    0.0000E+00    0.0000E+00    0.0000E+00
        5128    5    7.4698    9.0818E-01    3.7482E-01    1.1550E+00    4.0669E-01    9.0199E-02    1.1790E+00    9.4985E-01    3.4340E-01    7.8606E-01    1.9263E-01    8.8617E-03    4.4712E-01
        5129    5    7.5355    1.3012E+00    7.1960E-01    1.9938E+00    4.6281E-01    1.7026E-01    8.8680E-01    1.3854E+00    8.0462E-01    2.6074E+00    9.7661E-01    2.3080E-01    2.8897E+00
        5130    5    7.5937    1.4277E+00    1.0018E+00    2.8041E+00    6.2199E-01    2.7285E-01    7.9169E-01    1.6994E+00    1.2974E+00    5.5271E+00    2.3810E+00    9.9507E-01    5.0872E+00
        5131    5    7.6323    1.4693E+00    1.1435E+00    3.3582E+00    7.2437E-01    3.5083E-01    6.7394E-01    1.8065E+00    1.5373E+00    7.5567E+00    3.8325E+00    1.9275E+00    5.2477E+00
        5132    5    7.6579    1.5374E+00    1.1626E+00    3.5595E+00    7.7694E-01    3.7260E-01    6.1266E-01    2.0089E+00    1.6480E+00    8.7404E+00    4.8407E+00    2.7700E+00    4.8121E+00
        5133    5    7.6801    1.5770E+00    1.1302E+00    3.6677E+00    7.7942E-01    3.4728E-01    5.7397E-01    2.1266E+00    1.6195E+00    9.5637E+00    5.6052E+00    3.3672E+00    4.7046E+00
        5134    5    7.7053    1.5746E+00    1.0836E+00    3.5726E+00    7.1446E-01    2.8743E-01    5.1101E-01    2.2522E+00    1.6202E+00    1.0186E+01    6.3087E+00    3.7036E+00    5.0309E+00
        5135    5    7.7372    1.4334E+00    9.9047E-01    3.0834E+00    5.1134E-01    1.9083E-01    3.5632E-01    2.2576E+00    1.6174E+00    1.0527E+01    6.5431E+00    3.6133E+00    5.6045E+00
        5136    5    7.7777    9.7942E-01    7.0141E-01    1.8828E+00    2.3083E-01    8.6113E-02    1.5748E-01    1.8624E+00    1.4513E+00    9.7206E+00    6.2765E+00    3.3320E+00    6.2808E+00
        5188    5    7.4249    4.6557E-01    2.3345E-01    8.2444E-01    5.5101E-01    3.6992E-02    1.6649E+00    3.2515E-01    1.6501E-01    3.0510E-01    0.0000E+00    0.0000E+00    0.0000E+00
        5189    5    7.4782    8.7093E-01    4.0409E-01    1.3740E+00    4.5825E-01    9.1389E-02    1.0477E+00    8.3365E-01    3.8507E-01    1.0403E+00    2.9926E-01    1.5157E-02    6.1686E-01
        5190    5    7.5419    1.2561E+00    8.0188E-01    2.1927E+00    5.4489E-01    1.9034E-01    7.7309E-01    1.3490E+00    8.8704E-01    3.1131E+00    1.2742E+00    3.0384E-01    2.8760E+00
        5191    5    7.5897    1.3967E+00    9.6841E-01    2.9244E+00    6.9851E-01    3.1281E-01    6.4862E-01    1.6609E+00    1.2132E+00    5.7920E+00    2.6647E+00    1.1693E+00    4.1151E+00
        5192    5    7.6193    1.5227E+00    1.0350E+00    3.3748E+00    7.7969E-01    3.6294E-01    5.7427E-01    1.8759E+00    1.3276E+00    7.4793E+00    4.1141E+00    2.1262E+00    3.9002E+00
        5193    5    7.6420    1.6277E+00    1.0673E+00    3.6108E+00    8.2628E-01    3.7725E-01    5.5746E-01    2.0696E+00    1.3963E+00    8.3491E+00    5.0572E+00    2.7181E+00    3.8362E+00
        5194    5    7.6658    1.6489E+00    1.0668E+00    3.6839E+00    8.2779E-01    3.6187E-01    5.6182E-01    2.2275E+00    1.4728E+00    9.2827E+00    5.6232E+00    3.2574E+00    4.0305E+00
        5195    5    7.6952    1.6455E+00    1.0654E+00    3.6895E+00    7.6318E-01    3.0788E-01    5.3071E-01    2.3105E+00    1.5254E+00    1.0141E+01    6.2993E+00    3.6327E+00    4.5898E+00
        5196    5    7.7324    1.4794E+00    1.0058E+00    3.2084E+00    5.4956E-01    2.0541E-01    3.8097E-01    2.3003E+00    1.5892E+00    1.0562E+01    6.5749E+00    3.6194E+00    5.4593E+00
        5249    5    7.4394    5.0373E-01    2.6171E-01    1.1408E+00    5.8872E-01    4.1847E-02    1.3882E+00    4.3139E-01    2.1414E-01    5.7758E-01    3.9774E-03    0.0000E+00    0.0000E+00
        5249    6    7.7720    9.4199E-01    1.2448E+00    2.7116E+00    3.3261E-01    1.0528E-01    9.9000E-02    1.4292E+00    2.3627E+00    1.2841E+01    6.9088E+00    3.3508E+00    3.2435E+00
        5250    5    7.4965    8.7980E-01    4.7727E-01    1.5862E+00    5.2644E-01    1.2125E-01    8.5702E-01    8.8996E-01    4.7985E-01    1.5480E+00    5.9273E-01    4.3125E-02    1.1093E+00
        5250    6    7.7819    9.5254E-01    1.1863E+00    2.2057E+00    2.6146E-01    9.0311E-02    9.1182E-02    1.5668E+00    2.2838E+00    1.1565E+01    6.6878E+00    3.5386E+00    3.4558E+00
        5251    5    7.5537    1.3266E+00    8.9174E-01    2.4925E+00    6.3838E-01    2.6214E-01    6.1120E-01    1.4768E+00    1.0590E+00    4.1034E+00    1.7164E+00    5.6232E-01    2.9278E+00
        5252    5    7.5889    1.4828E+00    9.4146E-01    3.0698E+00    7.6224E-01    3.3387E-01    5.4179E-01    1.7820E+00    1.1472E+00    6.1100E+00    3.0553E+00    1.6203E+00    3.1052E+00
        5253    5    7.6119    1.6050E+00    9.7104E-01    3.3833E+00    8.1612E-01    3.6425E-01    5.1343E-01    1.9870E+00    1.2156E+00    7.3574E+00    4.3186E+00    2.1978E+00    3.0664E+00
        5254    5    7.6342    1.6768E+00    1.0069E+00    3.5885E+00    8.4787E-01    3.8001E-01    5.2206E-01    2.1247E+00    1.2916E+00    8.1821E+00    5.1970E+00    2.5965E+00    3.3369E+00
        5255    5    7.6613    1.6735E+00    1.0510E+00    3.6934E+00    8.4179E-01    3.6609E-01    5.5334E-01    2.2560E+00    1.4050E+00    9.2005E+00    5.6391E+00    3.2190E+00    3.8173E+00
        5310    5    7.4656    6.9994E-01    3.5162E-01    1.5053E+00    5.9039E-01    8.0946E-02    1.0034E+00    6.2941E-01    2.8352E-01    1.1846E+00    2.6468E-01    3.7750E-03    2.6272E-01
        5310    6    7.6864    1.4857E+00    1.7816E+00    4.4982E+00    8.7716E-01    3.2716E-01    3.5334E-01    1.9012E+00    2.4921E+00    1.1971E+01    6.1458E+00    2.8838E+00    3.0172E+00
        5311    5    7.5242    1.0979E+00    7.6097E-01    2.0799E+00    6.0727E-01    2.3598E-01    6.1203E-01    1.1828E+00    8.1767E-01    2.6632E+00    1.1636E+00    2.4780E-01    1.9087E+00
        5311    6    7.7086    1.6585E+00    1.8699E+00    4.0652E+00    7.5679E-01    3.1818E-01    3.2978E-01    2.2392E+00    2.6969E+00    1.1383E+01    6.3405E+00    3.2567E+00    3.6462E+00
        5312    5    7.5670    1.4422E+00    9.3503E-01    2.8810E+00    7.2796E-01    2.9696E-01    5.0331E-01    1.6854E+00    1.1000E+00    5.1421E+00    2.3871E+00    1.2358E+00    2.4819E+00
        5313    5    7.5895    1.5775E+00    9.2266E-01    3.1885E+00    8.0105E-01    3.3900E-01    4.8699E-01    1.9058E+00    1.1123E+00    6.3412E+00    3.4111E+00    1.8243E+00    2.5750E+00
        5314    5    7.6096    1.6352E+00    9.4302E-01    3.3979E+00    8.3119E-01    3.6551E-01    4.9123E-01    2.0259E+00    1.1740E+00    7.3314E+00    4.4134E+00    2.1655E+00    2.8444E+00
        5371    5    7.5038    9.2528E-01    6.2685E-01    1.9370E+00    6.0080E-01    2.2942E-01    5.9641E-01    9.3656E-01    5.7590E-01    2.1854E+00    8.3242E-01    1.5350E-01    1.0669E+00
        5371    6    7.6152    1.4829E+00    1.5577E+00    3.9642E+00    8.6130E-01    3.2866E-01    4.2309E-01    1.7697E+00    1.9374E+00    8.6597E+00    4.2184E+00    2.1256E+00    2.5161E+00
        5372    5    7.5546    1.3437E+00    1.0071E+00    2.7731E+00    7.0371E-01    2.8228E-01    4.7584E-01    1.5416E+00    1.1665E+00    4.6699E+00    1.9368E+00    1.0139E+00    2.1196E+00
        5372    6    7.6561    1.8556E+00    1.9583E+00    3.8626E+00    8.2690E-01    3.8317E-01    4.6801E-01    2.3245E+00    2.6220E+00    9.0193E+00    4.9783E+00    2.6867E+00    3.6412E+00
        5373    5    7.5735    1.4710E+00    9.4464E-01    3.0822E+00    7.6632E-01    3.0665E-01    4.6330E-01    1.7426E+00    1.0985E+00    5.6601E+00    2.7742E+00    1.5063E+00    2.2419E+00
        5432    5    7.5533    1.2849E+00    1.2081E+00    2.9071E+00    7.0296E-01    2.8093E-01    4.4935E-01    1.4684E+00    1.3672E+00    4.7574E+00    1.9198E+00    1.0241E+00    1.9318E+00
        5432    6    7.5548    1.2268E+00    1.2057E+00    2.9079E+00    7.0407E-01    2.8237E-01    4.5404E-01    1.4026E+00    1.3326E+00    4.7839E+00    1.9963E+00    1.0409E+00    1.9977E+00
        8362    5    7.7135    2.0005E+00    7.8570E-01    2.4807E+00    2.8992E-01    1.4724E-01    1.1029E+00    3.0156E+00    1.4939E+00    6.5808E+00    1.9245E+00    1.7644E+00    1.3337E+01
        8363    5    7.7433    1.8309E+00    7.9002E-01    2.0080E+00    2.0152E-01    1.1227E-01    7.0502E-01    2.9677E+00    1.6482E+00    6.2631E+00    2.1146E+00    2.0752E+00    1.3293E+01
        8423    5    7.6486    1.7833E+00    7.8588E-01    2.5965E+00    3.3135E-01    1.9829E-01    1.3612E+00    2.4100E+00    1.2530E+00    5.7300E+00    1.3828E+00    1.4154E+00    1.0544E+01
        8424    5    7.6859    1.8836E+00    9.7150E-01    2.4457E+00    3.3017E-01    2.0243E-01    1.2125E+00    2.6432E+00    1.6383E+00    5.9897E+00    1.8031E+00    1.9416E+00    1.1446E+01
        8425    5    7.7506    1.6743E+00    9.7729E-01    1.7469E+00    1.8780E-01    1.1668E-01    5.6641E-01    2.6624E+00    2.0038E+00    5.9816E+00    2.4170E+00    2.4208E+00    1.2275E+01
        8484    5    7.5992    1.4520E+00    7.0009E-01    2.2850E+00    3.1035E-01    2.1121E-01    1.2651E+00    1.8280E+00    1.0082E+00    4.3927E+00    9.7964E-01    8.7102E-01    7.7448E+00
        8485    5    7.6450    1.7499E+00    1.0022E+00    2.3595E+00    3.5464E-01    2.4057E-01    1.2473E+00    2.2701E+00    1.5506E+00    5.1751E+00    1.5105E+00    1.5750E+00    9.6736E+00
        8486    5    7.7170    1.8538E+00    1.2304E+00    2.1788E+00    3.1568E-01    2.0373E-01    8.9407E-01    2.6071E+00    2.1946E+00    6.0910E+00    2.4342E+00    2.4051E+00    1.1378E+01
        8545    5    7.5632    1.2684E+00    6.7846E-01    1.8955E+00    2.8611E-01    2.0147E-01    1.1486E+00    1.4615E+00    9.0939E-01    3.0606E+00    6.9745E-01    4.2967E-01    5.3006E+00
        8546    5    7.6182    1.6820E+00    1.0501E+00    2.2077E+00    3.6529E-01    2.5414E-01    1.1742E+00    2.0792E+00    1.4853E+00    4.4680E+00    1.4538E+00    1.2416E+00    8.2222E+00
        8547    5    7.6961    1.8823E+00    1.4205E+00    2.3573E+00    3.8713E-01    2.5860E-01    9.8934E-01    2.5174E+00    2.2739E+00    6.0707E+00    2.5734E+00    2.2702E+00    1.0447E+01
        8548    5    7.7789    1.1305E+00    1.0200E+00    1.2501E+00    1.3445E-01    8.2144E-02    2.6741E-01    1.8940E+00    2.3118E+00    6.3221E+00    3.3236E+00    2.9018E+00    1.0411E+01
        8606    5    7.5392    1.2399E+00    7.0308E-01    1.6713E+00    2.9204E-01    1.7708E-01    1.0863E+00    1.3675E+00    7.9194E-01    2.1097E+00    5.5931E-01    2.2206E-01    3.6368E+00
        8607    5    7.6028    1.7395E+00    1.0967E+00    2.1519E+00    3.9801E-01    2.5112E-01    1.1126E+00    2.1151E+00    1.5040E+00    4.1021E+00    1.4422E+00    1.0014E+00    7.2212E+00
        8608    5    7.6836    1.9051E+00    1.5517E+00    2.5434E+00    4.4664E-01    2.9071E-01    9.7820E-01    2.4875E+00    2.3241E+00    6.1981E+00    2.8049E+00    2.1295E+00    9.5927E+00
        8609    5    7.7590    1.3489E+00    1.3385E+00    1.8533E+00    2.3046E-01    1.3305E-01    3.6345E-01    2.0522E+00    2.5278E+00    7.3598E+00    3.8417E+00    3.0058E+00    9.6350E+00
        8667    5    7.5258    1.3177E+00    6.5237E-01    1.5339E+00    3.2845E-01    1.6160E-01    1.0529E+00    1.4295E+00    7.1310E-01    1.7727E+00    5.6248E-01    1.5661E-01    2.8607E+00
        8668    5    7.5966    1.8372E+00    1.1803E+00    2.2003E+00    4.4383E-01    2.5219E-01    1.0497E+00    2.2203E+00    1.5662E+00    4.0852E+00    1.6123E+00    8.8890E-01    6.6113E+00
        8669    5    7.6763    1.8897E+00    1.6319E+00    2.7366E+00    5.1823E-01    3.1164E-01    9.1356E-01    2.4477E+00    2.3655E+00    6.5559E+00    3.1991E+00    2.0623E+00    8.6995E+00
        8670    5    7.7405    1.5226E+00    1.5047E+00    2.4291E+00    3.6914E-01    1.9781E-01    4.4911E-01    2.1899E+00    2.5613E+00    8.2076E+00    4.4418E+00    3.0245E+00    8.4870E+00
        8671    5    7.7805    1.0319E+00    1.0067E+00    1.5383E+00    1.8776E-01    8.6739E-02    1.8204E-01    1.7549E+00    2.1566E+00    8.1917E+00    5.0370E+00    3.4435E+00    7.3942E+00
        8728    5    7.5223    1.4000E+00    6.7025E-01    1.5760E+00    3.8274E-01    1.5456E-01    9.9855E-01    1.4943E+00    7.4759E-01    1.7777E+00    6.4489E-01    1.4212E-01    2.5205E+00
        8729    5    7.5979    1.8755E+00    1.2958E+00    2.3271E+00    5.1593E-01    2.5497E-01    9.6394E-01    2.2657E+00    1.6746E+00    4.3695E+00    1.9517E+00    8.8426E-01    6.2941E+00
        8730    5    7.6725    1.8536E+00    1.6722E+00    2.9194E+00    6.0247E-01    3.2801E-01    8.1711E-01    2.3996E+00    2.3732E+00    7.0034E+00    3.7136E+00    2.1077E+00    7.7026E+00
        8731    5    7.7238    1.6838E+00    1.5538E+00    2.8896E+00    5.2272E-01    2.6627E-01    4.9397E-01    2.3356E+00    2.4566E+00    8.6822E+00    5.0762E+00    3.0778E+00    7.2384E+00
        8732    5    7.7541    1.4473E+00    1.3008E+00    2.3588E+00    3.5907E-01    1.6199E-01    2.6915E-01    2.2352E+00    2.2797E+00    9.2094E+00    5.8218E+00    3.5919E+00    6.4412E+00
        8733    5    7.7757    1.1927E+00    1.0055E+00    1.7688E+00    2.4378E-01    9.9028E-02    1.6509E-01    2.0583E+00    1.9718E+00    8.9415E+00    6.0816E+00    3.7148E+00    6.0533E+00
        8789    5    7.5279    1.4779E+00    7.4471E-01    1.7136E+00    4.4293E-01    1.5813E-01    9.2693E-01    1.5589E+00    8.4231E-01    2.0323E+00    8.4621E-01    1.6388E-01    2.6466E+00
        8790    5    7.6059    1.8442E+00    1.4461E+00    2.5041E+00    5.9740E-01    2.7816E-01    8.5732E-01    2.2239E+00    1.8476E+00    4.8985E+00    2.5031E+00    1.0105E+00    6.0918E+00
        8791    5    7.6716    1.8591E+00    1.6675E+00    3.0937E+00    6.8865E-01    3.6194E-01    6.9118E-01    2.4134E+00    2.3186E+00    7.5175E+00    4.3389E+00    2.3529E+00    6.5402E+00
        8792    5    7.7105    1.8119E+00    1.5705E+00    3.1901E+00    6.4802E-01    3.1954E-01    4.8780E-01    2.4968E+00    2.3407E+00    8.9959E+00    5.6270E+00    3.3165E+00    5.9710E+00
        8793    5    7.7347    1.7149E+00    1.4236E+00    2.9040E+00    5.3014E-01    2.3303E-01    3.4554E-01    2.5413E+00    2.2246E+00    9.5650E+00    6.2552E+00    3.6349E+00    5.5252E+00
        8794    5    7.7563    1.5324E+00    1.2257E+00    2.3843E+00    3.7949E-01    1.4932E-01    2.3185E-01    2.4809E+00    2.0529E+00    9.6051E+00    6.5167E+00    3.7898E+00    5.5127E+00
        8795    5    7.7820    1.1594E+00    8.8642E-01    1.6262E+00    2.2189E-01    8.1899E-02    1.3604E-01    2.1371E+00    1.7147E+00    8.9486E+00    6.3587E+00    3.6125E+00    5.7060E+00
        8850    5    7.5429    1.5971E+00    9.5443E-01    1.9153E+00    5.2615E-01    1.8456E-01    8.2034E-01    1.7134E+00    1.0504E+00    2.5973E+00    1.2569E+00    2.2997E-01    3.1226E+00
        8851    5    7.6206    1.8446E+00    1.6298E+00    2.7540E+00    6.8790E-01    3.4670E-01    7.0880E-01    2.2347E+00    2.0524E+00    5.7224E+00    3.3792E+00    1.4686E+00    5.6840E+00
        8852    5    7.6735    1.9052E+00    1.6442E+00    3.2863E+00    7.5606E-01    3.8404E-01    5.8167E-01    2.4940E+00    2.2460E+00    8.1177E+00    5.0315E+00    2.8210E+00    5.2344E+00
        8853    5    7.7017    1.9141E+00    1.5805E+00    3.3825E+00    7.2530E-01    3.4479E-01    4.6879E-01    2.6395E+00    2.2374E+00    9.2404E+00    6.0693E+00    3.3813E+00    4.9705E+00
        8854    5    7.7231    1.8774E+00    1.4518E+00    3.1755E+00    6.3414E-01    2.7550E-01    3.8146E-01    2.7404E+00    2.1315E+00    9.6625E+00    6.5019E+00    3.6309E+00    4.9548E+00
        8855    5    7.7469    1.7161E+00    1.2778E+00    2.6729E+00    4.5836E-01    1.7946E-01    2.6848E-01    2.7137E+00    2.0010E+00    9.8292E+00    6.6735E+00    3.8032E+00    5.1761E+00
        8856    5    7.7772    1.2504E+00    9.5557E-01    1.7840E+00    2.4800E-01    9.1255E-02    1.4804E-01    2.2566E+00    1.7606E+00    9.1860E+00    6.4741E+00    3.6588E+00    5.6323E+00
        8911    5    7.5679    1.6094E+00    1.3748E+00    2.2813E+00    6.3148E-01    2.8423E-01    6.6645E-01    1.8782E+00    1.6040E+00    3.7989E+00    2.0653E+00    5.7404E-01    3.8851E+00
        8911    6    7.7838    9.7128E-01    1.1565E+00    2.0299E+00    2.4124E-01    8.7432E-02    8.9433E-02    1.6388E+00    2.2399E+00    1.0885E+01    6.5923E+00    3.7087E+00    3.5955E+00
        8912    5    7.6409    1.9171E+00    1.6917E+00    3.1371E+00    7.6951E-01    3.8779E-01    5.9123E-01    2.3950E+00    2.1824E+00    6.9355E+00    4.3420E+00    2.3378E+00    4.7264E+00
        8913    5    7.6769    1.9126E+00    1.6487E+00    3.4755E+00    7.9551E-01    3.8704E-01    5.0933E-01    2.5474E+00    2.2239E+00    8.7205E+00    5.6093E+00    3.0267E+00    4.3809E+00
        8914    5    7.6976    1.9536E+00    1.5899E+00    3.4946E+00    7.6121E-01    3.5527E-01    4.5158E-01    2.7149E+00    2.1863E+00    9.4189E+00    6.2653E+00    3.3889E+00    4.4635E+00
        8915    5    7.7195    1.9285E+00    1.4512E+00    3.2639E+00    6.6328E-01    2.8847E-01    3.8670E-01    2.8127E+00    2.0847E+00    9.7141E+00    6.5775E+00    3.6314E+00    4.7617E+00
        8972    5    7.6042    1.7895E+00    1.6676E+00    2.9049E+00    7.4771E-01    3.4948E-01    5.6516E-01    2.1541E+00    2.0528E+00    5.8573E+00    3.3848E+00    1.7187E+00    3.8720E+00
        8972    6    7.7134    1.6408E+00    1.8615E+00    3.8247E+00    7.1944E-01    3.1460E-01    3.3117E-01    2.2468E+00    2.6985E+00    1.0889E+01    6.3841E+00    3.4353E+00    3.8307E+00
        8973    5    7.6602    1.8550E+00    1.6783E+00    3.4820E+00    8.1150E-01    3.9997E-01    5.0838E-01    2.4145E+00    2.2318E+00    8.3440E+00    5.2517E+00    2.7537E+00    4.0039E+00
        8974    5    7.6787    1.8867E+00    1.6532E+00    3.5720E+00    8.0952E-01    3.8614E-01    4.8072E-01    2.5456E+00    2.2173E+00    9.0222E+00    5.8437E+00    3.0851E+00    4.0839E+00
        9033    5    7.6519    1.8706E+00    1.8268E+00    3.5973E+00    8.1512E-01    3.9141E-01    4.8977E-01    2.3868E+00    2.4014E+00    8.3431E+00    4.9724E+00    2.6433E+00    3.7547E+00
        9033    6    7.6541    1.7808E+00    1.8610E+00    3.6786E+00    8.2067E-01    3.9485E-01    4.9070E-01    2.2789E+00    2.4404E+00    8.5089E+00    4.9932E+00    2.6802E+00    3.8366E+00
       12024    5    7.7804    1.3295E+00    6.6832E-01    1.1932E+00    9.6397E-02    6.3482E-02    3.2583E-01    2.5732E+00    1.7220E+00    5.4720E+00    2.2309E+00    2.2337E+00    1.2849E+01
       12085    5    7.7329    1.8448E+00    1.1221E+00    2.0187E+00    2.4510E-01    1.5438E-01    7.7295E-01    2.7853E+00    2.0939E+00    5.9924E+00    2.2314E+00    2.4042E+00    1.2087E+01
       12146    5    7.7030    1.8998E+00    1.3527E+00    2.2290E+00    3.3907E-01    2.2671E-01    1.0123E+00    2.6344E+00    2.2459E+00    5.7968E+00    2.2317E+00    2.3650E+00    1.1140E+01
       12147    5    7.7901    1.0697E+00    8.8020E-01    9.1757E-01    8.9128E-02    6.2938E-02    2.3435E-01    1.9776E+00    2.1326E+00    5.1754E+00    2.7439E+00    2.7442E+00    1.1066E+01
       12207    5    7.6873    1.9426E+00    1.5326E+00    2.3152E+00    3.8804E-01    2.6964E-01    1.0441E+00    2.5826E+00    2.3343E+00    5.6267E+00    2.3504E+00    2.2026E+00    1.0335E+01
       12208    5    7.7812    1.2171E+00    1.1144E+00    1.1237E+00    1.2066E-01    8.1158E-02    2.6767E-01    2.0803E+00    2.3991E+00    5.6041E+00    3.1165E+00    2.9571E+00    1.0687E+01
       12268    5    7.6820    2.0274E+00    1.6805E+00    2.4221E+00    4.3454E-01    2.9637E-01    1.0012E+00    2.6380E+00    2.4686E+00    5.7248E+00    2.6427E+00    2.1439E+00    9.7616E+00
       12269    5    7.7799    1.2475E+00    1.2416E+00    1.2242E+00    1.3979E-01    8.8636E-02    2.5543E-01    2.0842E+00    2.5070E+00    5.9755E+00    3.5439E+00    3.1475E+00    9.9703E+00
       12329    5    7.6845    2.0811E+00    1.8437E+00    2.5590E+00    4.8845E-01    3.1413E-01    9.1012E-01    2.6879E+00    2.6331E+00    6.0519E+00    3.1429E+00    2.1945E+00    9.2384E+00
       12330    5    7.7829    1.1967E+00    1.2829E+00    1.2364E+00    1.5036E-01    8.5556E-02    2.1780E-01    2.0325E+00    2.5125E+00    6.3001E+00    4.0973E+00    3.3397E+00    8.9619E+00
       12390    5    7.6931    2.1018E+00    1.9931E+00    2.6705E+00    5.4771E-01    3.2371E-01    7.8100E-01    2.7312E+00    2.8167E+00    6.5533E+00    3.8229E+00    2.4061E+00    8.6138E+00
       12391    5    7.7891    1.1747E+00    1.1444E+00    1.1730E+00    1.5083E-01    7.9917E-02    1.6534E-01    2.0232E+00    2.2731E+00    6.5336E+00    4.6986E+00    3.5448E+00    7.7265E+00
       12451    5    7.7081    2.1355E+00    2.0112E+00    2.7109E+00    5.7886E-01    3.3832E-01    5.9665E-01    2.8376E+00    2.9115E+00    7.1456E+00    4.5926E+00    2.9400E+00    7.7475E+00
       12512    5    7.7313    2.1356E+00    1.8676E+00    2.6070E+00    5.1233E-01    2.8308E-01    3.9386E-01    2.9438E+00    2.8144E+00    7.8665E+00    5.4114E+00    3.6774E+00    6.4254E+00
       12573    5    7.7646    1.7300E+00    1.6253E+00    2.0679E+00    3.1454E-01    1.5466E-01    1.9375E-01    2.6349E+00    2.6807E+00    8.3697E+00    5.9834E+00    4.1367E+00    5.4409E+00
