    0.0000E+00  0.00000E+00  0.00000E+00  0.00000E+00  0.00000E+00  0.00000E+00  0.00000E+00
    1.0307E-01  0.00000E+00  0.00000E+00  0.00000E+00  0.00000E+00  0.00000E+00  0.00000E+00
    2.0615E-01  0.00000E+00  0.00000E+00  0.00000E+00  0.00000E+00  0.00000E+00  0.00000E+00
    3.0922E-01  0.00000E+00  0.00000E+00  0.00000E+00  0.00000E+00  0.00000E+00  0.00000E+00
    4.1230E-01  0.00000E+00  0.00000E+00  0.00000E+00  0.00000E+00  0.00000E+00  0.00000E+00
    5.1537E-01  0.00000E+00  0.00000E+00  0.00000E+00  0.00000E+00  0.00000E+00  0.00000E+00
    6.1845E-01  0.00000E+00  0.00000E+00  0.00000E+00  0.00000E+00  0.00000E+00  0.00000E+00
    7.2152E-01  0.00000E+00  0.00000E+00  0.00000E+00  0.00000E+00  0.00000E+00  0.00000E+00
    8.2460E-01  0.00000E+00  0.00000E+00  0.00000E+00  0.00000E+00  0.00000E+00  0.00000E+00
    9.2767E-01  0.00000E+00  0.00000E+00  0.00000E+00  0.00000E+00  0.00000E+00  0.00000E+00
    1.0307E+00  0.00000E+00  0.00000E+00  0.00000E+00  0.00000E+00  0.00000E+00  0.00000E+00
    1.1338E+00  0.00000E+00  0.00000E+00  0.00000E+00  0.00000E+00  0.00000E+00  0.00000E+00
    1.2369E+00  0.00000E+00  0.00000E+00  0.00000E+00  0.00000E+00  0.00000E+00  0.00000E+00
    1.3400E+00  0.00000E+00  0.00000E+00  0.00000E+00  0.00000E+00  0.00000E+00  0.00000E+00
    1.4430E+00  0.00000E+00  0.00000E+00  0.00000E+00  0.00000E+00  0.00000E+00  0.00000E+00
    1.5461E+00  0.00000E+00  0.00000E+00  0.00000E+00  0.00000E+00  0.00000E+00  0.00000E+00
    1.6492E+00  0.00000E+00  0.00000E+00  0.00000E+00  0.00000E+00  0.00000E+00  0.00000E+00
    1.7523E+00  0.00000E+00  0.00000E+00  0.00000E+00  0.00000E+00  0.00000E+00  0.00000E+00
    1.8553E+00  1.26277E-02 -3.85544E-04  1.26277E-02 -3.85544E-04  1.26277E-02 -3.85544E-04
    1.9584E+00  1.26277E-02 -3.85544E-04  1.26277E-02 -3.85544E-04  1.26277E-02 -3.85544E-04
    2.0615E+00  1.26277E-02 -3.85544E-04  1.26277E-02 -3.85544E-04  1.26277E-02 -3.85544E-04
    2.1646E+00  1.26277E-02 -3.85544E-04  1.26277E-02 -3.85544E-04  1.26277E-02 -3.85544E-04
    2.2676E+00  1.26277E-02 -3.85544E-04  1.26277E-02 -3.85544E-04  1.26277E-02 -3.85544E-04
    2.3707E+00  1.26277E-02 -3.85544E-04  1.26277E-02 -3.85544E-04  1.26277E-02 -3.85544E-04
    2.4738E+00  1.26277E-02 -3.85544E-04  1.26277E-02 -3.85544E-04  1.26277E-02 -3.85544E-04
    2.5769E+00  1.26277E-02 -3.85544E-04  1.26277E-02 -3.85544E-04  1.26277E-02 -3.85544E-04
    2.6799E+00  1.26277E-02 -3.85544E-04  1.26277E-02 -3.85544E-04  1.26277E-02 -3.85544E-04
    2.7830E+00  1.26277E-02 -3.85544E-04  1.26277E-02 -3.85544E-04  1.26277E-02 -3.85544E-04
    2.8861E+00  1.26277E-02 -3.85544E-04  1.26277E-02 -3.85544E-04  1.26277E-02 -3.85544E-04
    2.9892E+00  1.26277E-02 -3.85544E-04  1.26277E-02 -3.85544E-04  1.26277E-02 -3.85544E-04
    3.0922E+00  1.26277E-02 -3.85544E-04  1.26277E-02 -3.85544E-04  1.26277E-02 -3.85544E-04
    3.1953E+00  1.26277E-02 -3.85544E-04  1.26277E-02 -3.85544E-04  1.26277E-02 -3.85544E-04
    3.2984E+00  1.26277E-02 -3.85544E-04  1.26277E-02 -3.85544E-04  1.26277E-02 -3.85544E-04
    3.4015E+00  4.44426E-02 -1.40530E-03  4.44426E-02 -1.40530E-03  4.44426E-02 -1.40530E-03
    3.5045E+00  4.44426E-02 -1.40530E-03  4.44426E-02 -1.40530E-03  4.44426E-02 -1.40530E-03
    3.6076E+00  4.44426E-02 -1.40530E-03  4.44426E-02 -1.40530E-03  4.44426E-02 -1.40530E-03
    3.7107E+00  4.44426E-02 -1.40530E-03  4.44426E-02 -1.40530E-03  4.44426E-02 -1.40530E-03
    3.8138E+00  4.44426E-02 -1.40530E-03  4.44426E-02 -1.40530E-03  4.44426E-02 -1.40530E-03
    3.9168E+00  4.44426E-02 -1.40530E-03  4.44426E-02 -1.40530E-03  4.44426E-02 -1.40530E-03
    4.0199E+00  4.44426E-02 -1.40530E-03  4.44426E-02 -1.40530E-03  4.44426E-02 -1.40530E-03
    4.1230E+00  4.44426E-02 -1.40530E-03  4.44426E-02 -1.40530E-03  4.44426E-02 -1.40530E-03
    4.2261E+00  4.44426E-02 -1.40530E-03  4.44426E-02 -1.40530E-03  4.44426E-02 -1.40530E-03
    4.3291E+00  1.27263E-01 -4.14531E-03  1.27263E-01 -4.14531E-03  1.27263E-01 -4.14531E-03
    4.4322E+00  1.27263E-01 -4.14531E-03  1.27263E-01 -4.14531E-03  1.27263E-01 -4.14531E-03
    4.5353E+00  1.27263E-01 -4.14531E-03  1.27263E-01 -4.14531E-03  1.27263E-01 -4.14531E-03
    4.6384E+00  1.61930E-01 -5.34012E-03  1.61930E-01 -5.34012E-03  1.61930E-01 -5.34012E-03
    4.7414E+00  1.61930E-01 -5.34012E-03  1.61930E-01 -5.34012E-03  1.61930E-01 -5.34012E-03
    4.8445E+00  1.61930E-01 -5.34012E-03  1.61930E-01 -5.34012E-03  1.61930E-01 -5.34012E-03
    4.9476E+00  1.61930E-01 -5.34012E-03  1.61930E-01 -5.34012E-03  1.61930E-01 -5.34012E-03
    5.0507E+00  2.46824E-01 -8.25814E-03  2.46824E-01 -8.25814E-03  2.46824E-01 -8.25814E-03
    5.1537E+00  3.07400E-01 -1.04375E-02  3.07400E-01 -1.04375E-02  3.07400E-01 -1.04375E-02
    5.2568E+00  3.07400E-01 -1.04375E-02  3.07400E-01 -1.04375E-02  3.07400E-01 -1.04375E-02
    5.3599E+00  5.23115E-01 -1.70916E-02  5.23115E-01 -1.70916E-02  5.23115E-01 -1.70916E-02
    5.4630E+00  5.46113E-01 -1.79579E-02  5.46113E-01 -1.79579E-02  5.46113E-01 -1.79579E-02
    5.5660E+00  5.46113E-01 -1.79579E-02  5.46113E-01 -1.79579E-02  5.46113E-01 -1.79579E-02
    5.6691E+00  6.63774E-01 -2.22791E-02  6.63774E-01 -2.22791E-02  6.63774E-01 -2.22791E-02
    5.7722E+00  6.63774E-01 -2.22791E-02  6.63774E-01 -2.22791E-02  6.63774E-01 -2.22791E-02
    5.8753E+00  6.96626E-01 -2.35797E-02  6.96626E-01 -2.35797E-02  6.96626E-01 -2.35797E-02
    5.9783E+00  9.29241E-01 -3.08977E-02  9.29241E-01 -3.08977E-02  9.29241E-01 -3.08977E-02
    6.0814E+00  1.01125E+00 -3.40794E-02  1.01125E+00 -3.40794E-02  1.01125E+00 -3.40794E-02
    6.1845E+00  1.20043E+00 -4.02388E-02  1.20043E+00 -4.02388E-02  1.20043E+00 -4.02388E-02
    6.2876E+00  1.21141E+00 -4.06959E-02  1.21141E+00 -4.06959E-02  1.21141E+00 -4.06959E-02
    6.3906E+00  1.37035E+00 -4.62863E-02  1.37035E+00 -4.62863E-02  1.37035E+00 -4.62863E-02
    6.4937E+00  1.49104E+00 -5.07857E-02  1.49104E+00 -5.07857E-02  1.49104E+00 -5.07857E-02
    6.5968E+00  1.51085E+00 -5.16258E-02  1.51085E+00 -5.16258E-02  1.51085E+00 -5.16258E-02
    6.6999E+00  1.56350E+00 -5.36597E-02  1.56350E+00 -5.36597E-02  1.56350E+00 -5.36597E-02
    6.8029E+00  1.57708E+00 -5.42568E-02  1.57708E+00 -5.42568E-02  1.57708E+00 -5.42568E-02
    6.9060E+00  1.58974E+00 -5.48190E-02  1.58974E+00 -5.48190E-02  1.58974E+00 -5.48190E-02
    7.0091E+00  1.63479E+00 -5.67217E-02  1.63479E+00 -5.67217E-02  1.63479E+00 -5.67217E-02
    7.1122E+00  1.63479E+00 -5.67217E-02  1.63479E+00 -5.67217E-02  1.63479E+00 -5.67217E-02
    7.2152E+00  1.63479E+00 -5.67217E-02  1.63479E+00 -5.67217E-02  1.63479E+00 -5.67217E-02
    7.3183E+00  1.64577E+00 -5.72192E-02  1.64577E+00 -5.72192E-02  1.64577E+00 -5.72192E-02
    7.4214E+00  1.69935E+00 -5.93318E-02  1.69935E+00 -5.93318E-02  1.69935E+00 -5.93318E-02
    7.5245E+00  1.70346E+00 -5.95224E-02  1.70346E+00 -5.95224E-02  1.70346E+00 -5.95224E-02
    7.6275E+00  1.84092E+00 -6.47259E-02  1.84092E+00 -6.47259E-02  1.84092E+00 -6.47259E-02
    7.7306E+00  1.86468E+00 -6.57432E-02  1.86468E+00 -6.57432E-02  1.86468E+00 -6.57432E-02
    7.8337E+00  2.06603E+00 -7.21137E-02  2.06603E+00 -7.21137E-02  2.06603E+00 -7.21137E-02
    7.9368E+00  2.26170E+00 -7.83295E-02  2.26170E+00 -7.83295E-02  2.26170E+00 -7.83295E-02
    8.0398E+00  2.27760E+00 -7.90765E-02  2.27760E+00 -7.90765E-02  2.27760E+00 -7.90765E-02
    8.1429E+00  2.51772E+00 -8.72031E-02  2.51772E+00 -8.72031E-02  2.51772E+00 -8.72031E-02
    8.2460E+00  2.51772E+00 -8.72031E-02  2.51772E+00 -8.72031E-02  2.51772E+00 -8.72031E-02
    8.3491E+00  2.56909E+00 -8.92832E-02  2.56909E+00 -8.92832E-02  2.56909E+00 -8.92832E-02
    8.4521E+00  2.56909E+00 -8.92832E-02  2.56909E+00 -8.92832E-02  2.56909E+00 -8.92832E-02
    8.5552E+00  2.56909E+00 -8.92832E-02  2.56909E+00 -8.92832E-02  2.56909E+00 -8.92832E-02
    8.6583E+00  2.59808E+00 -9.05952E-02  2.59808E+00 -9.05952E-02  2.59808E+00 -9.05952E-02
    8.7614E+00  2.59808E+00 -9.05952E-02  2.59808E+00 -9.05952E-02  2.59808E+00 -9.05952E-02
    8.8644E+00  2.59808E+00 -9.05952E-02  2.59808E+00 -9.05952E-02  2.59808E+00 -9.05952E-02
    8.9675E+00  2.74082E+00 -9.58581E-02  2.74082E+00 -9.58581E-02  2.74082E+00 -9.58581E-02
    9.0706E+00  3.22545E+00 -1.11216E-01  3.22545E+00 -1.11216E-01  3.22545E+00 -1.11216E-01
    9.1737E+00  3.22545E+00 -1.11216E-01  3.22545E+00 -1.11216E-01  3.22545E+00 -1.11216E-01
    9.2767E+00  3.57466E+00 -1.25220E-01  3.57466E+00 -1.25220E-01  3.57466E+00 -1.25220E-01
    9.3798E+00  4.06166E+00 -1.44602E-01  4.06166E+00 -1.44602E-01  4.06166E+00 -1.44602E-01
    9.4829E+00  4.45905E+00 -1.60070E-01  4.45905E+00 -1.60070E-01  4.45905E+00 -1.60070E-01
    9.5860E+00  5.05932E+00 -1.82288E-01  5.05932E+00 -1.82288E-01  5.05932E+00 -1.82288E-01
    9.6890E+00  5.19593E+00 -1.88182E-01  5.19593E+00 -1.88182E-01  5.19593E+00 -1.88182E-01
    9.7921E+00  5.51703E+00 -2.00394E-01  5.51703E+00 -2.00394E-01  5.51703E+00 -2.00394E-01
    9.8952E+00  5.85877E+00 -2.12652E-01  5.85877E+00 -2.12652E-01  5.85877E+00 -2.12652E-01
    9.9983E+00  6.09005E+00 -2.22301E-01  6.09005E+00 -2.22301E-01  6.09005E+00 -2.22301E-01
    1.0101E+01  6.58312E+00 -2.39929E-01  6.58312E+00 -2.39929E-01  6.58312E+00 -2.39929E-01
    1.0204E+01  6.65590E+00 -2.43264E-01  6.65590E+00 -2.43264E-01  6.65590E+00 -2.43264E-01
    1.0307E+01  8.77543E+00 -3.16524E-01  8.77543E+00 -3.16524E-01  8.77543E+00 -3.16524E-01
    1.0411E+01  9.68741E+00 -3.46997E-01  9.68741E+00 -3.46997E-01  9.68741E+00 -3.46997E-01
    1.0514E+01  9.81700E+00 -3.52357E-01  9.81700E+00 -3.52357E-01  9.81700E+00 -3.52357E-01
    1.0617E+01  9.81700E+00 -3.52357E-01  9.81700E+00 -3.52357E-01  9.81700E+00 -3.52357E-01
    1.0720E+01  1.08534E+01 -3.84195E-01  1.08534E+01 -3.84195E-01  1.08534E+01 -3.84195E-01
    1.0823E+01  1.09570E+01 -3.88868E-01  1.09570E+01 -3.88868E-01  1.09570E+01 -3.88868E-01
    1.0926E+01  1.09570E+01 -3.88868E-01  1.09570E+01 -3.88868E-01  1.09570E+01 -3.88868E-01
    1.1029E+01  1.19349E+01 -4.24724E-01  1.19349E+01 -4.24724E-01  1.19349E+01 -4.24724E-01
    1.1132E+01  1.21041E+01 -4.31541E-01  1.21041E+01 -4.31541E-01  1.21041E+01 -4.31541E-01
    1.1235E+01  1.21041E+01 -4.31541E-01  1.21041E+01 -4.31541E-01  1.21041E+01 -4.31541E-01
    1.1338E+01  1.21041E+01 -4.31541E-01  1.21041E+01 -4.31541E-01  1.21041E+01 -4.31541E-01
    1.1441E+01  1.21041E+01 -4.31541E-01  1.21041E+01 -4.31541E-01  1.21041E+01 -4.31541E-01
    1.1544E+01  1.21041E+01 -4.31541E-01  1.21041E+01 -4.31541E-01  1.21041E+01 -4.31541E-01
    1.1647E+01  1.21041E+01 -4.31541E-01  1.21041E+01 -4.31541E-01  1.21041E+01 -4.31541E-01
    1.1751E+01  1.33680E+01 -4.74812E-01  1.33680E+01 -4.74812E-01  1.33680E+01 -4.74812E-01
    1.1854E+01  1.38714E+01 -4.94644E-01  1.38714E+01 -4.94644E-01  1.38714E+01 -4.94644E-01
    1.1957E+01  1.38714E+01 -4.94644E-01  1.38714E+01 -4.94644E-01  1.38714E+01 -4.94644E-01
    1.2060E+01  1.43046E+01 -5.10155E-01  1.43046E+01 -5.10155E-01  1.43046E+01 -5.10155E-01
    1.2163E+01  1.45277E+01 -5.18765E-01  1.45277E+01 -5.18765E-01  1.45277E+01 -5.18765E-01
    1.2266E+01  1.53425E+01 -5.47386E-01  1.53425E+01 -5.47386E-01  1.53425E+01 -5.47386E-01
    1.2369E+01  1.53425E+01 -5.47386E-01  1.53425E+01 -5.47386E-01  1.53425E+01 -5.47386E-01
    1.2472E+01  1.70412E+01 -6.01245E-01  1.70412E+01 -6.01245E-01  1.70412E+01 -6.01245E-01
    1.2575E+01  1.70725E+01 -6.02661E-01  1.70725E+01 -6.02661E-01  1.70725E+01 -6.02661E-01
    1.2678E+01  1.88082E+01 -6.58588E-01  1.88082E+01 -6.58588E-01  1.88082E+01 -6.58588E-01
    1.2781E+01  2.00612E+01 -7.01283E-01  2.00612E+01 -7.01283E-01  2.00612E+01 -7.01283E-01
    1.2884E+01  2.01520E+01 -7.05098E-01  2.01520E+01 -7.05098E-01  2.01520E+01 -7.05098E-01
    1.2987E+01  2.06596E+01 -7.22662E-01  2.06596E+01 -7.22662E-01  2.06596E+01 -7.22662E-01
    1.3091E+01  2.25679E+01 -7.77656E-01  2.25679E+01 -7.77656E-01  2.25679E+01 -7.77656E-01
    1.3194E+01  2.27299E+01 -7.84053E-01  2.27299E+01 -7.84053E-01  2.27299E+01 -7.84053E-01
    1.3297E+01  2.27299E+01 -7.84053E-01  2.27299E+01 -7.84053E-01  2.27299E+01 -7.84053E-01
    1.3400E+01  2.32284E+01 -8.02932E-01  2.32284E+01 -8.02932E-01  2.32284E+01 -8.02932E-01
    1.3503E+01  2.56746E+01 -8.79658E-01  2.56746E+01 -8.79658E-01  2.56746E+01 -8.79658E-01
    1.3606E+01  2.56746E+01 -8.79658E-01  2.56746E+01 -8.79658E-01  2.56746E+01 -8.79658E-01
    1.3709E+01  2.71297E+01 -9.31143E-01  2.71297E+01 -9.31143E-01  2.71297E+01 -9.31143E-01
    1.3812E+01  2.74274E+01 -9.43121E-01  2.74274E+01 -9.43121E-01  2.74274E+01 -9.43121E-01
    1.3915E+01  2.74274E+01 -9.43121E-01  2.74274E+01 -9.43121E-01  2.74274E+01 -9.43121E-01
    1.4018E+01  3.07763E+01 -1.03940E+00  3.07763E+01 -1.03940E+00  3.07763E+01 -1.03940E+00
    1.4121E+01  3.10552E+01 -1.05126E+00  3.10552E+01 -1.05126E+00  3.10552E+01 -1.05126E+00
    1.4224E+01  3.10552E+01 -1.05126E+00  3.10552E+01 -1.05126E+00  3.10552E+01 -1.05126E+00
    1.4327E+01  3.11160E+01 -1.05393E+00  3.11160E+01 -1.05393E+00  3.11160E+01 -1.05393E+00
    1.4430E+01  3.50421E+01 -1.17818E+00  3.50421E+01 -1.17818E+00  3.50421E+01 -1.17818E+00
    1.4534E+01  3.68037E+01 -1.23232E+00  3.68037E+01 -1.23232E+00  3.68037E+01 -1.23232E+00
    1.4637E+01  3.82111E+01 -1.28436E+00  3.82111E+01 -1.28436E+00  3.82111E+01 -1.28436E+00
    1.4740E+01  3.92613E+01 -1.32743E+00  3.92613E+01 -1.32743E+00  3.92613E+01 -1.32743E+00
    1.4843E+01  3.98445E+01 -1.35135E+00  3.98445E+01 -1.35135E+00  3.98445E+01 -1.35135E+00
    1.4946E+01  4.00520E+01 -1.36066E+00  4.00520E+01 -1.36066E+00  4.00520E+01 -1.36066E+00
    1.5049E+01  4.36327E+01 -1.42127E+00  4.36327E+01 -1.42127E+00  4.36327E+01 -1.42127E+00
    1.5152E+01  4.47847E+01 -1.46757E+00  4.47847E+01 -1.46757E+00  4.47847E+01 -1.46757E+00
    1.5255E+01  4.62497E+01 -1.52026E+00  4.62497E+01 -1.52026E+00  4.62497E+01 -1.52026E+00
    1.5358E+01  4.81170E+01 -1.58524E+00  4.81170E+01 -1.58524E+00  4.81170E+01 -1.58524E+00
    1.5461E+01  4.84013E+01 -1.59760E+00  4.84013E+01 -1.59760E+00  4.84013E+01 -1.59760E+00
    1.5564E+01  5.24438E+01 -1.72159E+00  5.24438E+01 -1.72159E+00  5.24438E+01 -1.72159E+00
    1.5667E+01  5.32532E+01 -1.75305E+00  5.32532E+01 -1.75305E+00  5.32532E+01 -1.75305E+00
    1.5770E+01  5.32532E+01 -1.75305E+00  5.32532E+01 -1.75305E+00  5.32532E+01 -1.75305E+00
    1.5874E+01  5.64278E+01 -1.84520E+00  5.64278E+01 -1.84520E+00  5.64278E+01 -1.84520E+00
    1.5977E+01  5.88785E+01 -1.92247E+00  5.88785E+01 -1.92247E+00  5.88785E+01 -1.92247E+00
    1.6080E+01  5.90240E+01 -1.92936E+00  5.90240E+01 -1.92936E+00  5.90240E+01 -1.92936E+00
    1.6183E+01  6.41883E+01 -2.01452E+00  6.41883E+01 -2.01452E+00  6.41883E+01 -2.01452E+00
    1.6286E+01  6.89062E+01 -2.16305E+00  6.89062E+01 -2.16305E+00  6.89062E+01 -2.16305E+00
    1.6389E+01  7.00990E+01 -2.20748E+00  7.00990E+01 -2.20748E+00  7.00990E+01 -2.20748E+00
    1.6492E+01  7.45562E+01 -2.35379E+00  7.45562E+01 -2.35379E+00  7.45562E+01 -2.35379E+00
    1.6595E+01  7.57123E+01 -2.39749E+00  7.57123E+01 -2.39749E+00  7.57123E+01 -2.39749E+00
    1.6698E+01  8.32395E+01 -2.61841E+00  8.32395E+01 -2.61841E+00  8.32395E+01 -2.61841E+00
    1.6801E+01  8.76620E+01 -2.74976E+00  8.76620E+01 -2.74976E+00  8.76620E+01 -2.74976E+00
    1.6904E+01  8.76620E+01 -2.74976E+00  8.76620E+01 -2.74976E+00  8.76620E+01 -2.74976E+00
    1.7007E+01  9.59896E+01 -2.86269E+00  9.59896E+01 -2.86269E+00  9.59896E+01 -2.86269E+00
    1.7110E+01  9.66430E+01 -2.88810E+00  9.66430E+01 -2.88810E+00  9.66430E+01 -2.88810E+00
    1.7214E+01  9.67236E+01 -2.89166E+00  9.67236E+01 -2.89166E+00  9.67236E+01 -2.89166E+00
    1.7317E+01  9.69254E+01 -2.89989E+00  9.69254E+01 -2.89989E+00  9.69254E+01 -2.89989E+00
    1.7420E+01  9.69254E+01 -2.89989E+00  9.69254E+01 -2.89989E+00  9.69254E+01 -2.89989E+00
    1.7523E+01  9.71268E+01 -2.90893E+00  9.71268E+01 -2.90893E+00  9.71268E+01 -2.90893E+00
    1.7626E+01  9.71268E+01 -2.90893E+00  9.71268E+01 -2.90893E+00  9.71268E+01 -2.90893E+00
    1.7729E+01  1.00615E+02 -3.00865E+00  1.00615E+02 -3.00865E+00  1.00615E+02 -3.00865E+00
    1.7832E+01  1.00928E+02 -3.02096E+00  1.00928E+02 -3.02096E+00  1.00928E+02 -3.02096E+00
    1.7935E+01  1.12185E+02 -3.24906E+00  1.12185E+02 -3.24906E+00  1.12185E+02 -3.24906E+00
    1.8038E+01  1.14080E+02 -3.31837E+00  1.14080E+02 -3.31837E+00  1.14080E+02 -3.31837E+00
    1.8141E+01  1.16783E+02 -3.41664E+00  1.16783E+02 -3.41664E+00  1.16783E+02 -3.41664E+00
    1.8244E+01  1.16783E+02 -3.41664E+00  1.16783E+02 -3.41664E+00  1.16783E+02 -3.41664E+00
    1.8347E+01  1.16783E+02 -3.41664E+00  1.16783E+02 -3.41664E+00  1.16783E+02 -3.41664E+00
    1.8450E+01  1.16783E+02 -3.41664E+00  1.16783E+02 -3.41664E+00  1.16783E+02 -3.41664E+00
    1.8553E+01  1.16783E+02 -3.41664E+00  1.16783E+02 -3.41664E+00  1.16783E+02 -3.41664E+00
    1.8657E+01  1.16783E+02 -3.41664E+00  1.16783E+02 -3.41664E+00  1.16783E+02 -3.41664E+00
    1.8760E+01  1.17551E+02 -3.44654E+00  1.17551E+02 -3.44654E+00  1.17551E+02 -3.44654E+00
    1.8863E+01  1.17680E+02 -3.45243E+00  1.17680E+02 -3.45243E+00  1.17680E+02 -3.45243E+00
    1.8966E+01  1.18216E+02 -3.47614E+00  1.18216E+02 -3.47614E+00  1.18216E+02 -3.47614E+00
    1.9069E+01  1.18346E+02 -3.48216E+00  1.18346E+02 -3.48216E+00  1.18346E+02 -3.48216E+00
    1.9172E+01  1.23677E+02 -3.64767E+00  1.23677E+02 -3.64767E+00  1.23677E+02 -3.64767E+00
    1.9275E+01  1.38636E+02 -4.09562E+00  1.38636E+02 -4.09562E+00  1.38636E+02 -4.09562E+00
    1.9378E+01  1.44162E+02 -4.23247E+00  1.44162E+02 -4.23247E+00  1.44162E+02 -4.23247E+00
    1.9481E+01  1.48302E+02 -4.35253E+00  1.48302E+02 -4.35253E+00  1.48302E+02 -4.35253E+00
    1.9584E+01  1.53782E+02 -4.54101E+00  1.53782E+02 -4.54101E+00  1.53782E+02 -4.54101E+00
    1.9687E+01  1.56676E+02 -4.65116E+00  1.56676E+02 -4.65116E+00  1.56676E+02 -4.65116E+00
    1.9790E+01  1.63985E+02 -4.84376E+00  1.63985E+02 -4.84376E+00  1.63985E+02 -4.84376E+00
    1.9893E+01  1.66680E+02 -4.94088E+00  1.66680E+02 -4.94088E+00  1.66680E+02 -4.94088E+00
    1.9997E+01  1.70717E+02 -5.06691E+00  1.70717E+02 -5.06691E+00  1.70717E+02 -5.06691E+00
    2.0100E+01  1.71339E+02 -5.09345E+00  1.71339E+02 -5.09345E+00  1.71339E+02 -5.09345E+00
    2.0203E+01  1.71590E+02 -5.10501E+00  1.71590E+02 -5.10501E+00  1.71590E+02 -5.10501E+00
    2.0306E+01  1.78130E+02 -5.28485E+00  1.78130E+02 -5.28485E+00  1.78130E+02 -5.28485E+00
    2.0409E+01  1.79642E+02 -5.34237E+00  1.79642E+02 -5.34237E+00  1.79642E+02 -5.34237E+00
    2.0512E+01  1.80993E+02 -5.39883E+00  1.80993E+02 -5.39883E+00  1.80993E+02 -5.39883E+00
    2.0615E+01  2.03881E+02 -5.89340E+00  2.03881E+02 -5.89340E+00  2.03881E+02 -5.89340E+00
    2.0718E+01  2.17298E+02 -6.29631E+00  2.17298E+02 -6.29631E+00  2.17298E+02 -6.29631E+00
    2.0821E+01  2.19388E+02 -6.37515E+00  2.19388E+02 -6.37515E+00  2.19388E+02 -6.37515E+00
    2.0924E+01  2.27130E+02 -6.58692E+00  2.27130E+02 -6.58692E+00  2.27130E+02 -6.58692E+00
    2.1027E+01  2.27130E+02 -6.58692E+00  2.27130E+02 -6.58692E+00  2.27130E+02 -6.58692E+00
    2.1130E+01  2.27130E+02 -6.58692E+00  2.27130E+02 -6.58692E+00  2.27130E+02 -6.58692E+00
    2.1233E+01  2.41625E+02 -7.00187E+00  2.41625E+02 -7.00187E+00  2.41625E+02 -7.00187E+00
    2.1337E+01  2.43257E+02 -7.06448E+00  2.43257E+02 -7.06448E+00  2.43257E+02 -7.06448E+00
    2.1440E+01  2.43432E+02 -7.07203E+00  2.43432E+02 -7.07203E+00  2.43432E+02 -7.07203E+00
    2.1543E+01  2.55063E+02 -7.37716E+00  2.55063E+02 -7.37716E+00  2.55063E+02 -7.37716E+00
    2.1646E+01  2.67587E+02 -7.78638E+00  2.67587E+02 -7.78638E+00  2.67587E+02 -7.78638E+00
    2.1749E+01  2.67587E+02 -7.78638E+00  2.67587E+02 -7.78638E+00  2.67587E+02 -7.78638E+00
    2.1852E+01  2.68707E+02 -7.83122E+00  2.68707E+02 -7.83122E+00  2.68707E+02 -7.83122E+00
    2.1955E+01  2.81697E+02 -8.14953E+00  2.81697E+02 -8.14953E+00  2.81697E+02 -8.14953E+00
    2.2058E+01  2.81697E+02 -8.14953E+00  2.81697E+02 -8.14953E+00  2.81697E+02 -8.14953E+00
    2.2161E+01  2.88797E+02 -8.37319E+00  2.88797E+02 -8.37319E+00  2.88797E+02 -8.37319E+00
    2.2264E+01  2.89238E+02 -8.39238E+00  2.89238E+02 -8.39238E+00  2.89238E+02 -8.39238E+00
    2.2367E+01  2.89769E+02 -8.41525E+00  2.89769E+02 -8.41525E+00  2.89769E+02 -8.41525E+00
    2.2470E+01  3.02919E+02 -8.75285E+00  3.02919E+02 -8.75285E+00  3.02919E+02 -8.75285E+00
    2.2573E+01  3.04551E+02 -8.81770E+00  3.04551E+02 -8.81770E+00  3.04551E+02 -8.81770E+00
    2.2676E+01  3.05445E+02 -8.85145E+00  3.05445E+02 -8.85145E+00  3.05445E+02 -8.85145E+00
    2.2780E+01  3.05800E+02 -8.86583E+00  3.05800E+02 -8.86583E+00  3.05800E+02 -8.86583E+00
    2.2883E+01  3.06260E+02 -8.88421E+00  3.06260E+02 -8.88421E+00  3.06260E+02 -8.88421E+00
    2.2986E+01  3.06740E+02 -8.90525E+00  3.06740E+02 -8.90525E+00  3.06740E+02 -8.90525E+00
    2.3089E+01  3.10963E+02 -9.04832E+00  3.10963E+02 -9.04832E+00  3.10963E+02 -9.04832E+00
    2.3192E+01  3.21247E+02 -9.37273E+00  3.21247E+02 -9.37273E+00  3.21247E+02 -9.37273E+00
    2.3295E+01  3.28156E+02 -9.61250E+00  3.28156E+02 -9.61250E+00  3.28156E+02 -9.61250E+00
    2.3398E+01  3.33759E+02 -9.81482E+00  3.33759E+02 -9.81482E+00  3.33759E+02 -9.81482E+00
    2.3501E+01  3.45793E+02 -1.01579E+01  3.45793E+02 -1.01579E+01  3.45793E+02 -1.01579E+01
    2.3604E+01  3.46768E+02 -1.01965E+01  3.46768E+02 -1.01965E+01  3.46768E+02 -1.01965E+01
    2.3707E+01  3.46768E+02 -1.01965E+01  3.46768E+02 -1.01965E+01  3.46768E+02 -1.01965E+01
    2.3810E+01  3.54841E+02 -1.04558E+01  3.54841E+02 -1.04558E+01  3.54841E+02 -1.04558E+01
    2.3913E+01  3.64462E+02 -1.07469E+01  3.64462E+02 -1.07469E+01  3.64462E+02 -1.07469E+01
    2.4016E+01  3.64462E+02 -1.07469E+01  3.64462E+02 -1.07469E+01  3.64462E+02 -1.07469E+01
    2.4120E+01  3.65575E+02 -1.07926E+01  3.65575E+02 -1.07926E+01  3.65575E+02 -1.07926E+01
    2.4223E+01  3.78629E+02 -1.11683E+01  3.78629E+02 -1.11683E+01  3.78629E+02 -1.11683E+01
    2.4326E+01  3.78629E+02 -1.11683E+01  3.78629E+02 -1.11683E+01  3.78629E+02 -1.11683E+01
    2.4429E+01  3.79171E+02 -1.11926E+01  3.79171E+02 -1.11926E+01  3.79171E+02 -1.11926E+01
    2.4532E+01  3.96698E+02 -1.16755E+01  3.96698E+02 -1.16755E+01  3.96698E+02 -1.16755E+01
    2.4635E+01  4.06485E+02 -1.19769E+01  4.06485E+02 -1.19769E+01  4.06485E+02 -1.19769E+01
    2.4738E+01  4.09829E+02 -1.21106E+01  4.09829E+02 -1.21106E+01  4.09829E+02 -1.21106E+01
    2.4841E+01  4.13688E+02 -1.22304E+01  4.13688E+02 -1.22304E+01  4.13688E+02 -1.22304E+01
    2.4944E+01  4.33834E+02 -1.27854E+01  4.33834E+02 -1.27854E+01  4.33834E+02 -1.27854E+01
    2.5047E+01  4.34109E+02 -1.27978E+01  4.34109E+02 -1.27978E+01  4.34109E+02 -1.27978E+01
    2.5150E+01  4.58083E+02 -1.34232E+01  4.58083E+02 -1.34232E+01  4.58083E+02 -1.34232E+01
    2.5253E+01  4.61607E+02 -1.35590E+01  4.61607E+02 -1.35590E+01  4.61607E+02 -1.35590E+01
    2.5356E+01  4.65953E+02 -1.37078E+01  4.65953E+02 -1.37078E+01  4.65953E+02 -1.37078E+01
    2.5460E+01  4.88577E+02 -1.42662E+01  4.88577E+02 -1.42662E+01  4.88577E+02 -1.42662E+01
    2.5563E+01  5.05900E+02 -1.48186E+01  5.05900E+02 -1.48186E+01  5.05900E+02 -1.48186E+01
    2.5666E+01  5.06386E+02 -1.48394E+01  5.06386E+02 -1.48394E+01  5.06386E+02 -1.48394E+01
    2.5769E+01  5.06386E+02 -1.48394E+01  5.06386E+02 -1.48394E+01  5.06386E+02 -1.48394E+01
    2.5872E+01  5.21237E+02 -1.52138E+01  5.21237E+02 -1.52138E+01  5.21237E+02 -1.52138E+01
    2.5975E+01  5.23905E+02 -1.53064E+01  5.23905E+02 -1.53064E+01  5.23905E+02 -1.53064E+01
    2.6078E+01  5.30719E+02 -1.55366E+01  5.30719E+02 -1.55366E+01  5.30719E+02 -1.55366E+01
    2.6181E+01  5.31807E+02 -1.55801E+01  5.31807E+02 -1.55801E+01  5.31807E+02 -1.55801E+01
    2.6284E+01  5.55434E+02 -1.61851E+01  5.55434E+02 -1.61851E+01  5.55434E+02 -1.61851E+01
    2.6387E+01  5.71967E+02 -1.67081E+01  5.71967E+02 -1.67081E+01  5.71967E+02 -1.67081E+01
    2.6490E+01  5.77117E+02 -1.69016E+01  5.77117E+02 -1.69016E+01  5.77117E+02 -1.69016E+01
    2.6593E+01  5.77117E+02 -1.69016E+01  5.77117E+02 -1.69016E+01  5.77117E+02 -1.69016E+01
    2.6696E+01  5.81020E+02 -1.70377E+01  5.81020E+02 -1.70377E+01  5.81020E+02 -1.70377E+01
    2.6799E+01  5.85101E+02 -1.71786E+01  5.85101E+02 -1.71786E+01  5.85101E+02 -1.71786E+01
    2.6903E+01  5.95473E+02 -1.74963E+01  5.95473E+02 -1.74963E+01  5.95473E+02 -1.74963E+01
    2.7006E+01  5.95473E+02 -1.74963E+01  5.95473E+02 -1.74963E+01  5.95473E+02 -1.74963E+01
    2.7109E+01  6.02036E+02 -1.77169E+01  6.02036E+02 -1.77169E+01  6.02036E+02 -1.77169E+01
    2.7212E+01  6.15277E+02 -1.81108E+01  6.15277E+02 -1.81108E+01  6.15277E+02 -1.81108E+01
    2.7315E+01  6.18470E+02 -1.82154E+01  6.18470E+02 -1.82154E+01  6.18470E+02 -1.82154E+01
    2.7418E+01  6.68275E+02 -1.94787E+01  6.68275E+02 -1.94787E+01  6.68275E+02 -1.94787E+01
    2.7521E+01  6.74779E+02 -1.96921E+01  6.74779E+02 -1.96921E+01  6.74779E+02 -1.96921E+01
    2.7624E+01  6.74779E+02 -1.96921E+01  6.74779E+02 -1.96921E+01  6.74779E+02 -1.96921E+01
    2.7727E+01  6.96077E+02 -2.03440E+01  6.96077E+02 -2.03440E+01  6.96077E+02 -2.03440E+01
    2.7830E+01  6.96077E+02 -2.03440E+01  6.96077E+02 -2.03440E+01  6.96077E+02 -2.03440E+01
    2.7933E+01  7.00864E+02 -2.04932E+01  7.00864E+02 -2.04932E+01  7.00864E+02 -2.04932E+01
    2.8036E+01  7.00864E+02 -2.04932E+01  7.00864E+02 -2.04932E+01  7.00864E+02 -2.04932E+01
    2.8139E+01  7.16107E+02 -2.09565E+01  7.16107E+02 -2.09565E+01  7.16107E+02 -2.09565E+01
    2.8243E+01  7.16107E+02 -2.09565E+01  7.16107E+02 -2.09565E+01  7.16107E+02 -2.09565E+01
    2.8346E+01  7.16107E+02 -2.09565E+01  7.16107E+02 -2.09565E+01  7.16107E+02 -2.09565E+01
    2.8449E+01  7.40258E+02 -2.16600E+01  7.40258E+02 -2.16600E+01  7.40258E+02 -2.16600E+01
    2.8552E+01  7.48329E+02 -2.19223E+01  7.48329E+02 -2.19223E+01  7.48329E+02 -2.19223E+01
    2.8655E+01  7.80911E+02 -2.26304E+01  7.80911E+02 -2.26304E+01  7.80911E+02 -2.26304E+01
    2.8758E+01  7.80911E+02 -2.26304E+01  7.80911E+02 -2.26304E+01  7.80911E+02 -2.26304E+01
    2.8861E+01  8.16959E+02 -2.35352E+01  8.16959E+02 -2.35352E+01  8.16959E+02 -2.35352E+01
    2.8964E+01  8.16959E+02 -2.35352E+01  8.16959E+02 -2.35352E+01  8.16959E+02 -2.35352E+01
    2.9067E+01  8.50618E+02 -2.44039E+01  8.50618E+02 -2.44039E+01  8.50618E+02 -2.44039E+01
    2.9170E+01  8.97243E+02 -2.54602E+01  8.97243E+02 -2.54602E+01  8.97243E+02 -2.54602E+01
    2.9273E+01  8.97243E+02 -2.54602E+01  8.97243E+02 -2.54602E+01  8.97243E+02 -2.54602E+01
    2.9376E+01  8.97243E+02 -2.54602E+01  8.97243E+02 -2.54602E+01  8.97243E+02 -2.54602E+01
    2.9479E+01  9.08345E+02 -2.57676E+01  9.08345E+02 -2.57676E+01  9.08345E+02 -2.57676E+01
    2.9583E+01  9.08345E+02 -2.57676E+01  9.08345E+02 -2.57676E+01  9.08345E+02 -2.57676E+01
    2.9686E+01  9.23406E+02 -2.62436E+01  9.23406E+02 -2.62436E+01  9.23406E+02 -2.62436E+01
    2.9789E+01  9.23406E+02 -2.62436E+01  9.23406E+02 -2.62436E+01  9.23406E+02 -2.62436E+01
    2.9892E+01  9.28866E+02 -2.64309E+01  9.28866E+02 -2.64309E+01  9.28866E+02 -2.64309E+01
    2.9995E+01  9.49366E+02 -2.70172E+01  9.49366E+02 -2.70172E+01  9.49366E+02 -2.70172E+01
    3.0098E+01  9.49366E+02 -2.70172E+01  9.49366E+02 -2.70172E+01  9.49366E+02 -2.70172E+01
    3.0201E+01  9.49366E+02 -2.70172E+01  9.49366E+02 -2.70172E+01  9.49366E+02 -2.70172E+01
    3.0304E+01  9.49366E+02 -2.70172E+01  9.49366E+02 -2.70172E+01  9.49366E+02 -2.70172E+01
    3.0407E+01  9.91752E+02 -2.81639E+01  9.91752E+02 -2.81639E+01  9.91752E+02 -2.81639E+01
    3.0510E+01  1.03307E+03 -2.93396E+01  1.03307E+03 -2.93396E+01  1.03307E+03 -2.93396E+01
    3.0613E+01  1.03307E+03 -2.93396E+01  1.03307E+03 -2.93396E+01  1.03307E+03 -2.93396E+01
    3.0716E+01  1.03307E+03 -2.93396E+01  1.03307E+03 -2.93396E+01  1.03307E+03 -2.93396E+01
    3.0819E+01  1.03307E+03 -2.93396E+01  1.03307E+03 -2.93396E+01  1.03307E+03 -2.93396E+01
    3.0922E+01  1.13416E+03 -3.17048E+01  1.13416E+03 -3.17048E+01  1.13416E+03 -3.17048E+01
    3.1026E+01  1.16493E+03 -3.24116E+01  1.16493E+03 -3.24116E+01  1.16493E+03 -3.24116E+01
    3.1129E+01  1.16493E+03 -3.24116E+01  1.16493E+03 -3.24116E+01  1.16493E+03 -3.24116E+01
    3.1232E+01  1.16493E+03 -3.24116E+01  1.16493E+03 -3.24116E+01  1.16493E+03 -3.24116E+01
    3.1335E+01  1.16493E+03 -3.24116E+01  1.16493E+03 -3.24116E+01  1.16493E+03 -3.24116E+01
    3.1438E+01  1.16493E+03 -3.24116E+01  1.16493E+03 -3.24116E+01  1.16493E+03 -3.24116E+01
    3.1541E+01  1.18020E+03 -3.28702E+01  1.18020E+03 -3.28702E+01  1.18020E+03 -3.28702E+01
    3.1644E+01  1.18020E+03 -3.28702E+01  1.18020E+03 -3.28702E+01  1.18020E+03 -3.28702E+01
    3.1747E+01  1.22828E+03 -3.38087E+01  1.22828E+03 -3.38087E+01  1.22828E+03 -3.38087E+01
    3.1850E+01  1.22828E+03 -3.38087E+01  1.22828E+03 -3.38087E+01  1.22828E+03 -3.38087E+01
    3.1953E+01  1.22828E+03 -3.38087E+01  1.22828E+03 -3.38087E+01  1.22828E+03 -3.38087E+01
    3.2056E+01  1.24045E+03 -3.41889E+01  1.24045E+03 -3.41889E+01  1.24045E+03 -3.41889E+01
    3.2159E+01  1.24045E+03 -3.41889E+01  1.24045E+03 -3.41889E+01  1.24045E+03 -3.41889E+01
    3.2262E+01  1.26791E+03 -3.49547E+01  1.26791E+03 -3.49547E+01  1.26791E+03 -3.49547E+01
    3.2366E+01  1.26791E+03 -3.49547E+01  1.26791E+03 -3.49547E+01  1.26791E+03 -3.49547E+01
    3.2469E+01  1.31733E+03 -3.61905E+01  1.31733E+03 -3.61905E+01  1.31733E+03 -3.61905E+01
    3.2572E+01  1.31733E+03 -3.61905E+01  1.31733E+03 -3.61905E+01  1.31733E+03 -3.61905E+01
    3.2675E+01  1.31733E+03 -3.61905E+01  1.31733E+03 -3.61905E+01  1.31733E+03 -3.61905E+01
    3.2778E+01  1.31733E+03 -3.61905E+01  1.31733E+03 -3.61905E+01  1.31733E+03 -3.61905E+01
    3.2881E+01  1.31733E+03 -3.61905E+01  1.31733E+03 -3.61905E+01  1.31733E+03 -3.61905E+01
    3.2984E+01  1.35004E+03 -3.70681E+01  1.35004E+03 -3.70681E+01  1.35004E+03 -3.70681E+01
    3.3087E+01  1.35004E+03 -3.70681E+01  1.35004E+03 -3.70681E+01  1.35004E+03 -3.70681E+01
    3.3190E+01  1.35004E+03 -3.70681E+01  1.35004E+03 -3.70681E+01  1.35004E+03 -3.70681E+01
    3.3293E+01  1.36266E+03 -3.74237E+01  1.36266E+03 -3.74237E+01  1.36266E+03 -3.74237E+01
    3.3396E+01  1.42089E+03 -3.89630E+01  1.42089E+03 -3.89630E+01  1.42089E+03 -3.89630E+01
    3.3499E+01  1.42089E+03 -3.89630E+01  1.42089E+03 -3.89630E+01  1.42089E+03 -3.89630E+01
    3.3602E+01  1.42089E+03 -3.89630E+01  1.42089E+03 -3.89630E+01  1.42089E+03 -3.89630E+01
    3.3706E+01  1.42089E+03 -3.89630E+01  1.42089E+03 -3.89630E+01  1.42089E+03 -3.89630E+01
    3.3809E+01  1.42089E+03 -3.89630E+01  1.42089E+03 -3.89630E+01  1.42089E+03 -3.89630E+01
    3.3912E+01  1.51026E+03 -4.09546E+01  1.51026E+03 -4.09546E+01  1.51026E+03 -4.09546E+01
    3.4015E+01  1.53300E+03 -4.15352E+01  1.53300E+03 -4.15352E+01  1.53300E+03 -4.15352E+01
    3.4118E+01  1.57647E+03 -4.26220E+01  1.57647E+03 -4.26220E+01  1.57647E+03 -4.26220E+01
    3.4221E+01  1.57647E+03 -4.26220E+01  1.57647E+03 -4.26220E+01  1.57647E+03 -4.26220E+01
    3.4324E+01  1.57647E+03 -4.26220E+01  1.57647E+03 -4.26220E+01  1.57647E+03 -4.26220E+01
    3.4427E+01  1.57647E+03 -4.26220E+01  1.57647E+03 -4.26220E+01  1.57647E+03 -4.26220E+01
    3.4530E+01  1.60521E+03 -4.34254E+01  1.60521E+03 -4.34254E+01  1.60521E+03 -4.34254E+01
    3.4633E+01  1.60521E+03 -4.34254E+01  1.60521E+03 -4.34254E+01  1.60521E+03 -4.34254E+01
    3.4736E+01  1.63529E+03 -4.39058E+01  1.63529E+03 -4.39058E+01  1.63529E+03 -4.39058E+01
    3.4839E+01  1.63529E+03 -4.39058E+01  1.63529E+03 -4.39058E+01  1.63529E+03 -4.39058E+01
    3.4942E+01  1.66713E+03 -4.47913E+01  1.66713E+03 -4.47913E+01  1.66713E+03 -4.47913E+01
    3.5045E+01  1.74425E+03 -4.66537E+01  1.74425E+03 -4.66537E+01  1.74425E+03 -4.66537E+01
    3.5149E+01  1.77594E+03 -4.75292E+01  1.77594E+03 -4.75292E+01  1.77594E+03 -4.75292E+01
    3.5252E+01  1.77594E+03 -4.75292E+01  1.77594E+03 -4.75292E+01  1.77594E+03 -4.75292E+01
    3.5355E+01  1.83829E+03 -4.90659E+01  1.83829E+03 -4.90659E+01  1.83829E+03 -4.90659E+01
    3.5458E+01  1.83829E+03 -4.90659E+01  1.83829E+03 -4.90659E+01  1.83829E+03 -4.90659E+01
    3.5561E+01  1.86656E+03 -4.97680E+01  1.86656E+03 -4.97680E+01  1.86656E+03 -4.97680E+01
    3.5664E+01  1.86656E+03 -4.97680E+01  1.86656E+03 -4.97680E+01  1.86656E+03 -4.97680E+01
    3.5767E+01  1.88582E+03 -5.02933E+01  1.88582E+03 -5.02933E+01  1.88582E+03 -5.02933E+01
    3.5870E+01  1.88582E+03 -5.02933E+01  1.88582E+03 -5.02933E+01  1.88582E+03 -5.02933E+01
    3.5973E+01  1.88582E+03 -5.02933E+01  1.88582E+03 -5.02933E+01  1.88582E+03 -5.02933E+01
    3.6076E+01  1.90803E+03 -5.08769E+01  1.90803E+03 -5.08769E+01  1.90803E+03 -5.08769E+01
    3.6179E+01  1.90803E+03 -5.08769E+01  1.90803E+03 -5.08769E+01  1.90803E+03 -5.08769E+01
    3.6282E+01  1.90803E+03 -5.08769E+01  1.90803E+03 -5.08769E+01  1.90803E+03 -5.08769E+01
    3.6385E+01  1.90803E+03 -5.08769E+01  1.90803E+03 -5.08769E+01  1.90803E+03 -5.08769E+01
    3.6489E+01  1.92736E+03 -5.12367E+01  1.92736E+03 -5.12367E+01  1.92736E+03 -5.12367E+01
    3.6592E+01  1.92736E+03 -5.12367E+01  1.92736E+03 -5.12367E+01  1.92736E+03 -5.12367E+01
    3.6695E+01  2.01345E+03 -5.33951E+01  2.01345E+03 -5.33951E+01  2.01345E+03 -5.33951E+01
    3.6798E+01  2.02796E+03 -5.38093E+01  2.02796E+03 -5.38093E+01  2.02796E+03 -5.38093E+01
    3.6901E+01  2.14636E+03 -5.63449E+01  2.14636E+03 -5.63449E+01  2.14636E+03 -5.63449E+01
    3.7004E+01  2.14636E+03 -5.63449E+01  2.14636E+03 -5.63449E+01  2.14636E+03 -5.63449E+01
    3.7107E+01  2.31251E+03 -6.02008E+01  2.31251E+03 -6.02008E+01  2.31251E+03 -6.02008E+01
    3.7210E+01  2.31251E+03 -6.02008E+01  2.31251E+03 -6.02008E+01  2.31251E+03 -6.02008E+01
    3.7313E+01  2.31251E+03 -6.02008E+01  2.31251E+03 -6.02008E+01  2.31251E+03 -6.02008E+01
    3.7416E+01  2.42102E+03 -6.28318E+01  2.42102E+03 -6.28318E+01  2.42102E+03 -6.28318E+01
    3.7519E+01  2.51174E+03 -6.48244E+01  2.51174E+03 -6.48244E+01  2.51174E+03 -6.48244E+01
    3.7622E+01  2.61720E+03 -6.66086E+01  2.61720E+03 -6.66086E+01  2.61720E+03 -6.66086E+01
    3.7725E+01  2.64980E+03 -6.74199E+01  2.64980E+03 -6.74199E+01  2.64980E+03 -6.74199E+01
    3.7829E+01  2.64980E+03 -6.74199E+01  2.64980E+03 -6.74199E+01  2.64980E+03 -6.74199E+01
    3.7932E+01  2.64980E+03 -6.74199E+01  2.64980E+03 -6.74199E+01  2.64980E+03 -6.74199E+01
    3.8035E+01  2.74863E+03 -6.98820E+01  2.74863E+03 -6.98820E+01  2.74863E+03 -6.98820E+01
    3.8138E+01  2.78873E+03 -7.08445E+01  2.78873E+03 -7.08445E+01  2.78873E+03 -7.08445E+01
    3.8241E+01  2.78873E+03 -7.08445E+01  2.78873E+03 -7.08445E+01  2.78873E+03 -7.08445E+01
    3.8344E+01  2.81184E+03 -7.14668E+01  2.81184E+03 -7.14668E+01  2.81184E+03 -7.14668E+01
    3.8447E+01  2.81184E+03 -7.14668E+01  2.81184E+03 -7.14668E+01  2.81184E+03 -7.14668E+01
    3.8550E+01  2.81184E+03 -7.14668E+01  2.81184E+03 -7.14668E+01  2.81184E+03 -7.14668E+01
    3.8653E+01  2.81184E+03 -7.14668E+01  2.81184E+03 -7.14668E+01  2.81184E+03 -7.14668E+01
    3.8756E+01  2.81184E+03 -7.14668E+01  2.81184E+03 -7.14668E+01  2.81184E+03 -7.14668E+01
    3.8859E+01  2.81184E+03 -7.14668E+01  2.81184E+03 -7.14668E+01  2.81184E+03 -7.14668E+01
    3.8962E+01  2.81184E+03 -7.14668E+01  2.81184E+03 -7.14668E+01  2.81184E+03 -7.14668E+01
    3.9065E+01  2.88697E+03 -7.32943E+01  2.88697E+03 -7.32943E+01  2.88697E+03 -7.32943E+01
    3.9168E+01  2.88697E+03 -7.32943E+01  2.88697E+03 -7.32943E+01  2.88697E+03 -7.32943E+01
    3.9272E+01  2.88697E+03 -7.32943E+01  2.88697E+03 -7.32943E+01  2.88697E+03 -7.32943E+01
    3.9375E+01  2.88697E+03 -7.32943E+01  2.88697E+03 -7.32943E+01  2.88697E+03 -7.32943E+01
    3.9478E+01  3.00887E+03 -7.59755E+01  3.00887E+03 -7.59755E+01  3.00887E+03 -7.59755E+01
    3.9581E+01  3.00887E+03 -7.59755E+01  3.00887E+03 -7.59755E+01  3.00887E+03 -7.59755E+01
    3.9684E+01  3.00887E+03 -7.59755E+01  3.00887E+03 -7.59755E+01  3.00887E+03 -7.59755E+01
    3.9787E+01  3.07122E+03 -7.75685E+01  3.07122E+03 -7.75685E+01  3.07122E+03 -7.75685E+01
    3.9890E+01  3.07122E+03 -7.75685E+01  3.07122E+03 -7.75685E+01  3.07122E+03 -7.75685E+01
    3.9993E+01  3.07122E+03 -7.75685E+01  3.07122E+03 -7.75685E+01  3.07122E+03 -7.75685E+01
    4.0096E+01  3.07122E+03 -7.75685E+01  3.07122E+03 -7.75685E+01  3.07122E+03 -7.75685E+01
    4.0199E+01  3.07122E+03 -7.75685E+01  3.07122E+03 -7.75685E+01  3.07122E+03 -7.75685E+01
    4.0302E+01  3.07122E+03 -7.75685E+01  3.07122E+03 -7.75685E+01  3.07122E+03 -7.75685E+01
    4.0405E+01  3.07122E+03 -7.75685E+01  3.07122E+03 -7.75685E+01  3.07122E+03 -7.75685E+01
    4.0508E+01  3.07122E+03 -7.75685E+01  3.07122E+03 -7.75685E+01  3.07122E+03 -7.75685E+01
    4.0612E+01  3.07122E+03 -7.75685E+01  3.07122E+03 -7.75685E+01  3.07122E+03 -7.75685E+01
    4.0715E+01  3.07122E+03 -7.75685E+01  3.07122E+03 -7.75685E+01  3.07122E+03 -7.75685E+01
    4.0818E+01  3.07122E+03 -7.75685E+01  3.07122E+03 -7.75685E+01  3.07122E+03 -7.75685E+01
    4.0921E+01  3.07122E+03 -7.75685E+01  3.07122E+03 -7.75685E+01  3.07122E+03 -7.75685E+01
    4.1024E+01  3.07122E+03 -7.75685E+01  3.07122E+03 -7.75685E+01  3.07122E+03 -7.75685E+01
    4.1127E+01  3.07122E+03 -7.75685E+01  3.07122E+03 -7.75685E+01  3.07122E+03 -7.75685E+01
    4.1230E+01  3.07122E+03 -7.75685E+01  3.07122E+03 -7.75685E+01  3.07122E+03 -7.75685E+01
    4.1333E+01  3.07122E+03 -7.75685E+01  3.07122E+03 -7.75685E+01  3.07122E+03 -7.75685E+01
    4.1436E+01  3.07122E+03 -7.75685E+01  3.07122E+03 -7.75685E+01  3.07122E+03 -7.75685E+01
    4.1539E+01  3.07122E+03 -7.75685E+01  3.07122E+03 -7.75685E+01  3.07122E+03 -7.75685E+01
    4.1642E+01  3.07122E+03 -7.75685E+01  3.07122E+03 -7.75685E+01  3.07122E+03 -7.75685E+01
    4.1745E+01  3.07122E+03 -7.75685E+01  3.07122E+03 -7.75685E+01  3.07122E+03 -7.75685E+01
    4.1848E+01  3.12574E+03 -7.88236E+01  3.12574E+03 -7.88236E+01  3.12574E+03 -7.88236E+01
    4.1952E+01  3.12574E+03 -7.88236E+01  3.12574E+03 -7.88236E+01  3.12574E+03 -7.88236E+01
    4.2055E+01  3.12574E+03 -7.88236E+01  3.12574E+03 -7.88236E+01  3.12574E+03 -7.88236E+01
    4.2158E+01  3.12574E+03 -7.88236E+01  3.12574E+03 -7.88236E+01  3.12574E+03 -7.88236E+01
    4.2261E+01  3.24465E+03 -8.15787E+01  3.24465E+03 -8.15787E+01  3.24465E+03 -8.15787E+01
    4.2364E+01  3.24465E+03 -8.15787E+01  3.24465E+03 -8.15787E+01  3.24465E+03 -8.15787E+01
    4.2467E+01  3.24465E+03 -8.15787E+01  3.24465E+03 -8.15787E+01  3.24465E+03 -8.15787E+01
    4.2570E+01  3.24465E+03 -8.15787E+01  3.24465E+03 -8.15787E+01  3.24465E+03 -8.15787E+01
    4.2673E+01  3.36009E+03 -8.36656E+01  3.36009E+03 -8.36656E+01  3.36009E+03 -8.36656E+01
    4.2776E+01  3.36009E+03 -8.36656E+01  3.36009E+03 -8.36656E+01  3.36009E+03 -8.36656E+01
    4.2879E+01  3.36009E+03 -8.36656E+01  3.36009E+03 -8.36656E+01  3.36009E+03 -8.36656E+01
    4.2982E+01  3.42281E+03 -8.50783E+01  3.42281E+03 -8.50783E+01  3.42281E+03 -8.50783E+01
    4.3085E+01  3.42281E+03 -8.50783E+01  3.42281E+03 -8.50783E+01  3.42281E+03 -8.50783E+01
    4.3188E+01  3.42281E+03 -8.50783E+01  3.42281E+03 -8.50783E+01  3.42281E+03 -8.50783E+01
    4.3291E+01  3.42281E+03 -8.50783E+01  3.42281E+03 -8.50783E+01  3.42281E+03 -8.50783E+01
    4.3395E+01  3.42281E+03 -8.50783E+01  3.42281E+03 -8.50783E+01  3.42281E+03 -8.50783E+01
    4.3498E+01  3.42281E+03 -8.50783E+01  3.42281E+03 -8.50783E+01  3.42281E+03 -8.50783E+01
    4.3601E+01  3.42281E+03 -8.50783E+01  3.42281E+03 -8.50783E+01  3.42281E+03 -8.50783E+01
    4.3704E+01  3.42281E+03 -8.50783E+01  3.42281E+03 -8.50783E+01  3.42281E+03 -8.50783E+01
    4.3807E+01  3.42281E+03 -8.50783E+01  3.42281E+03 -8.50783E+01  3.42281E+03 -8.50783E+01
    4.3910E+01  3.52612E+03 -8.75589E+01  3.52612E+03 -8.75589E+01  3.52612E+03 -8.75589E+01
    4.4013E+01  3.52612E+03 -8.75589E+01  3.52612E+03 -8.75589E+01  3.52612E+03 -8.75589E+01
    4.4116E+01  3.52612E+03 -8.75589E+01  3.52612E+03 -8.75589E+01  3.52612E+03 -8.75589E+01
    4.4219E+01  3.52612E+03 -8.75589E+01  3.52612E+03 -8.75589E+01  3.52612E+03 -8.75589E+01
    4.4322E+01  3.52612E+03 -8.75589E+01  3.52612E+03 -8.75589E+01  3.52612E+03 -8.75589E+01
    4.4425E+01  3.52612E+03 -8.75589E+01  3.52612E+03 -8.75589E+01  3.52612E+03 -8.75589E+01
    4.4528E+01  3.52612E+03 -8.75589E+01  3.52612E+03 -8.75589E+01  3.52612E+03 -8.75589E+01
    4.4631E+01  3.52612E+03 -8.75589E+01  3.52612E+03 -8.75589E+01  3.52612E+03 -8.75589E+01
    4.4735E+01  3.52612E+03 -8.75589E+01  3.52612E+03 -8.75589E+01  3.52612E+03 -8.75589E+01
    4.4838E+01  3.52612E+03 -8.75589E+01  3.52612E+03 -8.75589E+01  3.52612E+03 -8.75589E+01
    4.4941E+01  3.52612E+03 -8.75589E+01  3.52612E+03 -8.75589E+01  3.52612E+03 -8.75589E+01
    4.5044E+01  3.52612E+03 -8.75589E+01  3.52612E+03 -8.75589E+01  3.52612E+03 -8.75589E+01
    4.5147E+01  3.52612E+03 -8.75589E+01  3.52612E+03 -8.75589E+01  3.52612E+03 -8.75589E+01
    4.5250E+01  3.52612E+03 -8.75589E+01  3.52612E+03 -8.75589E+01  3.52612E+03 -8.75589E+01
    4.5353E+01  3.52612E+03 -8.75589E+01  3.52612E+03 -8.75589E+01  3.52612E+03 -8.75589E+01
    4.5456E+01  3.57560E+03 -8.81802E+01  3.57560E+03 -8.81802E+01  3.57560E+03 -8.81802E+01
    4.5559E+01  3.78073E+03 -9.12336E+01  3.78073E+03 -9.12336E+01  3.78073E+03 -9.12336E+01
    4.5662E+01  3.88476E+03 -9.31902E+01  3.88476E+03 -9.31902E+01  3.88476E+03 -9.31902E+01
    4.5765E+01  4.03240E+03 -9.64902E+01  4.03240E+03 -9.64902E+01  4.03240E+03 -9.64902E+01
    4.5868E+01  4.03240E+03 -9.64902E+01  4.03240E+03 -9.64902E+01  4.03240E+03 -9.64902E+01
    4.5971E+01  4.03240E+03 -9.64902E+01  4.03240E+03 -9.64902E+01  4.03240E+03 -9.64902E+01
    4.6075E+01  4.23589E+03 -9.96966E+01  4.23589E+03 -9.96966E+01  4.23589E+03 -9.96966E+01
    4.6178E+01  4.23589E+03 -9.96966E+01  4.23589E+03 -9.96966E+01  4.23589E+03 -9.96966E+01
    4.6281E+01  4.38999E+03 -1.03179E+02  4.38999E+03 -1.03179E+02  4.38999E+03 -1.03179E+02
    4.6384E+01  4.67356E+03 -1.07162E+02  4.67356E+03 -1.07162E+02  4.67356E+03 -1.07162E+02
    4.6487E+01  4.67356E+03 -1.07162E+02  4.67356E+03 -1.07162E+02  4.67356E+03 -1.07162E+02
    4.6590E+01  4.81545E+03 -1.10427E+02  4.81545E+03 -1.10427E+02  4.81545E+03 -1.10427E+02
    4.6693E+01  4.81545E+03 -1.10427E+02  4.81545E+03 -1.10427E+02  4.81545E+03 -1.10427E+02
    4.6796E+01  4.81545E+03 -1.10427E+02  4.81545E+03 -1.10427E+02  4.81545E+03 -1.10427E+02
    4.6899E+01  4.81545E+03 -1.10427E+02  4.81545E+03 -1.10427E+02  4.81545E+03 -1.10427E+02
    4.7002E+01  4.81545E+03 -1.10427E+02  4.81545E+03 -1.10427E+02  4.81545E+03 -1.10427E+02
    4.7105E+01  4.81545E+03 -1.10427E+02  4.81545E+03 -1.10427E+02  4.81545E+03 -1.10427E+02
    4.7208E+01  4.81545E+03 -1.10427E+02  4.81545E+03 -1.10427E+02  4.81545E+03 -1.10427E+02
    4.7311E+01  4.81545E+03 -1.10427E+02  4.81545E+03 -1.10427E+02  4.81545E+03 -1.10427E+02
    4.7414E+01  4.81545E+03 -1.10427E+02  4.81545E+03 -1.10427E+02  4.81545E+03 -1.10427E+02
    4.7518E+01  4.81545E+03 -1.10427E+02  4.81545E+03 -1.10427E+02  4.81545E+03 -1.10427E+02
    4.7621E+01  4.81545E+03 -1.10427E+02  4.81545E+03 -1.10427E+02  4.81545E+03 -1.10427E+02
    4.7724E+01  4.81545E+03 -1.10427E+02  4.81545E+03 -1.10427E+02  4.81545E+03 -1.10427E+02
    4.7827E+01  4.97904E+03 -1.14115E+02  4.97904E+03 -1.14115E+02  4.97904E+03 -1.14115E+02
    4.7930E+01  4.97904E+03 -1.14115E+02  4.97904E+03 -1.14115E+02  4.97904E+03 -1.14115E+02
    4.8033E+01  4.97904E+03 -1.14115E+02  4.97904E+03 -1.14115E+02  4.97904E+03 -1.14115E+02
    4.8136E+01  4.97904E+03 -1.14115E+02  4.97904E+03 -1.14115E+02  4.97904E+03 -1.14115E+02
    4.8239E+01  5.08475E+03 -1.16330E+02  5.08475E+03 -1.16330E+02  5.08475E+03 -1.16330E+02
    4.8342E+01  5.08475E+03 -1.16330E+02  5.08475E+03 -1.16330E+02  5.08475E+03 -1.16330E+02
    4.8445E+01  5.08475E+03 -1.16330E+02  5.08475E+03 -1.16330E+02  5.08475E+03 -1.16330E+02
    4.8548E+01  5.08475E+03 -1.16330E+02  5.08475E+03 -1.16330E+02  5.08475E+03 -1.16330E+02
    4.8651E+01  5.08475E+03 -1.16330E+02  5.08475E+03 -1.16330E+02  5.08475E+03 -1.16330E+02
    4.8754E+01  5.08475E+03 -1.16330E+02  5.08475E+03 -1.16330E+02  5.08475E+03 -1.16330E+02
    4.8858E+01  5.20531E+03 -1.18652E+02  5.20531E+03 -1.18652E+02  5.20531E+03 -1.18652E+02
    4.8961E+01  5.20531E+03 -1.18652E+02  5.20531E+03 -1.18652E+02  5.20531E+03 -1.18652E+02
    4.9064E+01  5.20531E+03 -1.18652E+02  5.20531E+03 -1.18652E+02  5.20531E+03 -1.18652E+02
    4.9167E+01  5.20531E+03 -1.18652E+02  5.20531E+03 -1.18652E+02  5.20531E+03 -1.18652E+02
    4.9270E+01  5.20531E+03 -1.18652E+02  5.20531E+03 -1.18652E+02  5.20531E+03 -1.18652E+02
    4.9373E+01  5.42661E+03 -1.23235E+02  5.42661E+03 -1.23235E+02  5.42661E+03 -1.23235E+02
    4.9476E+01  5.42661E+03 -1.23235E+02  5.42661E+03 -1.23235E+02  5.42661E+03 -1.23235E+02
    4.9579E+01  5.53704E+03 -1.25471E+02  5.53704E+03 -1.25471E+02  5.53704E+03 -1.25471E+02
    4.9682E+01  5.53704E+03 -1.25471E+02  5.53704E+03 -1.25471E+02  5.53704E+03 -1.25471E+02
    4.9785E+01  5.53704E+03 -1.25471E+02  5.53704E+03 -1.25471E+02  5.53704E+03 -1.25471E+02
    4.9888E+01  5.53704E+03 -1.25471E+02  5.53704E+03 -1.25471E+02  5.53704E+03 -1.25471E+02
    4.9991E+01  5.53704E+03 -1.25471E+02  5.53704E+03 -1.25471E+02  5.53704E+03 -1.25471E+02
    5.0094E+01  5.53704E+03 -1.25471E+02  5.53704E+03 -1.25471E+02  5.53704E+03 -1.25471E+02
    5.0198E+01  5.53704E+03 -1.25471E+02  5.53704E+03 -1.25471E+02  5.53704E+03 -1.25471E+02
    5.0301E+01  5.53704E+03 -1.25471E+02  5.53704E+03 -1.25471E+02  5.53704E+03 -1.25471E+02
    5.0404E+01  5.53704E+03 -1.25471E+02  5.53704E+03 -1.25471E+02  5.53704E+03 -1.25471E+02
    5.0507E+01  5.53704E+03 -1.25471E+02  5.53704E+03 -1.25471E+02  5.53704E+03 -1.25471E+02
    5.0610E+01  5.80959E+03 -1.30557E+02  5.80959E+03 -1.30557E+02  5.80959E+03 -1.30557E+02
    5.0713E+01  5.80959E+03 -1.30557E+02  5.80959E+03 -1.30557E+02  5.80959E+03 -1.30557E+02
    5.0816E+01  5.80959E+03 -1.30557E+02  5.80959E+03 -1.30557E+02  5.80959E+03 -1.30557E+02
    5.0919E+01  5.80959E+03 -1.30557E+02  5.80959E+03 -1.30557E+02  5.80959E+03 -1.30557E+02
    5.1022E+01  5.80959E+03 -1.30557E+02  5.80959E+03 -1.30557E+02  5.80959E+03 -1.30557E+02
    5.1125E+01  5.80959E+03 -1.30557E+02  5.80959E+03 -1.30557E+02  5.80959E+03 -1.30557E+02
    5.1228E+01  5.80959E+03 -1.30557E+02  5.80959E+03 -1.30557E+02  5.80959E+03 -1.30557E+02
    5.1331E+01  5.80959E+03 -1.30557E+02  5.80959E+03 -1.30557E+02  5.80959E+03 -1.30557E+02
    5.1434E+01  5.80959E+03 -1.30557E+02  5.80959E+03 -1.30557E+02  5.80959E+03 -1.30557E+02
    5.1537E+01  5.80959E+03 -1.30557E+02  5.80959E+03 -1.30557E+02  5.80959E+03 -1.30557E+02
    5.1641E+01  5.80959E+03 -1.30557E+02  5.80959E+03 -1.30557E+02  5.80959E+03 -1.30557E+02
    5.1744E+01  5.80959E+03 -1.30557E+02  5.80959E+03 -1.30557E+02  5.80959E+03 -1.30557E+02
    5.1847E+01  5.80959E+03 -1.30557E+02  5.80959E+03 -1.30557E+02  5.80959E+03 -1.30557E+02
    5.1950E+01  5.80959E+03 -1.30557E+02  5.80959E+03 -1.30557E+02  5.80959E+03 -1.30557E+02
    5.2053E+01  5.80959E+03 -1.30557E+02  5.80959E+03 -1.30557E+02  5.80959E+03 -1.30557E+02
    5.2156E+01  5.80959E+03 -1.30557E+02  5.80959E+03 -1.30557E+02  5.80959E+03 -1.30557E+02
    5.2259E+01  5.80959E+03 -1.30557E+02  5.80959E+03 -1.30557E+02  5.80959E+03 -1.30557E+02
    5.2362E+01  5.80959E+03 -1.30557E+02  5.80959E+03 -1.30557E+02  5.80959E+03 -1.30557E+02
    5.2465E+01  5.80959E+03 -1.30557E+02  5.80959E+03 -1.30557E+02  5.80959E+03 -1.30557E+02
    5.2568E+01  5.80959E+03 -1.30557E+02  5.80959E+03 -1.30557E+02  5.80959E+03 -1.30557E+02
    5.2671E+01  5.80959E+03 -1.30557E+02  5.80959E+03 -1.30557E+02  5.80959E+03 -1.30557E+02
    5.2774E+01  5.80959E+03 -1.30557E+02  5.80959E+03 -1.30557E+02  5.80959E+03 -1.30557E+02
    5.2877E+01  5.80959E+03 -1.30557E+02  5.80959E+03 -1.30557E+02  5.80959E+03 -1.30557E+02
    5.2981E+01  5.80959E+03 -1.30557E+02  5.80959E+03 -1.30557E+02  5.80959E+03 -1.30557E+02
    5.3084E+01  5.80959E+03 -1.30557E+02  5.80959E+03 -1.30557E+02  5.80959E+03 -1.30557E+02
    5.3187E+01  5.80959E+03 -1.30557E+02  5.80959E+03 -1.30557E+02  5.80959E+03 -1.30557E+02
    5.3290E+01  5.80959E+03 -1.30557E+02  5.80959E+03 -1.30557E+02  5.80959E+03 -1.30557E+02
    5.3393E+01  5.80959E+03 -1.30557E+02  5.80959E+03 -1.30557E+02  5.80959E+03 -1.30557E+02
    5.3496E+01  5.80959E+03 -1.30557E+02  5.80959E+03 -1.30557E+02  5.80959E+03 -1.30557E+02
    5.3599E+01  5.80959E+03 -1.30557E+02  5.80959E+03 -1.30557E+02  5.80959E+03 -1.30557E+02
    5.3702E+01  5.80959E+03 -1.30557E+02  5.80959E+03 -1.30557E+02  5.80959E+03 -1.30557E+02
    5.3805E+01  5.80959E+03 -1.30557E+02  5.80959E+03 -1.30557E+02  5.80959E+03 -1.30557E+02
    5.3908E+01  5.80959E+03 -1.30557E+02  5.80959E+03 -1.30557E+02  5.80959E+03 -1.30557E+02
    5.4011E+01  6.02550E+03 -1.34132E+02  6.02550E+03 -1.34132E+02  6.02550E+03 -1.34132E+02
    5.4114E+01  6.02550E+03 -1.34132E+02  6.02550E+03 -1.34132E+02  6.02550E+03 -1.34132E+02
    5.4217E+01  6.14462E+03 -1.36639E+02  6.14462E+03 -1.36639E+02  6.14462E+03 -1.36639E+02
    5.4321E+01  6.14462E+03 -1.36639E+02  6.14462E+03 -1.36639E+02  6.14462E+03 -1.36639E+02
    5.4424E+01  6.14462E+03 -1.36639E+02  6.14462E+03 -1.36639E+02  6.14462E+03 -1.36639E+02
    5.4527E+01  6.14462E+03 -1.36639E+02  6.14462E+03 -1.36639E+02  6.14462E+03 -1.36639E+02
    5.4630E+01  6.14462E+03 -1.36639E+02  6.14462E+03 -1.36639E+02  6.14462E+03 -1.36639E+02
    5.4733E+01  6.18472E+03 -1.37112E+02  6.18472E+03 -1.37112E+02  6.18472E+03 -1.37112E+02
    5.4836E+01  6.18472E+03 -1.37112E+02  6.18472E+03 -1.37112E+02  6.18472E+03 -1.37112E+02
    5.4939E+01  6.18472E+03 -1.37112E+02  6.18472E+03 -1.37112E+02  6.18472E+03 -1.37112E+02
    5.5042E+01  6.18472E+03 -1.37112E+02  6.18472E+03 -1.37112E+02  6.18472E+03 -1.37112E+02
    5.5145E+01  6.18472E+03 -1.37112E+02  6.18472E+03 -1.37112E+02  6.18472E+03 -1.37112E+02
    5.5248E+01  6.18472E+03 -1.37112E+02  6.18472E+03 -1.37112E+02  6.18472E+03 -1.37112E+02
    5.5351E+01  6.52849E+03 -1.41737E+02  6.52849E+03 -1.41737E+02  6.52849E+03 -1.41737E+02
    5.5454E+01  6.52849E+03 -1.41737E+02  6.52849E+03 -1.41737E+02  6.52849E+03 -1.41737E+02
    5.5557E+01  6.52849E+03 -1.41737E+02  6.52849E+03 -1.41737E+02  6.52849E+03 -1.41737E+02
    5.5660E+01  6.78689E+03 -1.47144E+02  6.78689E+03 -1.47144E+02  6.78689E+03 -1.47144E+02
    5.5764E+01  7.21103E+03 -1.54455E+02  7.21103E+03 -1.54455E+02  7.21103E+03 -1.54455E+02
    5.5867E+01  7.21103E+03 -1.54455E+02  7.21103E+03 -1.54455E+02  7.21103E+03 -1.54455E+02
    5.5970E+01  7.21103E+03 -1.54455E+02  7.21103E+03 -1.54455E+02  7.21103E+03 -1.54455E+02
    5.6073E+01  7.21103E+03 -1.54455E+02  7.21103E+03 -1.54455E+02  7.21103E+03 -1.54455E+02
    5.6176E+01  7.21103E+03 -1.54455E+02  7.21103E+03 -1.54455E+02  7.21103E+03 -1.54455E+02
    5.6279E+01  7.21103E+03 -1.54455E+02  7.21103E+03 -1.54455E+02  7.21103E+03 -1.54455E+02
    5.6382E+01  7.21103E+03 -1.54455E+02  7.21103E+03 -1.54455E+02  7.21103E+03 -1.54455E+02
    5.6485E+01  7.21103E+03 -1.54455E+02  7.21103E+03 -1.54455E+02  7.21103E+03 -1.54455E+02
    5.6588E+01  7.53751E+03 -1.60709E+02  7.53751E+03 -1.60709E+02  7.53751E+03 -1.60709E+02
    5.6691E+01  7.53751E+03 -1.60709E+02  7.53751E+03 -1.60709E+02  7.53751E+03 -1.60709E+02
    5.6794E+01  7.53751E+03 -1.60709E+02  7.53751E+03 -1.60709E+02  7.53751E+03 -1.60709E+02
    5.6897E+01  7.53751E+03 -1.60709E+02  7.53751E+03 -1.60709E+02  7.53751E+03 -1.60709E+02
    5.7000E+01  7.53751E+03 -1.60709E+02  7.53751E+03 -1.60709E+02  7.53751E+03 -1.60709E+02
    5.7104E+01  7.53751E+03 -1.60709E+02  7.53751E+03 -1.60709E+02  7.53751E+03 -1.60709E+02
    5.7207E+01  7.53751E+03 -1.60709E+02  7.53751E+03 -1.60709E+02  7.53751E+03 -1.60709E+02
    5.7310E+01  7.53751E+03 -1.60709E+02  7.53751E+03 -1.60709E+02  7.53751E+03 -1.60709E+02
    5.7413E+01  7.53751E+03 -1.60709E+02  7.53751E+03 -1.60709E+02  7.53751E+03 -1.60709E+02
    5.7516E+01  7.53751E+03 -1.60709E+02  7.53751E+03 -1.60709E+02  7.53751E+03 -1.60709E+02
    5.7619E+01  7.53751E+03 -1.60709E+02  7.53751E+03 -1.60709E+02  7.53751E+03 -1.60709E+02
    5.7722E+01  7.53751E+03 -1.60709E+02  7.53751E+03 -1.60709E+02  7.53751E+03 -1.60709E+02
    5.7825E+01  7.53751E+03 -1.60709E+02  7.53751E+03 -1.60709E+02  7.53751E+03 -1.60709E+02
    5.7928E+01  7.53751E+03 -1.60709E+02  7.53751E+03 -1.60709E+02  7.53751E+03 -1.60709E+02
    5.8031E+01  7.53751E+03 -1.60709E+02  7.53751E+03 -1.60709E+02  7.53751E+03 -1.60709E+02
    5.8134E+01  7.53751E+03 -1.60709E+02  7.53751E+03 -1.60709E+02  7.53751E+03 -1.60709E+02
    5.8237E+01  7.53751E+03 -1.60709E+02  7.53751E+03 -1.60709E+02  7.53751E+03 -1.60709E+02
    5.8340E+01  7.53751E+03 -1.60709E+02  7.53751E+03 -1.60709E+02  7.53751E+03 -1.60709E+02
    5.8444E+01  7.53751E+03 -1.60709E+02  7.53751E+03 -1.60709E+02  7.53751E+03 -1.60709E+02
    5.8547E+01  7.53751E+03 -1.60709E+02  7.53751E+03 -1.60709E+02  7.53751E+03 -1.60709E+02
    5.8650E+01  7.53751E+03 -1.60709E+02  7.53751E+03 -1.60709E+02  7.53751E+03 -1.60709E+02
    5.8753E+01  7.53751E+03 -1.60709E+02  7.53751E+03 -1.60709E+02  7.53751E+03 -1.60709E+02
    5.8856E+01  7.83393E+03 -1.66570E+02  7.83393E+03 -1.66570E+02  7.83393E+03 -1.66570E+02
    5.8959E+01  8.19006E+03 -1.71872E+02  8.19006E+03 -1.71872E+02  8.19006E+03 -1.71872E+02
    5.9062E+01  8.19006E+03 -1.71872E+02  8.19006E+03 -1.71872E+02  8.19006E+03 -1.71872E+02
    5.9165E+01  8.19006E+03 -1.71872E+02  8.19006E+03 -1.71872E+02  8.19006E+03 -1.71872E+02
    5.9268E+01  8.19006E+03 -1.71872E+02  8.19006E+03 -1.71872E+02  8.19006E+03 -1.71872E+02
    5.9371E+01  8.19006E+03 -1.71872E+02  8.19006E+03 -1.71872E+02  8.19006E+03 -1.71872E+02
    5.9474E+01  8.19006E+03 -1.71872E+02  8.19006E+03 -1.71872E+02  8.19006E+03 -1.71872E+02
    5.9577E+01  8.19006E+03 -1.71872E+02  8.19006E+03 -1.71872E+02  8.19006E+03 -1.71872E+02
    5.9680E+01  8.19006E+03 -1.71872E+02  8.19006E+03 -1.71872E+02  8.19006E+03 -1.71872E+02
    5.9783E+01  8.19006E+03 -1.71872E+02  8.19006E+03 -1.71872E+02  8.19006E+03 -1.71872E+02
    5.9887E+01  8.19006E+03 -1.71872E+02  8.19006E+03 -1.71872E+02  8.19006E+03 -1.71872E+02
    5.9990E+01  8.19006E+03 -1.71872E+02  8.19006E+03 -1.71872E+02  8.19006E+03 -1.71872E+02
    6.0093E+01  8.19006E+03 -1.71872E+02  8.19006E+03 -1.71872E+02  8.19006E+03 -1.71872E+02
    6.0196E+01  8.19006E+03 -1.71872E+02  8.19006E+03 -1.71872E+02  8.19006E+03 -1.71872E+02
    6.0299E+01  8.43613E+03 -1.76128E+02  8.43613E+03 -1.76128E+02  8.43613E+03 -1.76128E+02
    6.0402E+01  8.43613E+03 -1.76128E+02  8.43613E+03 -1.76128E+02  8.43613E+03 -1.76128E+02
    6.0505E+01  8.43613E+03 -1.76128E+02  8.43613E+03 -1.76128E+02  8.43613E+03 -1.76128E+02
    6.0608E+01  8.43613E+03 -1.76128E+02  8.43613E+03 -1.76128E+02  8.43613E+03 -1.76128E+02
    6.0711E+01  8.43613E+03 -1.76128E+02  8.43613E+03 -1.76128E+02  8.43613E+03 -1.76128E+02
    6.0814E+01  8.62007E+03 -1.79669E+02  8.62007E+03 -1.79669E+02  8.62007E+03 -1.79669E+02
    6.0917E+01  8.62007E+03 -1.79669E+02  8.62007E+03 -1.79669E+02  8.62007E+03 -1.79669E+02
    6.1020E+01  8.62007E+03 -1.79669E+02  8.62007E+03 -1.79669E+02  8.62007E+03 -1.79669E+02
    6.1123E+01  8.96430E+03 -1.86537E+02  8.96430E+03 -1.86537E+02  8.96430E+03 -1.86537E+02
    6.1227E+01  8.96430E+03 -1.86537E+02  8.96430E+03 -1.86537E+02  8.96430E+03 -1.86537E+02
    6.1330E+01  8.96430E+03 -1.86537E+02  8.96430E+03 -1.86537E+02  8.96430E+03 -1.86537E+02
    6.1433E+01  8.96430E+03 -1.86537E+02  8.96430E+03 -1.86537E+02  8.96430E+03 -1.86537E+02
    6.1536E+01  8.96430E+03 -1.86537E+02  8.96430E+03 -1.86537E+02  8.96430E+03 -1.86537E+02
    6.1639E+01  8.96430E+03 -1.86537E+02  8.96430E+03 -1.86537E+02  8.96430E+03 -1.86537E+02
    6.1742E+01  8.96430E+03 -1.86537E+02  8.96430E+03 -1.86537E+02  8.96430E+03 -1.86537E+02
    6.1845E+01  8.96430E+03 -1.86537E+02  8.96430E+03 -1.86537E+02  8.96430E+03 -1.86537E+02
    6.1948E+01  8.96430E+03 -1.86537E+02  8.96430E+03 -1.86537E+02  8.96430E+03 -1.86537E+02
    6.2051E+01  8.96430E+03 -1.86537E+02  8.96430E+03 -1.86537E+02  8.96430E+03 -1.86537E+02
    6.2154E+01  8.96430E+03 -1.86537E+02  8.96430E+03 -1.86537E+02  8.96430E+03 -1.86537E+02
    6.2257E+01  8.96430E+03 -1.86537E+02  8.96430E+03 -1.86537E+02  8.96430E+03 -1.86537E+02
    6.2360E+01  8.96430E+03 -1.86537E+02  8.96430E+03 -1.86537E+02  8.96430E+03 -1.86537E+02
    6.2463E+01  8.96430E+03 -1.86537E+02  8.96430E+03 -1.86537E+02  8.96430E+03 -1.86537E+02
    6.2567E+01  8.96430E+03 -1.86537E+02  8.96430E+03 -1.86537E+02  8.96430E+03 -1.86537E+02
    6.2670E+01  8.96430E+03 -1.86537E+02  8.96430E+03 -1.86537E+02  8.96430E+03 -1.86537E+02
    6.2773E+01  8.96430E+03 -1.86537E+02  8.96430E+03 -1.86537E+02  8.96430E+03 -1.86537E+02
    6.2876E+01  8.96430E+03 -1.86537E+02  8.96430E+03 -1.86537E+02  8.96430E+03 -1.86537E+02
    6.2979E+01  8.96430E+03 -1.86537E+02  8.96430E+03 -1.86537E+02  8.96430E+03 -1.86537E+02
    6.3082E+01  8.96430E+03 -1.86537E+02  8.96430E+03 -1.86537E+02  8.96430E+03 -1.86537E+02
    6.3185E+01  8.96430E+03 -1.86537E+02  8.96430E+03 -1.86537E+02  8.96430E+03 -1.86537E+02
    6.3288E+01  8.96430E+03 -1.86537E+02  8.96430E+03 -1.86537E+02  8.96430E+03 -1.86537E+02
    6.3391E+01  8.96430E+03 -1.86537E+02  8.96430E+03 -1.86537E+02  8.96430E+03 -1.86537E+02
    6.3494E+01  8.96430E+03 -1.86537E+02  8.96430E+03 -1.86537E+02  8.96430E+03 -1.86537E+02
    6.3597E+01  8.96430E+03 -1.86537E+02  8.96430E+03 -1.86537E+02  8.96430E+03 -1.86537E+02
    6.3700E+01  8.96430E+03 -1.86537E+02  8.96430E+03 -1.86537E+02  8.96430E+03 -1.86537E+02
    6.3803E+01  8.96430E+03 -1.86537E+02  8.96430E+03 -1.86537E+02  8.96430E+03 -1.86537E+02
    6.3906E+01  8.96430E+03 -1.86537E+02  8.96430E+03 -1.86537E+02  8.96430E+03 -1.86537E+02
    6.4010E+01  8.96430E+03 -1.86537E+02  8.96430E+03 -1.86537E+02  8.96430E+03 -1.86537E+02
    6.4113E+01  8.96430E+03 -1.86537E+02  8.96430E+03 -1.86537E+02  8.96430E+03 -1.86537E+02
    6.4216E+01  8.96430E+03 -1.86537E+02  8.96430E+03 -1.86537E+02  8.96430E+03 -1.86537E+02
    6.4319E+01  8.96430E+03 -1.86537E+02  8.96430E+03 -1.86537E+02  8.96430E+03 -1.86537E+02
    6.4422E+01  8.96430E+03 -1.86537E+02  8.96430E+03 -1.86537E+02  8.96430E+03 -1.86537E+02
    6.4525E+01  8.96430E+03 -1.86537E+02  8.96430E+03 -1.86537E+02  8.96430E+03 -1.86537E+02
    6.4628E+01  9.19432E+03 -1.90683E+02  9.19432E+03 -1.90683E+02  9.19432E+03 -1.90683E+02
    6.4731E+01  9.19432E+03 -1.90683E+02  9.19432E+03 -1.90683E+02  9.19432E+03 -1.90683E+02
    6.4834E+01  9.87539E+03 -2.00869E+02  9.87539E+03 -2.00869E+02  9.87539E+03 -2.00869E+02
    6.4937E+01  9.87539E+03 -2.00869E+02  9.87539E+03 -2.00869E+02  9.87539E+03 -2.00869E+02
    6.5040E+01  9.87539E+03 -2.00869E+02  9.87539E+03 -2.00869E+02  9.87539E+03 -2.00869E+02
    6.5143E+01  9.87539E+03 -2.00869E+02  9.87539E+03 -2.00869E+02  9.87539E+03 -2.00869E+02
    6.5246E+01  9.87539E+03 -2.00869E+02  9.87539E+03 -2.00869E+02  9.87539E+03 -2.00869E+02
    6.5350E+01  1.02546E+04 -2.06905E+02  1.02546E+04 -2.06905E+02  1.02546E+04 -2.06905E+02
    6.5453E+01  1.06554E+04 -2.14812E+02  1.06554E+04 -2.14812E+02  1.06554E+04 -2.14812E+02
    6.5556E+01  1.06554E+04 -2.14812E+02  1.06554E+04 -2.14812E+02  1.06554E+04 -2.14812E+02
    6.5659E+01  1.06554E+04 -2.14812E+02  1.06554E+04 -2.14812E+02  1.06554E+04 -2.14812E+02
    6.5762E+01  1.06554E+04 -2.14812E+02  1.06554E+04 -2.14812E+02  1.06554E+04 -2.14812E+02
    6.5865E+01  1.10346E+04 -2.22416E+02  1.10346E+04 -2.22416E+02  1.10346E+04 -2.22416E+02
    6.5968E+01  1.10346E+04 -2.22416E+02  1.10346E+04 -2.22416E+02  1.10346E+04 -2.22416E+02
    6.6071E+01  1.10346E+04 -2.22416E+02  1.10346E+04 -2.22416E+02  1.10346E+04 -2.22416E+02
    6.6174E+01  1.10346E+04 -2.22416E+02  1.10346E+04 -2.22416E+02  1.10346E+04 -2.22416E+02
    6.6277E+01  1.12402E+04 -2.26432E+02  1.12402E+04 -2.26432E+02  1.12402E+04 -2.26432E+02
    6.6380E+01  1.12402E+04 -2.26432E+02  1.12402E+04 -2.26432E+02  1.12402E+04 -2.26432E+02
    6.6483E+01  1.12402E+04 -2.26432E+02  1.12402E+04 -2.26432E+02  1.12402E+04 -2.26432E+02
    6.6586E+01  1.12402E+04 -2.26432E+02  1.12402E+04 -2.26432E+02  1.12402E+04 -2.26432E+02
    6.6690E+01  1.12402E+04 -2.26432E+02  1.12402E+04 -2.26432E+02  1.12402E+04 -2.26432E+02
    6.6793E+01  1.12402E+04 -2.26432E+02  1.12402E+04 -2.26432E+02  1.12402E+04 -2.26432E+02
    6.6896E+01  1.12402E+04 -2.26432E+02  1.12402E+04 -2.26432E+02  1.12402E+04 -2.26432E+02
    6.6999E+01  1.12402E+04 -2.26432E+02  1.12402E+04 -2.26432E+02  1.12402E+04 -2.26432E+02
    6.7102E+01  1.12402E+04 -2.26432E+02  1.12402E+04 -2.26432E+02  1.12402E+04 -2.26432E+02
    6.7205E+01  1.12402E+04 -2.26432E+02  1.12402E+04 -2.26432E+02  1.12402E+04 -2.26432E+02
    6.7308E+01  1.17248E+04 -2.33371E+02  1.17248E+04 -2.33371E+02  1.17248E+04 -2.33371E+02
    6.7411E+01  1.23244E+04 -2.43851E+02  1.23244E+04 -2.43851E+02  1.23244E+04 -2.43851E+02
    6.7514E+01  1.23244E+04 -2.43851E+02  1.23244E+04 -2.43851E+02  1.23244E+04 -2.43851E+02
    6.7617E+01  1.23244E+04 -2.43851E+02  1.23244E+04 -2.43851E+02  1.23244E+04 -2.43851E+02
    6.7720E+01  1.25643E+04 -2.48361E+02  1.25643E+04 -2.48361E+02  1.25643E+04 -2.48361E+02
    6.7823E+01  1.25643E+04 -2.48361E+02  1.25643E+04 -2.48361E+02  1.25643E+04 -2.48361E+02
    6.7926E+01  1.25643E+04 -2.48361E+02  1.25643E+04 -2.48361E+02  1.25643E+04 -2.48361E+02
    6.8029E+01  1.25643E+04 -2.48361E+02  1.25643E+04 -2.48361E+02  1.25643E+04 -2.48361E+02
    6.8133E+01  1.25643E+04 -2.48361E+02  1.25643E+04 -2.48361E+02  1.25643E+04 -2.48361E+02
    6.8236E+01  1.25643E+04 -2.48361E+02  1.25643E+04 -2.48361E+02  1.25643E+04 -2.48361E+02
    6.8339E+01  1.25643E+04 -2.48361E+02  1.25643E+04 -2.48361E+02  1.25643E+04 -2.48361E+02
    6.8442E+01  1.25643E+04 -2.48361E+02  1.25643E+04 -2.48361E+02  1.25643E+04 -2.48361E+02
    6.8545E+01  1.25643E+04 -2.48361E+02  1.25643E+04 -2.48361E+02  1.25643E+04 -2.48361E+02
    6.8648E+01  1.25643E+04 -2.48361E+02  1.25643E+04 -2.48361E+02  1.25643E+04 -2.48361E+02
    6.8751E+01  1.25643E+04 -2.48361E+02  1.25643E+04 -2.48361E+02  1.25643E+04 -2.48361E+02
    6.8854E+01  1.25643E+04 -2.48361E+02  1.25643E+04 -2.48361E+02  1.25643E+04 -2.48361E+02
    6.8957E+01  1.25643E+04 -2.48361E+02  1.25643E+04 -2.48361E+02  1.25643E+04 -2.48361E+02
    6.9060E+01  1.25643E+04 -2.48361E+02  1.25643E+04 -2.48361E+02  1.25643E+04 -2.48361E+02
    6.9163E+01  1.25643E+04 -2.48361E+02  1.25643E+04 -2.48361E+02  1.25643E+04 -2.48361E+02
    6.9266E+01  1.25643E+04 -2.48361E+02  1.25643E+04 -2.48361E+02  1.25643E+04 -2.48361E+02
    6.9369E+01  1.25643E+04 -2.48361E+02  1.25643E+04 -2.48361E+02  1.25643E+04 -2.48361E+02
    6.9473E+01  1.25643E+04 -2.48361E+02  1.25643E+04 -2.48361E+02  1.25643E+04 -2.48361E+02
    6.9576E+01  1.25643E+04 -2.48361E+02  1.25643E+04 -2.48361E+02  1.25643E+04 -2.48361E+02
    6.9679E+01  1.28139E+04 -2.53074E+02  1.28139E+04 -2.53074E+02  1.28139E+04 -2.53074E+02
    6.9782E+01  1.28139E+04 -2.53074E+02  1.28139E+04 -2.53074E+02  1.28139E+04 -2.53074E+02
    6.9885E+01  1.28139E+04 -2.53074E+02  1.28139E+04 -2.53074E+02  1.28139E+04 -2.53074E+02
    6.9988E+01  1.28139E+04 -2.53074E+02  1.28139E+04 -2.53074E+02  1.28139E+04 -2.53074E+02
    7.0091E+01  1.28139E+04 -2.53074E+02  1.28139E+04 -2.53074E+02  1.28139E+04 -2.53074E+02
    7.0194E+01  1.28139E+04 -2.53074E+02  1.28139E+04 -2.53074E+02  1.28139E+04 -2.53074E+02
    7.0297E+01  1.28139E+04 -2.53074E+02  1.28139E+04 -2.53074E+02  1.28139E+04 -2.53074E+02
    7.0400E+01  1.28139E+04 -2.53074E+02  1.28139E+04 -2.53074E+02  1.28139E+04 -2.53074E+02
    7.0503E+01  1.28139E+04 -2.53074E+02  1.28139E+04 -2.53074E+02  1.28139E+04 -2.53074E+02
    7.0606E+01  1.30395E+04 -2.57501E+02  1.30395E+04 -2.57501E+02  1.30395E+04 -2.57501E+02
    7.0709E+01  1.30395E+04 -2.57501E+02  1.30395E+04 -2.57501E+02  1.30395E+04 -2.57501E+02
    7.0813E+01  1.30395E+04 -2.57501E+02  1.30395E+04 -2.57501E+02  1.30395E+04 -2.57501E+02
    7.0916E+01  1.30395E+04 -2.57501E+02  1.30395E+04 -2.57501E+02  1.30395E+04 -2.57501E+02
    7.1019E+01  1.30395E+04 -2.57501E+02  1.30395E+04 -2.57501E+02  1.30395E+04 -2.57501E+02
    7.1122E+01  1.30395E+04 -2.57501E+02  1.30395E+04 -2.57501E+02  1.30395E+04 -2.57501E+02
    7.1225E+01  1.30395E+04 -2.57501E+02  1.30395E+04 -2.57501E+02  1.30395E+04 -2.57501E+02
    7.1328E+01  1.30395E+04 -2.57501E+02  1.30395E+04 -2.57501E+02  1.30395E+04 -2.57501E+02
    7.1431E+01  1.30395E+04 -2.57501E+02  1.30395E+04 -2.57501E+02  1.30395E+04 -2.57501E+02
    7.1534E+01  1.30395E+04 -2.57501E+02  1.30395E+04 -2.57501E+02  1.30395E+04 -2.57501E+02
    7.1637E+01  1.30395E+04 -2.57501E+02  1.30395E+04 -2.57501E+02  1.30395E+04 -2.57501E+02
    7.1740E+01  1.34248E+04 -2.63819E+02  1.34248E+04 -2.63819E+02  1.34248E+04 -2.63819E+02
    7.1843E+01  1.34248E+04 -2.63819E+02  1.34248E+04 -2.63819E+02  1.34248E+04 -2.63819E+02
    7.1946E+01  1.34248E+04 -2.63819E+02  1.34248E+04 -2.63819E+02  1.34248E+04 -2.63819E+02
    7.2049E+01  1.34248E+04 -2.63819E+02  1.34248E+04 -2.63819E+02  1.34248E+04 -2.63819E+02
    7.2152E+01  1.34248E+04 -2.63819E+02  1.34248E+04 -2.63819E+02  1.34248E+04 -2.63819E+02
    7.2256E+01  1.34248E+04 -2.63819E+02  1.34248E+04 -2.63819E+02  1.34248E+04 -2.63819E+02
    7.2359E+01  1.40139E+04 -2.74378E+02  1.40139E+04 -2.74378E+02  1.40139E+04 -2.74378E+02
    7.2462E+01  1.40139E+04 -2.74378E+02  1.40139E+04 -2.74378E+02  1.40139E+04 -2.74378E+02
    7.2565E+01  1.40139E+04 -2.74378E+02  1.40139E+04 -2.74378E+02  1.40139E+04 -2.74378E+02
    7.2668E+01  1.40139E+04 -2.74378E+02  1.40139E+04 -2.74378E+02  1.40139E+04 -2.74378E+02
    7.2771E+01  1.40139E+04 -2.74378E+02  1.40139E+04 -2.74378E+02  1.40139E+04 -2.74378E+02
    7.2874E+01  1.40139E+04 -2.74378E+02  1.40139E+04 -2.74378E+02  1.40139E+04 -2.74378E+02
    7.2977E+01  1.40139E+04 -2.74378E+02  1.40139E+04 -2.74378E+02  1.40139E+04 -2.74378E+02
    7.3080E+01  1.40139E+04 -2.74378E+02  1.40139E+04 -2.74378E+02  1.40139E+04 -2.74378E+02
    7.3183E+01  1.40139E+04 -2.74378E+02  1.40139E+04 -2.74378E+02  1.40139E+04 -2.74378E+02
    7.3286E+01  1.40139E+04 -2.74378E+02  1.40139E+04 -2.74378E+02  1.40139E+04 -2.74378E+02
    7.3389E+01  1.40139E+04 -2.74378E+02  1.40139E+04 -2.74378E+02  1.40139E+04 -2.74378E+02
    7.3492E+01  1.40139E+04 -2.74378E+02  1.40139E+04 -2.74378E+02  1.40139E+04 -2.74378E+02
    7.3596E+01  1.40139E+04 -2.74378E+02  1.40139E+04 -2.74378E+02  1.40139E+04 -2.74378E+02
    7.3699E+01  1.40139E+04 -2.74378E+02  1.40139E+04 -2.74378E+02  1.40139E+04 -2.74378E+02
    7.3802E+01  1.40139E+04 -2.74378E+02  1.40139E+04 -2.74378E+02  1.40139E+04 -2.74378E+02
    7.3905E+01  1.40139E+04 -2.74378E+02  1.40139E+04 -2.74378E+02  1.40139E+04 -2.74378E+02
    7.4008E+01  1.40139E+04 -2.74378E+02  1.40139E+04 -2.74378E+02  1.40139E+04 -2.74378E+02
    7.4111E+01  1.40139E+04 -2.74378E+02  1.40139E+04 -2.74378E+02  1.40139E+04 -2.74378E+02
    7.4214E+01  1.40139E+04 -2.74378E+02  1.40139E+04 -2.74378E+02  1.40139E+04 -2.74378E+02
    7.4317E+01  1.43092E+04 -2.79912E+02  1.43092E+04 -2.79912E+02  1.43092E+04 -2.79912E+02
    7.4420E+01  1.51864E+04 -2.94286E+02  1.51864E+04 -2.94286E+02  1.51864E+04 -2.94286E+02
    7.4523E+01  1.51864E+04 -2.94286E+02  1.51864E+04 -2.94286E+02  1.51864E+04 -2.94286E+02
    7.4626E+01  1.51864E+04 -2.94286E+02  1.51864E+04 -2.94286E+02  1.51864E+04 -2.94286E+02
    7.4729E+01  1.51864E+04 -2.94286E+02  1.51864E+04 -2.94286E+02  1.51864E+04 -2.94286E+02
    7.4832E+01  1.51864E+04 -2.94286E+02  1.51864E+04 -2.94286E+02  1.51864E+04 -2.94286E+02
    7.4936E+01  1.51864E+04 -2.94286E+02  1.51864E+04 -2.94286E+02  1.51864E+04 -2.94286E+02
    7.5039E+01  1.51864E+04 -2.94286E+02  1.51864E+04 -2.94286E+02  1.51864E+04 -2.94286E+02
    7.5142E+01  1.51864E+04 -2.94286E+02  1.51864E+04 -2.94286E+02  1.51864E+04 -2.94286E+02
    7.5245E+01  1.51864E+04 -2.94286E+02  1.51864E+04 -2.94286E+02  1.51864E+04 -2.94286E+02
    7.5348E+01  1.60345E+04 -3.08408E+02  1.60345E+04 -3.08408E+02  1.60345E+04 -3.08408E+02
    7.5451E+01  1.60345E+04 -3.08408E+02  1.60345E+04 -3.08408E+02  1.60345E+04 -3.08408E+02
    7.5554E+01  1.60345E+04 -3.08408E+02  1.60345E+04 -3.08408E+02  1.60345E+04 -3.08408E+02
    7.5657E+01  1.60345E+04 -3.08408E+02  1.60345E+04 -3.08408E+02  1.60345E+04 -3.08408E+02
    7.5760E+01  1.60345E+04 -3.08408E+02  1.60345E+04 -3.08408E+02  1.60345E+04 -3.08408E+02
    7.5863E+01  1.60345E+04 -3.08408E+02  1.60345E+04 -3.08408E+02  1.60345E+04 -3.08408E+02
    7.5966E+01  1.60345E+04 -3.08408E+02  1.60345E+04 -3.08408E+02  1.60345E+04 -3.08408E+02
    7.6069E+01  1.60345E+04 -3.08408E+02  1.60345E+04 -3.08408E+02  1.60345E+04 -3.08408E+02
    7.6172E+01  1.60345E+04 -3.08408E+02  1.60345E+04 -3.08408E+02  1.60345E+04 -3.08408E+02
    7.6275E+01  1.60345E+04 -3.08408E+02  1.60345E+04 -3.08408E+02  1.60345E+04 -3.08408E+02
    7.6379E+01  1.60345E+04 -3.08408E+02  1.60345E+04 -3.08408E+02  1.60345E+04 -3.08408E+02
    7.6482E+01  1.60345E+04 -3.08408E+02  1.60345E+04 -3.08408E+02  1.60345E+04 -3.08408E+02
    7.6585E+01  1.60345E+04 -3.08408E+02  1.60345E+04 -3.08408E+02  1.60345E+04 -3.08408E+02
    7.6688E+01  1.60345E+04 -3.08408E+02  1.60345E+04 -3.08408E+02  1.60345E+04 -3.08408E+02
    7.6791E+01  1.60345E+04 -3.08408E+02  1.60345E+04 -3.08408E+02  1.60345E+04 -3.08408E+02
    7.6894E+01  1.65655E+04 -3.16568E+02  1.65655E+04 -3.16568E+02  1.65655E+04 -3.16568E+02
    7.6997E+01  1.65655E+04 -3.16568E+02  1.65655E+04 -3.16568E+02  1.65655E+04 -3.16568E+02
    7.7100E+01  1.65655E+04 -3.16568E+02  1.65655E+04 -3.16568E+02  1.65655E+04 -3.16568E+02
    7.7203E+01  1.65655E+04 -3.16568E+02  1.65655E+04 -3.16568E+02  1.65655E+04 -3.16568E+02
    7.7306E+01  1.65655E+04 -3.16568E+02  1.65655E+04 -3.16568E+02  1.65655E+04 -3.16568E+02
    7.7409E+01  1.65655E+04 -3.16568E+02  1.65655E+04 -3.16568E+02  1.65655E+04 -3.16568E+02
    7.7512E+01  1.71184E+04 -3.24934E+02  1.71184E+04 -3.24934E+02  1.71184E+04 -3.24934E+02
    7.7615E+01  1.71184E+04 -3.24934E+02  1.71184E+04 -3.24934E+02  1.71184E+04 -3.24934E+02
    7.7719E+01  1.74285E+04 -3.30751E+02  1.74285E+04 -3.30751E+02  1.74285E+04 -3.30751E+02
    7.7822E+01  1.74285E+04 -3.30751E+02  1.74285E+04 -3.30751E+02  1.74285E+04 -3.30751E+02
    7.7925E+01  1.74285E+04 -3.30751E+02  1.74285E+04 -3.30751E+02  1.74285E+04 -3.30751E+02
    7.8028E+01  1.74285E+04 -3.30751E+02  1.74285E+04 -3.30751E+02  1.74285E+04 -3.30751E+02
    7.8131E+01  1.74285E+04 -3.30751E+02  1.74285E+04 -3.30751E+02  1.74285E+04 -3.30751E+02
    7.8234E+01  1.80412E+04 -3.39219E+02  1.80412E+04 -3.39219E+02  1.80412E+04 -3.39219E+02
    7.8337E+01  1.80412E+04 -3.39219E+02  1.80412E+04 -3.39219E+02  1.80412E+04 -3.39219E+02
    7.8440E+01  1.83776E+04 -3.45432E+02  1.83776E+04 -3.45432E+02  1.83776E+04 -3.45432E+02
    7.8543E+01  1.83776E+04 -3.45432E+02  1.83776E+04 -3.45432E+02  1.83776E+04 -3.45432E+02
    7.8646E+01  1.83776E+04 -3.45432E+02  1.83776E+04 -3.45432E+02  1.83776E+04 -3.45432E+02
    7.8749E+01  1.83776E+04 -3.45432E+02  1.83776E+04 -3.45432E+02  1.83776E+04 -3.45432E+02
    7.8852E+01  1.83776E+04 -3.45432E+02  1.83776E+04 -3.45432E+02  1.83776E+04 -3.45432E+02
    7.8955E+01  1.83776E+04 -3.45432E+02  1.83776E+04 -3.45432E+02  1.83776E+04 -3.45432E+02
    7.9059E+01  1.83776E+04 -3.45432E+02  1.83776E+04 -3.45432E+02  1.83776E+04 -3.45432E+02
    7.9162E+01  1.83776E+04 -3.45432E+02  1.83776E+04 -3.45432E+02  1.83776E+04 -3.45432E+02
    7.9265E+01  1.83776E+04 -3.45432E+02  1.83776E+04 -3.45432E+02  1.83776E+04 -3.45432E+02
    7.9368E+01  1.83776E+04 -3.45432E+02  1.83776E+04 -3.45432E+02  1.83776E+04 -3.45432E+02
    7.9471E+01  1.83776E+04 -3.45432E+02  1.83776E+04 -3.45432E+02  1.83776E+04 -3.45432E+02
    7.9574E+01  1.83776E+04 -3.45432E+02  1.83776E+04 -3.45432E+02  1.83776E+04 -3.45432E+02
    7.9677E+01  1.83776E+04 -3.45432E+02  1.83776E+04 -3.45432E+02  1.83776E+04 -3.45432E+02
    7.9780E+01  1.83776E+04 -3.45432E+02  1.83776E+04 -3.45432E+02  1.83776E+04 -3.45432E+02
    7.9883E+01  1.83776E+04 -3.45432E+02  1.83776E+04 -3.45432E+02  1.83776E+04 -3.45432E+02
    7.9986E+01  1.83776E+04 -3.45432E+02  1.83776E+04 -3.45432E+02  1.83776E+04 -3.45432E+02
    8.0089E+01  1.83776E+04 -3.45432E+02  1.83776E+04 -3.45432E+02  1.83776E+04 -3.45432E+02
    8.0192E+01  1.94602E+04 -3.62628E+02  1.94602E+04 -3.62628E+02  1.94602E+04 -3.62628E+02
    8.0295E+01  1.94602E+04 -3.62628E+02  1.94602E+04 -3.62628E+02  1.94602E+04 -3.62628E+02
    8.0398E+01  1.94602E+04 -3.62628E+02  1.94602E+04 -3.62628E+02  1.94602E+04 -3.62628E+02
    8.0502E+01  1.94602E+04 -3.62628E+02  1.94602E+04 -3.62628E+02  1.94602E+04 -3.62628E+02
    8.0605E+01  1.94602E+04 -3.62628E+02  1.94602E+04 -3.62628E+02  1.94602E+04 -3.62628E+02
    8.0708E+01  1.94602E+04 -3.62628E+02  1.94602E+04 -3.62628E+02  1.94602E+04 -3.62628E+02
    8.0811E+01  1.94602E+04 -3.62628E+02  1.94602E+04 -3.62628E+02  1.94602E+04 -3.62628E+02
    8.0914E+01  1.94602E+04 -3.62628E+02  1.94602E+04 -3.62628E+02  1.94602E+04 -3.62628E+02
    8.1017E+01  1.94602E+04 -3.62628E+02  1.94602E+04 -3.62628E+02  1.94602E+04 -3.62628E+02
    8.1120E+01  1.94602E+04 -3.62628E+02  1.94602E+04 -3.62628E+02  1.94602E+04 -3.62628E+02
    8.1223E+01  1.94602E+04 -3.62628E+02  1.94602E+04 -3.62628E+02  1.94602E+04 -3.62628E+02
    8.1326E+01  1.94602E+04 -3.62628E+02  1.94602E+04 -3.62628E+02  1.94602E+04 -3.62628E+02
    8.1429E+01  1.94602E+04 -3.62628E+02  1.94602E+04 -3.62628E+02  1.94602E+04 -3.62628E+02
    8.1532E+01  1.94602E+04 -3.62628E+02  1.94602E+04 -3.62628E+02  1.94602E+04 -3.62628E+02
    8.1635E+01  1.94602E+04 -3.62628E+02  1.94602E+04 -3.62628E+02  1.94602E+04 -3.62628E+02
    8.1738E+01  2.05486E+04 -3.80011E+02  2.05486E+04 -3.80011E+02  2.05486E+04 -3.80011E+02
    8.1842E+01  2.05486E+04 -3.80011E+02  2.05486E+04 -3.80011E+02  2.05486E+04 -3.80011E+02
    8.1945E+01  2.11689E+04 -3.89281E+02  2.11689E+04 -3.89281E+02  2.11689E+04 -3.89281E+02
    8.2048E+01  2.11689E+04 -3.89281E+02  2.11689E+04 -3.89281E+02  2.11689E+04 -3.89281E+02
    8.2151E+01  2.11689E+04 -3.89281E+02  2.11689E+04 -3.89281E+02  2.11689E+04 -3.89281E+02
    8.2254E+01  2.11689E+04 -3.89281E+02  2.11689E+04 -3.89281E+02  2.11689E+04 -3.89281E+02
    8.2357E+01  2.11689E+04 -3.89281E+02  2.11689E+04 -3.89281E+02  2.11689E+04 -3.89281E+02
    8.2460E+01  2.11689E+04 -3.89281E+02  2.11689E+04 -3.89281E+02  2.11689E+04 -3.89281E+02
    8.2563E+01  2.11689E+04 -3.89281E+02  2.11689E+04 -3.89281E+02  2.11689E+04 -3.89281E+02
    8.2666E+01  2.11689E+04 -3.89281E+02  2.11689E+04 -3.89281E+02  2.11689E+04 -3.89281E+02
    8.2769E+01  2.17826E+04 -3.97048E+02  2.17826E+04 -3.97048E+02  2.17826E+04 -3.97048E+02
    8.2872E+01  2.17826E+04 -3.97048E+02  2.17826E+04 -3.97048E+02  2.17826E+04 -3.97048E+02
    8.2975E+01  2.17826E+04 -3.97048E+02  2.17826E+04 -3.97048E+02  2.17826E+04 -3.97048E+02
    8.3078E+01  2.17826E+04 -3.97048E+02  2.17826E+04 -3.97048E+02  2.17826E+04 -3.97048E+02
    8.3182E+01  2.17826E+04 -3.97048E+02  2.17826E+04 -3.97048E+02  2.17826E+04 -3.97048E+02
    8.3285E+01  2.17826E+04 -3.97048E+02  2.17826E+04 -3.97048E+02  2.17826E+04 -3.97048E+02
    8.3388E+01  2.17826E+04 -3.97048E+02  2.17826E+04 -3.97048E+02  2.17826E+04 -3.97048E+02
    8.3491E+01  2.17826E+04 -3.97048E+02  2.17826E+04 -3.97048E+02  2.17826E+04 -3.97048E+02
    8.3594E+01  2.17826E+04 -3.97048E+02  2.17826E+04 -3.97048E+02  2.17826E+04 -3.97048E+02
    8.3697E+01  2.17826E+04 -3.97048E+02  2.17826E+04 -3.97048E+02  2.17826E+04 -3.97048E+02
    8.3800E+01  2.17826E+04 -3.97048E+02  2.17826E+04 -3.97048E+02  2.17826E+04 -3.97048E+02
    8.3903E+01  2.17826E+04 -3.97048E+02  2.17826E+04 -3.97048E+02  2.17826E+04 -3.97048E+02
    8.4006E+01  2.17826E+04 -3.97048E+02  2.17826E+04 -3.97048E+02  2.17826E+04 -3.97048E+02
    8.4109E+01  2.17826E+04 -3.97048E+02  2.17826E+04 -3.97048E+02  2.17826E+04 -3.97048E+02
    8.4212E+01  2.17826E+04 -3.97048E+02  2.17826E+04 -3.97048E+02  2.17826E+04 -3.97048E+02
    8.4315E+01  2.17826E+04 -3.97048E+02  2.17826E+04 -3.97048E+02  2.17826E+04 -3.97048E+02
    8.4418E+01  2.17826E+04 -3.97048E+02  2.17826E+04 -3.97048E+02  2.17826E+04 -3.97048E+02
    8.4521E+01  2.17826E+04 -3.97048E+02  2.17826E+04 -3.97048E+02  2.17826E+04 -3.97048E+02
    8.4625E+01  2.17826E+04 -3.97048E+02  2.17826E+04 -3.97048E+02  2.17826E+04 -3.97048E+02
    8.4728E+01  2.17826E+04 -3.97048E+02  2.17826E+04 -3.97048E+02  2.17826E+04 -3.97048E+02
    8.4831E+01  2.17826E+04 -3.97048E+02  2.17826E+04 -3.97048E+02  2.17826E+04 -3.97048E+02
    8.4934E+01  2.17826E+04 -3.97048E+02  2.17826E+04 -3.97048E+02  2.17826E+04 -3.97048E+02
    8.5037E+01  2.17826E+04 -3.97048E+02  2.17826E+04 -3.97048E+02  2.17826E+04 -3.97048E+02
    8.5140E+01  2.17826E+04 -3.97048E+02  2.17826E+04 -3.97048E+02  2.17826E+04 -3.97048E+02
    8.5243E+01  2.17826E+04 -3.97048E+02  2.17826E+04 -3.97048E+02  2.17826E+04 -3.97048E+02
    8.5346E+01  2.17826E+04 -3.97048E+02  2.17826E+04 -3.97048E+02  2.17826E+04 -3.97048E+02
    8.5449E+01  2.17826E+04 -3.97048E+02  2.17826E+04 -3.97048E+02  2.17826E+04 -3.97048E+02
    8.5552E+01  2.17826E+04 -3.97048E+02  2.17826E+04 -3.97048E+02  2.17826E+04 -3.97048E+02
    8.5655E+01  2.17826E+04 -3.97048E+02  2.17826E+04 -3.97048E+02  2.17826E+04 -3.97048E+02
    8.5758E+01  2.17826E+04 -3.97048E+02  2.17826E+04 -3.97048E+02  2.17826E+04 -3.97048E+02
    8.5861E+01  2.17826E+04 -3.97048E+02  2.17826E+04 -3.97048E+02  2.17826E+04 -3.97048E+02
    8.5965E+01  2.17826E+04 -3.97048E+02  2.17826E+04 -3.97048E+02  2.17826E+04 -3.97048E+02
    8.6068E+01  2.17826E+04 -3.97048E+02  2.17826E+04 -3.97048E+02  2.17826E+04 -3.97048E+02
    8.6171E+01  2.17826E+04 -3.97048E+02  2.17826E+04 -3.97048E+02  2.17826E+04 -3.97048E+02
    8.6274E+01  2.17826E+04 -3.97048E+02  2.17826E+04 -3.97048E+02  2.17826E+04 -3.97048E+02
    8.6377E+01  2.17826E+04 -3.97048E+02  2.17826E+04 -3.97048E+02  2.17826E+04 -3.97048E+02
    8.6480E+01  2.17826E+04 -3.97048E+02  2.17826E+04 -3.97048E+02  2.17826E+04 -3.97048E+02
    8.6583E+01  2.17826E+04 -3.97048E+02  2.17826E+04 -3.97048E+02  2.17826E+04 -3.97048E+02
    8.6686E+01  2.17826E+04 -3.97048E+02  2.17826E+04 -3.97048E+02  2.17826E+04 -3.97048E+02
    8.6789E+01  2.17826E+04 -3.97048E+02  2.17826E+04 -3.97048E+02  2.17826E+04 -3.97048E+02
    8.6892E+01  2.17826E+04 -3.97048E+02  2.17826E+04 -3.97048E+02  2.17826E+04 -3.97048E+02
    8.6995E+01  2.17826E+04 -3.97048E+02  2.17826E+04 -3.97048E+02  2.17826E+04 -3.97048E+02
    8.7098E+01  2.17826E+04 -3.97048E+02  2.17826E+04 -3.97048E+02  2.17826E+04 -3.97048E+02
    8.7201E+01  2.17826E+04 -3.97048E+02  2.17826E+04 -3.97048E+02  2.17826E+04 -3.97048E+02
    8.7305E+01  2.17826E+04 -3.97048E+02  2.17826E+04 -3.97048E+02  2.17826E+04 -3.97048E+02
    8.7408E+01  2.25249E+04 -4.07098E+02  2.25249E+04 -4.07098E+02  2.25249E+04 -4.07098E+02
    8.7511E+01  2.25249E+04 -4.07098E+02  2.25249E+04 -4.07098E+02  2.25249E+04 -4.07098E+02
    8.7614E+01  2.25249E+04 -4.07098E+02  2.25249E+04 -4.07098E+02  2.25249E+04 -4.07098E+02
    8.7717E+01  2.25249E+04 -4.07098E+02  2.25249E+04 -4.07098E+02  2.25249E+04 -4.07098E+02
    8.7820E+01  2.32930E+04 -4.17368E+02  2.32930E+04 -4.17368E+02  2.32930E+04 -4.17368E+02
    8.7923E+01  2.32930E+04 -4.17368E+02  2.32930E+04 -4.17368E+02  2.32930E+04 -4.17368E+02
    8.8026E+01  2.32930E+04 -4.17368E+02  2.32930E+04 -4.17368E+02  2.32930E+04 -4.17368E+02
    8.8129E+01  2.32930E+04 -4.17368E+02  2.32930E+04 -4.17368E+02  2.32930E+04 -4.17368E+02
    8.8232E+01  2.32930E+04 -4.17368E+02  2.32930E+04 -4.17368E+02  2.32930E+04 -4.17368E+02
    8.8335E+01  2.32930E+04 -4.17368E+02  2.32930E+04 -4.17368E+02  2.32930E+04 -4.17368E+02
    8.8438E+01  2.32930E+04 -4.17368E+02  2.32930E+04 -4.17368E+02  2.32930E+04 -4.17368E+02
    8.8541E+01  2.32930E+04 -4.17368E+02  2.32930E+04 -4.17368E+02  2.32930E+04 -4.17368E+02
    8.8644E+01  2.32930E+04 -4.17368E+02  2.32930E+04 -4.17368E+02  2.32930E+04 -4.17368E+02
    8.8748E+01  2.32930E+04 -4.17368E+02  2.32930E+04 -4.17368E+02  2.32930E+04 -4.17368E+02
    8.8851E+01  2.32930E+04 -4.17368E+02  2.32930E+04 -4.17368E+02  2.32930E+04 -4.17368E+02
    8.8954E+01  2.32930E+04 -4.17368E+02  2.32930E+04 -4.17368E+02  2.32930E+04 -4.17368E+02
    8.9057E+01  2.32930E+04 -4.17368E+02  2.32930E+04 -4.17368E+02  2.32930E+04 -4.17368E+02
    8.9160E+01  2.32930E+04 -4.17368E+02  2.32930E+04 -4.17368E+02  2.32930E+04 -4.17368E+02
    8.9263E+01  2.32930E+04 -4.17368E+02  2.32930E+04 -4.17368E+02  2.32930E+04 -4.17368E+02
    8.9366E+01  2.32930E+04 -4.17368E+02  2.32930E+04 -4.17368E+02  2.32930E+04 -4.17368E+02
    8.9469E+01  2.32930E+04 -4.17368E+02  2.32930E+04 -4.17368E+02  2.32930E+04 -4.17368E+02
    8.9572E+01  2.32930E+04 -4.17368E+02  2.32930E+04 -4.17368E+02  2.32930E+04 -4.17368E+02
    8.9675E+01  2.32930E+04 -4.17368E+02  2.32930E+04 -4.17368E+02  2.32930E+04 -4.17368E+02
    8.9778E+01  2.32930E+04 -4.17368E+02  2.32930E+04 -4.17368E+02  2.32930E+04 -4.17368E+02
    8.9881E+01  2.32930E+04 -4.17368E+02  2.32930E+04 -4.17368E+02  2.32930E+04 -4.17368E+02
    8.9984E+01  2.32930E+04 -4.17368E+02  2.32930E+04 -4.17368E+02  2.32930E+04 -4.17368E+02
    9.0088E+01  2.32930E+04 -4.17368E+02  2.32930E+04 -4.17368E+02  2.32930E+04 -4.17368E+02
    9.0191E+01  2.32930E+04 -4.17368E+02  2.32930E+04 -4.17368E+02  2.32930E+04 -4.17368E+02
    9.0294E+01  2.32930E+04 -4.17368E+02  2.32930E+04 -4.17368E+02  2.32930E+04 -4.17368E+02
    9.0397E+01  2.32930E+04 -4.17368E+02  2.32930E+04 -4.17368E+02  2.32930E+04 -4.17368E+02
    9.0500E+01  2.32930E+04 -4.17368E+02  2.32930E+04 -4.17368E+02  2.32930E+04 -4.17368E+02
    9.0603E+01  2.32930E+04 -4.17368E+02  2.32930E+04 -4.17368E+02  2.32930E+04 -4.17368E+02
    9.0706E+01  2.32930E+04 -4.17368E+02  2.32930E+04 -4.17368E+02  2.32930E+04 -4.17368E+02
    9.0809E+01  2.32930E+04 -4.17368E+02  2.32930E+04 -4.17368E+02  2.32930E+04 -4.17368E+02
    9.0912E+01  2.32930E+04 -4.17368E+02  2.32930E+04 -4.17368E+02  2.32930E+04 -4.17368E+02
    9.1015E+01  2.32930E+04 -4.17368E+02  2.32930E+04 -4.17368E+02  2.32930E+04 -4.17368E+02
    9.1118E+01  2.32930E+04 -4.17368E+02  2.32930E+04 -4.17368E+02  2.32930E+04 -4.17368E+02
    9.1221E+01  2.32930E+04 -4.17368E+02  2.32930E+04 -4.17368E+02  2.32930E+04 -4.17368E+02
    9.1324E+01  2.32930E+04 -4.17368E+02  2.32930E+04 -4.17368E+02  2.32930E+04 -4.17368E+02
    9.1428E+01  2.32930E+04 -4.17368E+02  2.32930E+04 -4.17368E+02  2.32930E+04 -4.17368E+02
    9.1531E+01  2.32930E+04 -4.17368E+02  2.32930E+04 -4.17368E+02  2.32930E+04 -4.17368E+02
    9.1634E+01  2.32930E+04 -4.17368E+02  2.32930E+04 -4.17368E+02  2.32930E+04 -4.17368E+02
    9.1737E+01  2.32930E+04 -4.17368E+02  2.32930E+04 -4.17368E+02  2.32930E+04 -4.17368E+02
    9.1840E+01  2.32930E+04 -4.17368E+02  2.32930E+04 -4.17368E+02  2.32930E+04 -4.17368E+02
    9.1943E+01  2.32930E+04 -4.17368E+02  2.32930E+04 -4.17368E+02  2.32930E+04 -4.17368E+02
    9.2046E+01  2.32930E+04 -4.17368E+02  2.32930E+04 -4.17368E+02  2.32930E+04 -4.17368E+02
    9.2149E+01  2.32930E+04 -4.17368E+02  2.32930E+04 -4.17368E+02  2.32930E+04 -4.17368E+02
    9.2252E+01  2.32930E+04 -4.17368E+02  2.32930E+04 -4.17368E+02  2.32930E+04 -4.17368E+02
    9.2355E+01  2.32930E+04 -4.17368E+02  2.32930E+04 -4.17368E+02  2.32930E+04 -4.17368E+02
    9.2458E+01  2.32930E+04 -4.17368E+02  2.32930E+04 -4.17368E+02  2.32930E+04 -4.17368E+02
    9.2561E+01  2.32930E+04 -4.17368E+02  2.32930E+04 -4.17368E+02  2.32930E+04 -4.17368E+02
    9.2664E+01  2.32930E+04 -4.17368E+02  2.32930E+04 -4.17368E+02  2.32930E+04 -4.17368E+02
    9.2767E+01  2.32930E+04 -4.17368E+02  2.32930E+04 -4.17368E+02  2.32930E+04 -4.17368E+02
    9.2871E+01  2.32930E+04 -4.17368E+02  2.32930E+04 -4.17368E+02  2.32930E+04 -4.17368E+02
    9.2974E+01  2.32930E+04 -4.17368E+02  2.32930E+04 -4.17368E+02  2.32930E+04 -4.17368E+02
    9.3077E+01  2.32930E+04 -4.17368E+02  2.32930E+04 -4.17368E+02  2.32930E+04 -4.17368E+02
    9.3180E+01  2.32930E+04 -4.17368E+02  2.32930E+04 -4.17368E+02  2.32930E+04 -4.17368E+02
    9.3283E+01  2.32930E+04 -4.17368E+02  2.32930E+04 -4.17368E+02  2.32930E+04 -4.17368E+02
    9.3386E+01  2.32930E+04 -4.17368E+02  2.32930E+04 -4.17368E+02  2.32930E+04 -4.17368E+02
    9.3489E+01  2.32930E+04 -4.17368E+02  2.32930E+04 -4.17368E+02  2.32930E+04 -4.17368E+02
    9.3592E+01  2.32930E+04 -4.17368E+02  2.32930E+04 -4.17368E+02  2.32930E+04 -4.17368E+02
    9.3695E+01  2.32930E+04 -4.17368E+02  2.32930E+04 -4.17368E+02  2.32930E+04 -4.17368E+02
    9.3798E+01  2.32930E+04 -4.17368E+02  2.32930E+04 -4.17368E+02  2.32930E+04 -4.17368E+02
    9.3901E+01  2.32930E+04 -4.17368E+02  2.32930E+04 -4.17368E+02  2.32930E+04 -4.17368E+02
    9.4004E+01  2.32930E+04 -4.17368E+02  2.32930E+04 -4.17368E+02  2.32930E+04 -4.17368E+02
    9.4107E+01  2.32930E+04 -4.17368E+02  2.32930E+04 -4.17368E+02  2.32930E+04 -4.17368E+02
    9.4211E+01  2.32930E+04 -4.17368E+02  2.32930E+04 -4.17368E+02  2.32930E+04 -4.17368E+02
    9.4314E+01  2.32930E+04 -4.17368E+02  2.32930E+04 -4.17368E+02  2.32930E+04 -4.17368E+02
    9.4417E+01  2.32930E+04 -4.17368E+02  2.32930E+04 -4.17368E+02  2.32930E+04 -4.17368E+02
    9.4520E+01  2.32930E+04 -4.17368E+02  2.32930E+04 -4.17368E+02  2.32930E+04 -4.17368E+02
    9.4623E+01  2.32930E+04 -4.17368E+02  2.32930E+04 -4.17368E+02  2.32930E+04 -4.17368E+02
    9.4726E+01  2.32930E+04 -4.17368E+02  2.32930E+04 -4.17368E+02  2.32930E+04 -4.17368E+02
    9.4829E+01  2.32930E+04 -4.17368E+02  2.32930E+04 -4.17368E+02  2.32930E+04 -4.17368E+02
    9.4932E+01  2.32930E+04 -4.17368E+02  2.32930E+04 -4.17368E+02  2.32930E+04 -4.17368E+02
    9.5035E+01  2.32930E+04 -4.17368E+02  2.32930E+04 -4.17368E+02  2.32930E+04 -4.17368E+02
    9.5138E+01  2.32930E+04 -4.17368E+02  2.32930E+04 -4.17368E+02  2.32930E+04 -4.17368E+02
    9.5241E+01  2.32930E+04 -4.17368E+02  2.32930E+04 -4.17368E+02  2.32930E+04 -4.17368E+02
    9.5344E+01  2.32930E+04 -4.17368E+02  2.32930E+04 -4.17368E+02  2.32930E+04 -4.17368E+02
    9.5447E+01  2.32930E+04 -4.17368E+02  2.32930E+04 -4.17368E+02  2.32930E+04 -4.17368E+02
    9.5551E+01  2.32930E+04 -4.17368E+02  2.32930E+04 -4.17368E+02  2.32930E+04 -4.17368E+02
    9.5654E+01  2.32930E+04 -4.17368E+02  2.32930E+04 -4.17368E+02  2.32930E+04 -4.17368E+02
    9.5757E+01  2.32930E+04 -4.17368E+02  2.32930E+04 -4.17368E+02  2.32930E+04 -4.17368E+02
    9.5860E+01  2.32930E+04 -4.17368E+02  2.32930E+04 -4.17368E+02  2.32930E+04 -4.17368E+02
    9.5963E+01  2.32930E+04 -4.17368E+02  2.32930E+04 -4.17368E+02  2.32930E+04 -4.17368E+02
    9.6066E+01  2.32930E+04 -4.17368E+02  2.32930E+04 -4.17368E+02  2.32930E+04 -4.17368E+02
    9.6169E+01  2.32930E+04 -4.17368E+02  2.32930E+04 -4.17368E+02  2.32930E+04 -4.17368E+02
    9.6272E+01  2.32930E+04 -4.17368E+02  2.32930E+04 -4.17368E+02  2.32930E+04 -4.17368E+02
    9.6375E+01  2.32930E+04 -4.17368E+02  2.32930E+04 -4.17368E+02  2.32930E+04 -4.17368E+02
    9.6478E+01  2.32930E+04 -4.17368E+02  2.32930E+04 -4.17368E+02  2.32930E+04 -4.17368E+02
    9.6581E+01  2.32930E+04 -4.17368E+02  2.32930E+04 -4.17368E+02  2.32930E+04 -4.17368E+02
    9.6684E+01  2.32930E+04 -4.17368E+02  2.32930E+04 -4.17368E+02  2.32930E+04 -4.17368E+02
    9.6787E+01  2.32930E+04 -4.17368E+02  2.32930E+04 -4.17368E+02  2.32930E+04 -4.17368E+02
    9.6890E+01  2.32930E+04 -4.17368E+02  2.32930E+04 -4.17368E+02  2.32930E+04 -4.17368E+02
    9.6994E+01  2.32930E+04 -4.17368E+02  2.32930E+04 -4.17368E+02  2.32930E+04 -4.17368E+02
    9.7097E+01  2.32930E+04 -4.17368E+02  2.32930E+04 -4.17368E+02  2.32930E+04 -4.17368E+02
    9.7200E+01  2.32930E+04 -4.17368E+02  2.32930E+04 -4.17368E+02  2.32930E+04 -4.17368E+02
    9.7303E+01  2.32930E+04 -4.17368E+02  2.32930E+04 -4.17368E+02  2.32930E+04 -4.17368E+02
    9.7406E+01  2.32930E+04 -4.17368E+02  2.32930E+04 -4.17368E+02  2.32930E+04 -4.17368E+02
    9.7509E+01  2.32930E+04 -4.17368E+02  2.32930E+04 -4.17368E+02  2.32930E+04 -4.17368E+02
    9.7612E+01  2.32930E+04 -4.17368E+02  2.32930E+04 -4.17368E+02  2.32930E+04 -4.17368E+02
    9.7715E+01  2.32930E+04 -4.17368E+02  2.32930E+04 -4.17368E+02  2.32930E+04 -4.17368E+02
    9.7818E+01  2.32930E+04 -4.17368E+02  2.32930E+04 -4.17368E+02  2.32930E+04 -4.17368E+02
    9.7921E+01  2.32930E+04 -4.17368E+02  2.32930E+04 -4.17368E+02  2.32930E+04 -4.17368E+02
    9.8024E+01  2.32930E+04 -4.17368E+02  2.32930E+04 -4.17368E+02  2.32930E+04 -4.17368E+02
    9.8127E+01  2.32930E+04 -4.17368E+02  2.32930E+04 -4.17368E+02  2.32930E+04 -4.17368E+02
    9.8230E+01  2.32930E+04 -4.17368E+02  2.32930E+04 -4.17368E+02  2.32930E+04 -4.17368E+02
    9.8334E+01  2.32930E+04 -4.17368E+02  2.32930E+04 -4.17368E+02  2.32930E+04 -4.17368E+02
    9.8437E+01  2.32930E+04 -4.17368E+02  2.32930E+04 -4.17368E+02  2.32930E+04 -4.17368E+02
    9.8540E+01  2.32930E+04 -4.17368E+02  2.32930E+04 -4.17368E+02  2.32930E+04 -4.17368E+02
    9.8643E+01  2.32930E+04 -4.17368E+02  2.32930E+04 -4.17368E+02  2.32930E+04 -4.17368E+02
    9.8746E+01  2.32930E+04 -4.17368E+02  2.32930E+04 -4.17368E+02  2.32930E+04 -4.17368E+02
    9.8849E+01  2.32930E+04 -4.17368E+02  2.32930E+04 -4.17368E+02  2.32930E+04 -4.17368E+02
    9.8952E+01  2.32930E+04 -4.17368E+02  2.32930E+04 -4.17368E+02  2.32930E+04 -4.17368E+02
    9.9055E+01  2.32930E+04 -4.17368E+02  2.32930E+04 -4.17368E+02  2.32930E+04 -4.17368E+02
    9.9158E+01  2.32930E+04 -4.17368E+02  2.32930E+04 -4.17368E+02  2.32930E+04 -4.17368E+02
    9.9261E+01  2.32930E+04 -4.17368E+02  2.32930E+04 -4.17368E+02  2.32930E+04 -4.17368E+02
    9.9364E+01  2.32930E+04 -4.17368E+02  2.32930E+04 -4.17368E+02  2.32930E+04 -4.17368E+02
    9.9467E+01  2.32930E+04 -4.17368E+02  2.32930E+04 -4.17368E+02  2.32930E+04 -4.17368E+02
    9.9570E+01  2.32930E+04 -4.17368E+02  2.32930E+04 -4.17368E+02  2.32930E+04 -4.17368E+02
    9.9674E+01  2.32930E+04 -4.17368E+02  2.32930E+04 -4.17368E+02  2.32930E+04 -4.17368E+02
    9.9777E+01  2.32930E+04 -4.17368E+02  2.32930E+04 -4.17368E+02  2.32930E+04 -4.17368E+02
    9.9880E+01  2.32930E+04 -4.17368E+02  2.32930E+04 -4.17368E+02  2.32930E+04 -4.17368E+02
    9.9983E+01  2.32930E+04 -4.17368E+02  2.32930E+04 -4.17368E+02  2.32930E+04 -4.17368E+02
    1.0009E+02  2.32930E+04 -4.17368E+02  2.32930E+04 -4.17368E+02  2.32930E+04 -4.17368E+02
    1.0019E+02  2.32930E+04 -4.17368E+02  2.32930E+04 -4.17368E+02  2.32930E+04 -4.17368E+02
    1.0029E+02  2.32930E+04 -4.17368E+02  2.32930E+04 -4.17368E+02  2.32930E+04 -4.17368E+02
    1.0040E+02  2.32930E+04 -4.17368E+02  2.32930E+04 -4.17368E+02  2.32930E+04 -4.17368E+02
    1.0050E+02  2.32930E+04 -4.17368E+02  2.32930E+04 -4.17368E+02  2.32930E+04 -4.17368E+02
    1.0060E+02  2.32930E+04 -4.17368E+02  2.32930E+04 -4.17368E+02  2.32930E+04 -4.17368E+02
    1.0070E+02  2.32930E+04 -4.17368E+02  2.32930E+04 -4.17368E+02  2.32930E+04 -4.17368E+02
    1.0081E+02  2.32930E+04 -4.17368E+02  2.32930E+04 -4.17368E+02  2.32930E+04 -4.17368E+02
    1.0091E+02  2.32930E+04 -4.17368E+02  2.32930E+04 -4.17368E+02  2.32930E+04 -4.17368E+02
    1.0101E+02  2.32930E+04 -4.17368E+02  2.32930E+04 -4.17368E+02  2.32930E+04 -4.17368E+02
    1.0112E+02  2.32930E+04 -4.17368E+02  2.32930E+04 -4.17368E+02  2.32930E+04 -4.17368E+02
    1.0122E+02  2.32930E+04 -4.17368E+02  2.32930E+04 -4.17368E+02  2.32930E+04 -4.17368E+02
    1.0132E+02  2.32930E+04 -4.17368E+02  2.32930E+04 -4.17368E+02  2.32930E+04 -4.17368E+02
    1.0143E+02  2.32930E+04 -4.17368E+02  2.32930E+04 -4.17368E+02  2.32930E+04 -4.17368E+02
    1.0153E+02  2.32930E+04 -4.17368E+02  2.32930E+04 -4.17368E+02  2.32930E+04 -4.17368E+02
    1.0163E+02  2.32930E+04 -4.17368E+02  2.32930E+04 -4.17368E+02  2.32930E+04 -4.17368E+02
    1.0174E+02  2.32930E+04 -4.17368E+02  2.32930E+04 -4.17368E+02  2.32930E+04 -4.17368E+02
    1.0184E+02  2.32930E+04 -4.17368E+02  2.32930E+04 -4.17368E+02  2.32930E+04 -4.17368E+02
    1.0194E+02  2.32930E+04 -4.17368E+02  2.32930E+04 -4.17368E+02  2.32930E+04 -4.17368E+02
    1.0204E+02  2.32930E+04 -4.17368E+02  2.32930E+04 -4.17368E+02  2.32930E+04 -4.17368E+02
    1.0215E+02  2.32930E+04 -4.17368E+02  2.32930E+04 -4.17368E+02  2.32930E+04 -4.17368E+02
    1.0225E+02  2.32930E+04 -4.17368E+02  2.32930E+04 -4.17368E+02  2.32930E+04 -4.17368E+02
    1.0235E+02  2.32930E+04 -4.17368E+02  2.32930E+04 -4.17368E+02  2.32930E+04 -4.17368E+02
    1.0246E+02  2.32930E+04 -4.17368E+02  2.32930E+04 -4.17368E+02  2.32930E+04 -4.17368E+02
    1.0256E+02  2.32930E+04 -4.17368E+02  2.32930E+04 -4.17368E+02  2.32930E+04 -4.17368E+02
    1.0266E+02  2.32930E+04 -4.17368E+02  2.32930E+04 -4.17368E+02  2.32930E+04 -4.17368E+02
    1.0277E+02  2.32930E+04 -4.17368E+02  2.32930E+04 -4.17368E+02  2.32930E+04 -4.17368E+02
    1.0287E+02  2.32930E+04 -4.17368E+02  2.32930E+04 -4.17368E+02  2.32930E+04 -4.17368E+02
    1.0297E+02  2.40958E+04 -4.27396E+02  2.40958E+04 -4.27396E+02  2.40958E+04 -4.27396E+02
