    0.0000E+00  0.00000E+00  0.00000E+00  0.00000E+00  0.00000E+00
    1.0307E-01  0.00000E+00  0.00000E+00  0.00000E+00  0.00000E+00
    2.0615E-01  0.00000E+00  0.00000E+00  0.00000E+00  0.00000E+00
    3.0922E-01  0.00000E+00  0.00000E+00  0.00000E+00  0.00000E+00
    4.1230E-01  0.00000E+00  0.00000E+00  0.00000E+00  0.00000E+00
    5.1537E-01  0.00000E+00  0.00000E+00  0.00000E+00  0.00000E+00
    6.1845E-01  0.00000E+00  0.00000E+00  0.00000E+00  0.00000E+00
    7.2152E-01  0.00000E+00  0.00000E+00  0.00000E+00  0.00000E+00
    8.2460E-01  0.00000E+00  0.00000E+00  0.00000E+00  0.00000E+00
    9.2767E-01  0.00000E+00  0.00000E+00  0.00000E+00  0.00000E+00
    1.0307E+00  0.00000E+00  0.00000E+00  0.00000E+00  0.00000E+00
    1.1338E+00  0.00000E+00  0.00000E+00  0.00000E+00  0.00000E+00
    1.2369E+00  0.00000E+00  0.00000E+00  0.00000E+00  0.00000E+00
    1.3400E+00  0.00000E+00  0.00000E+00  0.00000E+00  0.00000E+00
    1.4430E+00  0.00000E+00  0.00000E+00  0.00000E+00  0.00000E+00
    1.5461E+00  0.00000E+00  0.00000E+00  0.00000E+00  0.00000E+00
    1.6492E+00  0.00000E+00  0.00000E+00  0.00000E+00  0.00000E+00
    1.7523E+00  0.00000E+00  0.00000E+00  0.00000E+00  0.00000E+00
    1.8553E+00 -3.85544E-04  0.00000E+00  0.00000E+00  0.00000E+00
    1.9584E+00 -3.85544E-04  0.00000E+00  0.00000E+00  0.00000E+00
    2.0615E+00 -3.85544E-04  0.00000E+00  0.00000E+00  0.00000E+00
    2.1646E+00 -3.85544E-04  0.00000E+00  0.00000E+00  0.00000E+00
    2.2676E+00 -3.85544E-04  0.00000E+00  0.00000E+00  0.00000E+00
    2.3707E+00 -3.85544E-04  0.00000E+00  0.00000E+00  0.00000E+00
    2.4738E+00 -3.85544E-04  0.00000E+00  0.00000E+00  0.00000E+00
    2.5769E+00 -3.85544E-04  0.00000E+00  0.00000E+00  0.00000E+00
    2.6799E+00 -3.85544E-04  0.00000E+00  0.00000E+00  0.00000E+00
    2.7830E+00 -3.85544E-04  0.00000E+00  0.00000E+00  0.00000E+00
    2.8861E+00 -3.85544E-04  0.00000E+00  0.00000E+00  0.00000E+00
    2.9892E+00 -3.85544E-04  0.00000E+00  0.00000E+00  0.00000E+00
    3.0922E+00 -3.85544E-04  0.00000E+00  0.00000E+00  0.00000E+00
    3.1953E+00 -3.85544E-04  0.00000E+00  0.00000E+00  0.00000E+00
    3.2984E+00 -3.85544E-04  0.00000E+00  0.00000E+00  0.00000E+00
    3.4015E+00 -1.40530E-03  0.00000E+00  0.00000E+00  0.00000E+00
    3.5045E+00 -1.40530E-03  0.00000E+00  0.00000E+00  0.00000E+00
    3.6076E+00 -1.40530E-03  0.00000E+00  0.00000E+00  0.00000E+00
    3.7107E+00 -1.40530E-03  0.00000E+00  0.00000E+00  0.00000E+00
    3.8138E+00 -1.40530E-03  0.00000E+00  0.00000E+00  0.00000E+00
    3.9168E+00 -1.40530E-03  0.00000E+00  0.00000E+00  0.00000E+00
    4.0199E+00 -1.40530E-03  0.00000E+00  0.00000E+00  0.00000E+00
    4.1230E+00 -1.40530E-03  0.00000E+00  0.00000E+00  0.00000E+00
    4.2261E+00 -1.40530E-03  0.00000E+00  0.00000E+00  0.00000E+00
    4.3291E+00 -4.14531E-03  0.00000E+00  0.00000E+00  0.00000E+00
    4.4322E+00 -4.14531E-03  0.00000E+00  0.00000E+00  0.00000E+00
    4.5353E+00 -4.14531E-03  0.00000E+00  0.00000E+00  0.00000E+00
    4.6384E+00 -5.34012E-03  0.00000E+00  0.00000E+00  0.00000E+00
    4.7414E+00 -5.34012E-03  0.00000E+00  0.00000E+00  0.00000E+00
    4.8445E+00 -5.34012E-03  0.00000E+00  0.00000E+00  0.00000E+00
    4.9476E+00 -5.34012E-03  0.00000E+00  0.00000E+00  0.00000E+00
    5.0507E+00 -8.25814E-03  0.00000E+00  0.00000E+00  0.00000E+00
    5.1537E+00 -1.04375E-02  0.00000E+00  0.00000E+00  0.00000E+00
    5.2568E+00 -1.04375E-02  0.00000E+00  0.00000E+00  0.00000E+00
    5.3599E+00 -1.70916E-02  0.00000E+00  0.00000E+00  0.00000E+00
    5.4630E+00 -1.79579E-02  0.00000E+00  0.00000E+00  0.00000E+00
    5.5660E+00 -1.79579E-02  0.00000E+00  0.00000E+00  0.00000E+00
    5.6691E+00 -2.22791E-02  0.00000E+00  0.00000E+00  0.00000E+00
    5.7722E+00 -2.22791E-02  0.00000E+00  0.00000E+00  0.00000E+00
    5.8753E+00 -2.35797E-02  0.00000E+00  0.00000E+00  0.00000E+00
    5.9783E+00 -3.08977E-02  0.00000E+00  0.00000E+00  0.00000E+00
    6.0814E+00 -3.40794E-02  0.00000E+00  0.00000E+00  0.00000E+00
    6.1845E+00 -4.02388E-02  0.00000E+00  0.00000E+00  0.00000E+00
    6.2876E+00 -4.06959E-02  0.00000E+00  0.00000E+00  0.00000E+00
    6.3906E+00 -4.62863E-02  0.00000E+00  0.00000E+00  0.00000E+00
    6.4937E+00 -5.07857E-02  0.00000E+00  0.00000E+00  0.00000E+00
    6.5968E+00 -5.16258E-02  0.00000E+00  0.00000E+00  0.00000E+00
    6.6999E+00 -5.36597E-02  0.00000E+00  0.00000E+00  0.00000E+00
    6.8029E+00 -5.42568E-02  0.00000E+00  0.00000E+00  0.00000E+00
    6.9060E+00 -5.48190E-02  0.00000E+00  0.00000E+00  0.00000E+00
    7.0091E+00 -5.67217E-02  0.00000E+00  0.00000E+00  0.00000E+00
    7.1122E+00 -5.67217E-02  0.00000E+00  0.00000E+00  0.00000E+00
    7.2152E+00 -5.67217E-02  0.00000E+00  0.00000E+00  0.00000E+00
    7.3183E+00 -5.72192E-02  0.00000E+00  0.00000E+00  0.00000E+00
    7.4214E+00 -5.93318E-02  0.00000E+00  0.00000E+00  0.00000E+00
    7.5245E+00 -5.95224E-02  0.00000E+00  0.00000E+00  0.00000E+00
    7.6275E+00 -6.47259E-02  0.00000E+00  0.00000E+00  0.00000E+00
    7.7306E+00 -6.57432E-02  0.00000E+00  0.00000E+00  0.00000E+00
    7.8337E+00 -7.21137E-02  0.00000E+00  0.00000E+00  0.00000E+00
    7.9368E+00 -7.83295E-02  0.00000E+00  0.00000E+00  0.00000E+00
    8.0398E+00 -7.90765E-02  0.00000E+00  0.00000E+00  0.00000E+00
    8.1429E+00 -8.72031E-02  0.00000E+00  0.00000E+00  0.00000E+00
    8.2460E+00 -8.72031E-02  0.00000E+00  0.00000E+00  0.00000E+00
    8.3491E+00 -8.92832E-02  0.00000E+00  0.00000E+00  0.00000E+00
    8.4521E+00 -8.92832E-02  0.00000E+00  0.00000E+00  0.00000E+00
    8.5552E+00 -8.92832E-02  0.00000E+00  0.00000E+00  0.00000E+00
    8.6583E+00 -9.05952E-02  0.00000E+00  0.00000E+00  0.00000E+00
    8.7614E+00 -9.05952E-02  0.00000E+00  0.00000E+00  0.00000E+00
    8.8644E+00 -9.05952E-02  0.00000E+00  0.00000E+00  0.00000E+00
    8.9675E+00 -9.58581E-02  0.00000E+00  0.00000E+00  0.00000E+00
    9.0706E+00 -1.11216E-01 -3.83957E-03  0.00000E+00  0.00000E+00
    9.1737E+00 -1.11216E-01 -3.83957E-03  0.00000E+00  0.00000E+00
    9.2767E+00 -1.25220E-01 -3.83957E-03  0.00000E+00  0.00000E+00
    9.3798E+00 -1.44602E-01 -3.83957E-03  0.00000E+00  0.00000E+00
    9.4829E+00 -1.60070E-01 -4.80607E-03  0.00000E+00  0.00000E+00
    9.5860E+00 -1.82288E-01 -4.80607E-03  0.00000E+00  0.00000E+00
    9.6890E+00 -1.88182E-01 -4.80607E-03  0.00000E+00  0.00000E+00
    9.7921E+00 -2.00394E-01 -4.80607E-03  0.00000E+00  0.00000E+00
    9.8952E+00 -2.12652E-01 -4.80607E-03  0.00000E+00  0.00000E+00
    9.9983E+00 -2.22301E-01 -4.80607E-03  0.00000E+00  0.00000E+00
    1.0101E+01 -2.39929E-01 -4.80607E-03  0.00000E+00  0.00000E+00
    1.0204E+01 -2.43264E-01 -4.80607E-03  0.00000E+00  0.00000E+00
    1.0307E+01 -3.16524E-01 -1.11832E-02  0.00000E+00  0.00000E+00
    1.0411E+01 -3.46997E-01 -1.11832E-02  0.00000E+00  0.00000E+00
    1.0514E+01 -3.52357E-01 -1.11832E-02  0.00000E+00  0.00000E+00
    1.0617E+01 -3.52357E-01 -1.11832E-02  0.00000E+00  0.00000E+00
    1.0720E+01 -3.84195E-01 -1.11832E-02  0.00000E+00  0.00000E+00
    1.0823E+01 -3.88868E-01 -1.20270E-02  0.00000E+00  0.00000E+00
    1.0926E+01 -3.88868E-01 -1.20270E-02  0.00000E+00  0.00000E+00
    1.1029E+01 -4.24724E-01 -1.20270E-02  0.00000E+00  0.00000E+00
    1.1132E+01 -4.31541E-01 -1.31607E-02  0.00000E+00  0.00000E+00
    1.1235E+01 -4.31541E-01 -1.31607E-02  0.00000E+00  0.00000E+00
    1.1338E+01 -4.31541E-01 -1.31607E-02  0.00000E+00  0.00000E+00
    1.1441E+01 -4.31541E-01 -1.31607E-02  0.00000E+00  0.00000E+00
    1.1544E+01 -4.31541E-01 -1.31607E-02  0.00000E+00  0.00000E+00
    1.1647E+01 -4.31541E-01 -1.31607E-02  0.00000E+00  0.00000E+00
    1.1751E+01 -4.74812E-01 -1.63993E-02  0.00000E+00  0.00000E+00
    1.1854E+01 -4.94644E-01 -1.96142E-02  0.00000E+00  0.00000E+00
    1.1957E+01 -4.94644E-01 -1.96142E-02  0.00000E+00  0.00000E+00
    1.2060E+01 -5.10155E-01 -2.14587E-02  0.00000E+00  0.00000E+00
    1.2163E+01 -5.18765E-01 -2.14587E-02  0.00000E+00  0.00000E+00
    1.2266E+01 -5.47386E-01 -2.86140E-02  0.00000E+00  0.00000E+00
    1.2369E+01 -5.47386E-01 -2.86140E-02  0.00000E+00  0.00000E+00
    1.2472E+01 -6.01245E-01 -5.20263E-02  0.00000E+00  0.00000E+00
    1.2575E+01 -6.02661E-01 -5.27345E-02  0.00000E+00  0.00000E+00
    1.2678E+01 -6.58588E-01 -5.27345E-02  0.00000E+00  0.00000E+00
    1.2781E+01 -7.01283E-01 -5.90711E-02  0.00000E+00  0.00000E+00
    1.2884E+01 -7.05098E-01 -5.90711E-02  0.00000E+00  0.00000E+00
    1.2987E+01 -7.22662E-01 -5.90711E-02  0.00000E+00  0.00000E+00
    1.3091E+01 -7.77656E-01 -5.90711E-02  0.00000E+00  0.00000E+00
    1.3194E+01 -7.84053E-01 -6.22693E-02  0.00000E+00  0.00000E+00
    1.3297E+01 -7.84053E-01 -6.22693E-02  0.00000E+00  0.00000E+00
    1.3400E+01 -8.02932E-01 -6.37478E-02  0.00000E+00  0.00000E+00
    1.3503E+01 -8.79658E-01 -6.37478E-02  0.00000E+00  0.00000E+00
    1.3606E+01 -8.79658E-01 -6.37478E-02  0.00000E+00  0.00000E+00
    1.3709E+01 -9.31143E-01 -8.22696E-02  0.00000E+00  0.00000E+00
    1.3812E+01 -9.43121E-01 -8.82588E-02  0.00000E+00  0.00000E+00
    1.3915E+01 -9.43121E-01 -8.82588E-02  0.00000E+00  0.00000E+00
    1.4018E+01 -1.03940E+00 -1.03716E-01  0.00000E+00  0.00000E+00
    1.4121E+01 -1.05126E+00 -1.03716E-01  0.00000E+00  0.00000E+00
    1.4224E+01 -1.05126E+00 -1.03716E-01  0.00000E+00  0.00000E+00
    1.4327E+01 -1.05393E+00 -1.03716E-01  0.00000E+00  0.00000E+00
    1.4430E+01 -1.17818E+00 -1.03716E-01  0.00000E+00  0.00000E+00
    1.4534E+01 -1.23232E+00 -1.03716E-01  0.00000E+00  0.00000E+00
    1.4637E+01 -1.28436E+00 -1.16935E-01  0.00000E+00  0.00000E+00
    1.4740E+01 -1.32743E+00 -1.19879E-01  0.00000E+00  0.00000E+00
    1.4843E+01 -1.35135E+00 -1.19879E-01  0.00000E+00  0.00000E+00
    1.4946E+01 -1.36066E+00 -1.19879E-01  0.00000E+00  0.00000E+00
    1.5049E+01 -1.42127E+00 -1.60432E-01  0.00000E+00  0.00000E+00
    1.5152E+01 -1.46757E+00 -1.60967E-01  0.00000E+00  0.00000E+00
    1.5255E+01 -1.52026E+00 -1.95278E-01  0.00000E+00  0.00000E+00
    1.5358E+01 -1.58524E+00 -1.95278E-01  0.00000E+00  0.00000E+00
    1.5461E+01 -1.59760E+00 -1.97529E-01  0.00000E+00  0.00000E+00
    1.5564E+01 -1.72159E+00 -1.97529E-01  0.00000E+00  0.00000E+00
    1.5667E+01 -1.75305E+00 -1.98713E-01  0.00000E+00  0.00000E+00
    1.5770E+01 -1.75305E+00 -1.98713E-01  0.00000E+00  0.00000E+00
    1.5874E+01 -1.84520E+00 -2.20831E-01  0.00000E+00  0.00000E+00
    1.5977E+01 -1.92247E+00 -2.71487E-01  0.00000E+00  0.00000E+00
    1.6080E+01 -1.92936E+00 -2.71487E-01  0.00000E+00  0.00000E+00
    1.6183E+01 -2.01452E+00 -3.23459E-01  0.00000E+00  0.00000E+00
    1.6286E+01 -2.16305E+00 -3.66086E-01  0.00000E+00  0.00000E+00
    1.6389E+01 -2.20748E+00 -3.68621E-01  0.00000E+00  0.00000E+00
    1.6492E+01 -2.35379E+00 -4.40637E-01  0.00000E+00  0.00000E+00
    1.6595E+01 -2.39749E+00 -4.44428E-01  0.00000E+00  0.00000E+00
    1.6698E+01 -2.61841E+00 -4.70807E-01  0.00000E+00  0.00000E+00
    1.6801E+01 -2.74976E+00 -4.70807E-01  0.00000E+00  0.00000E+00
    1.6904E+01 -2.74976E+00 -4.70807E-01  0.00000E+00  0.00000E+00
    1.7007E+01 -2.86269E+00 -5.81538E-01  0.00000E+00  0.00000E+00
    1.7110E+01 -2.88810E+00 -5.94240E-01  0.00000E+00  0.00000E+00
    1.7214E+01 -2.89166E+00 -5.94240E-01  0.00000E+00  0.00000E+00
    1.7317E+01 -2.89989E+00 -5.94240E-01  0.00000E+00  0.00000E+00
    1.7420E+01 -2.89989E+00 -5.94240E-01  0.00000E+00  0.00000E+00
    1.7523E+01 -2.90893E+00 -5.97614E-01  0.00000E+00  0.00000E+00
    1.7626E+01 -2.90893E+00 -5.97614E-01  0.00000E+00  0.00000E+00
    1.7729E+01 -3.00865E+00 -5.97614E-01  0.00000E+00  0.00000E+00
    1.7832E+01 -3.02096E+00 -5.97614E-01  0.00000E+00  0.00000E+00
    1.7935E+01 -3.24906E+00 -7.41013E-01  0.00000E+00  0.00000E+00
    1.8038E+01 -3.31837E+00 -7.69220E-01  0.00000E+00  0.00000E+00
    1.8141E+01 -3.41664E+00 -8.14379E-01  0.00000E+00  0.00000E+00
    1.8244E+01 -3.41664E+00 -8.14379E-01  0.00000E+00  0.00000E+00
    1.8347E+01 -3.41664E+00 -8.14379E-01  0.00000E+00  0.00000E+00
    1.8450E+01 -3.41664E+00 -8.14379E-01  0.00000E+00  0.00000E+00
    1.8553E+01 -3.41664E+00 -8.14379E-01  0.00000E+00  0.00000E+00
    1.8657E+01 -3.41664E+00 -8.14379E-01  0.00000E+00  0.00000E+00
    1.8760E+01 -3.44654E+00 -8.29328E-01  0.00000E+00  0.00000E+00
    1.8863E+01 -3.45243E+00 -8.32275E-01  0.00000E+00  0.00000E+00
    1.8966E+01 -3.47614E+00 -8.32275E-01  0.00000E+00  0.00000E+00
    1.9069E+01 -3.48216E+00 -8.32275E-01  0.00000E+00  0.00000E+00
    1.9172E+01 -3.64767E+00 -9.52937E-01  0.00000E+00  0.00000E+00
    1.9275E+01 -4.09562E+00 -1.03212E+00  0.00000E+00  0.00000E+00
    1.9378E+01 -4.23247E+00 -1.05996E+00  0.00000E+00  0.00000E+00
    1.9481E+01 -4.35253E+00 -1.05996E+00  0.00000E+00  0.00000E+00
    1.9584E+01 -4.54101E+00 -1.08565E+00  0.00000E+00  0.00000E+00
    1.9687E+01 -4.65116E+00 -1.10067E+00  0.00000E+00  0.00000E+00
    1.9790E+01 -4.84376E+00 -1.14830E+00  0.00000E+00  0.00000E+00
    1.9893E+01 -4.94088E+00 -1.18764E+00  0.00000E+00  0.00000E+00
    1.9997E+01 -5.06691E+00 -1.18764E+00  0.00000E+00  0.00000E+00
    2.0100E+01 -5.09345E+00 -1.19705E+00  0.00000E+00  0.00000E+00
    2.0203E+01 -5.10501E+00 -1.19705E+00  0.00000E+00  0.00000E+00
    2.0306E+01 -5.28485E+00 -1.19705E+00  0.00000E+00  0.00000E+00
    2.0409E+01 -5.34237E+00 -1.23657E+00  0.00000E+00  0.00000E+00
    2.0512E+01 -5.39883E+00 -1.25280E+00  0.00000E+00  0.00000E+00
    2.0615E+01 -5.89340E+00 -1.27368E+00  0.00000E+00  0.00000E+00
    2.0718E+01 -6.29631E+00 -1.47387E+00  0.00000E+00  0.00000E+00
    2.0821E+01 -6.37515E+00 -1.48741E+00  0.00000E+00  0.00000E+00
    2.0924E+01 -6.58692E+00 -1.63767E+00  0.00000E+00  0.00000E+00
    2.1027E+01 -6.58692E+00 -1.63767E+00  0.00000E+00  0.00000E+00
    2.1130E+01 -6.58692E+00 -1.63767E+00  0.00000E+00  0.00000E+00
    2.1233E+01 -7.00187E+00 -1.66335E+00  0.00000E+00  0.00000E+00
    2.1337E+01 -7.06448E+00 -1.68931E+00  0.00000E+00  0.00000E+00
    2.1440E+01 -7.07203E+00 -1.69308E+00  0.00000E+00  0.00000E+00
    2.1543E+01 -7.37716E+00 -1.71244E+00  0.00000E+00  0.00000E+00
    2.1646E+01 -7.78638E+00 -1.98173E+00  0.00000E+00  0.00000E+00
    2.1749E+01 -7.78638E+00 -1.98173E+00  0.00000E+00  0.00000E+00
    2.1852E+01 -7.83122E+00 -1.98929E+00  0.00000E+00  0.00000E+00
    2.1955E+01 -8.14953E+00 -1.98929E+00  0.00000E+00  0.00000E+00
    2.2058E+01 -8.14953E+00 -1.98929E+00  0.00000E+00  0.00000E+00
    2.2161E+01 -8.37319E+00 -2.10663E+00  0.00000E+00  0.00000E+00
    2.2264E+01 -8.39238E+00 -2.10907E+00  0.00000E+00  0.00000E+00
    2.2367E+01 -8.41525E+00 -2.10907E+00  0.00000E+00  0.00000E+00
    2.2470E+01 -8.75285E+00 -2.11915E+00  0.00000E+00  0.00000E+00
    2.2573E+01 -8.81770E+00 -2.15292E+00  0.00000E+00  0.00000E+00
    2.2676E+01 -8.85145E+00 -2.15292E+00  0.00000E+00  0.00000E+00
    2.2780E+01 -8.86583E+00 -2.15292E+00  0.00000E+00  0.00000E+00
    2.2883E+01 -8.88421E+00 -2.16212E+00  0.00000E+00  0.00000E+00
    2.2986E+01 -8.90525E+00 -2.16212E+00  0.00000E+00  0.00000E+00
    2.3089E+01 -9.04832E+00 -2.26731E+00  0.00000E+00  0.00000E+00
    2.3192E+01 -9.37273E+00 -2.36348E+00  0.00000E+00  0.00000E+00
    2.3295E+01 -9.61250E+00 -2.40998E+00  0.00000E+00  0.00000E+00
    2.3398E+01 -9.81482E+00 -2.45088E+00  0.00000E+00  0.00000E+00
    2.3501E+01 -1.01579E+01 -2.45088E+00  0.00000E+00  0.00000E+00
    2.3604E+01 -1.01965E+01 -2.45088E+00  0.00000E+00  0.00000E+00
    2.3707E+01 -1.01965E+01 -2.45088E+00  0.00000E+00  0.00000E+00
    2.3810E+01 -1.04558E+01 -2.59041E+00  0.00000E+00  0.00000E+00
    2.3913E+01 -1.07469E+01 -2.80396E+00  0.00000E+00  0.00000E+00
    2.4016E+01 -1.07469E+01 -2.80396E+00  0.00000E+00  0.00000E+00
    2.4120E+01 -1.07926E+01 -2.81338E+00  0.00000E+00  0.00000E+00
    2.4223E+01 -1.11683E+01 -2.84024E+00  0.00000E+00  0.00000E+00
    2.4326E+01 -1.11683E+01 -2.84024E+00  0.00000E+00  0.00000E+00
    2.4429E+01 -1.11926E+01 -2.84610E+00  0.00000E+00  0.00000E+00
    2.4532E+01 -1.16755E+01 -3.10837E+00  0.00000E+00  0.00000E+00
    2.4635E+01 -1.19769E+01 -3.11167E+00  0.00000E+00  0.00000E+00
    2.4738E+01 -1.21106E+01 -3.16878E+00  0.00000E+00  0.00000E+00
    2.4841E+01 -1.22304E+01 -3.16878E+00  0.00000E+00  0.00000E+00
    2.4944E+01 -1.27854E+01 -3.56217E+00  0.00000E+00  0.00000E+00
    2.5047E+01 -1.27978E+01 -3.56836E+00  0.00000E+00  0.00000E+00
    2.5150E+01 -1.34232E+01 -3.88109E+00  0.00000E+00  0.00000E+00
    2.5253E+01 -1.35590E+01 -3.90251E+00  0.00000E+00  0.00000E+00
    2.5356E+01 -1.37078E+01 -3.97694E+00  0.00000E+00  0.00000E+00
    2.5460E+01 -1.42662E+01 -4.00114E+00  0.00000E+00  0.00000E+00
    2.5563E+01 -1.48186E+01 -4.36741E+00  0.00000E+00  0.00000E+00
    2.5666E+01 -1.48394E+01 -4.36741E+00  0.00000E+00  0.00000E+00
    2.5769E+01 -1.48394E+01 -4.36741E+00  0.00000E+00  0.00000E+00
    2.5872E+01 -1.52138E+01 -4.64820E+00  0.00000E+00  0.00000E+00
    2.5975E+01 -1.53064E+01 -4.65420E+00  0.00000E+00  0.00000E+00
    2.6078E+01 -1.55366E+01 -4.66993E+00  0.00000E+00  0.00000E+00
    2.6181E+01 -1.55801E+01 -4.68585E+00  0.00000E+00  0.00000E+00
    2.6284E+01 -1.61851E+01 -5.05053E+00  0.00000E+00  0.00000E+00
    2.6387E+01 -1.67081E+01 -5.40104E+00  0.00000E+00  0.00000E+00
    2.6490E+01 -1.69016E+01 -5.46173E+00  0.00000E+00  0.00000E+00
    2.6593E+01 -1.69016E+01 -5.46173E+00  0.00000E+00  0.00000E+00
    2.6696E+01 -1.70377E+01 -5.52975E+00  0.00000E+00  0.00000E+00
    2.6799E+01 -1.71786E+01 -5.56499E+00  0.00000E+00  0.00000E+00
    2.6903E+01 -1.74963E+01 -5.80326E+00  0.00000E+00  0.00000E+00
    2.7006E+01 -1.74963E+01 -5.80326E+00  0.00000E+00  0.00000E+00
    2.7109E+01 -1.77169E+01 -6.01858E+00  0.00000E+00  0.00000E+00
    2.7212E+01 -1.81108E+01 -6.31400E+00  0.00000E+00  0.00000E+00
    2.7315E+01 -1.82154E+01 -6.34016E+00  0.00000E+00  0.00000E+00
    2.7418E+01 -1.94787E+01 -6.73007E+00  0.00000E+00  0.00000E+00
    2.7521E+01 -1.96921E+01 -6.83673E+00  0.00000E+00  0.00000E+00
    2.7624E+01 -1.96921E+01 -6.83673E+00  0.00000E+00  0.00000E+00
    2.7727E+01 -2.03440E+01 -7.04672E+00  0.00000E+00  0.00000E+00
    2.7830E+01 -2.03440E+01 -7.04672E+00  0.00000E+00  0.00000E+00
    2.7933E+01 -2.04932E+01 -7.15867E+00  0.00000E+00  0.00000E+00
    2.8036E+01 -2.04932E+01 -7.15867E+00  0.00000E+00  0.00000E+00
    2.8139E+01 -2.09565E+01 -7.15867E+00  0.00000E+00  0.00000E+00
    2.8243E+01 -2.09565E+01 -7.15867E+00  0.00000E+00  0.00000E+00
    2.8346E+01 -2.09565E+01 -7.15867E+00  0.00000E+00  0.00000E+00
    2.8449E+01 -2.16600E+01 -7.48049E+00  0.00000E+00  0.00000E+00
    2.8552E+01 -2.19223E+01 -7.74281E+00  0.00000E+00  0.00000E+00
    2.8655E+01 -2.26304E+01 -7.74281E+00  0.00000E+00  0.00000E+00
    2.8758E+01 -2.26304E+01 -7.74281E+00  0.00000E+00  0.00000E+00
    2.8861E+01 -2.35352E+01 -7.74281E+00  0.00000E+00  0.00000E+00
    2.8964E+01 -2.35352E+01 -7.74281E+00  0.00000E+00  0.00000E+00
    2.9067E+01 -2.44039E+01 -8.39435E+00  0.00000E+00  0.00000E+00
    2.9170E+01 -2.54602E+01 -8.39435E+00  0.00000E+00  0.00000E+00
    2.9273E+01 -2.54602E+01 -8.39435E+00  0.00000E+00  0.00000E+00
    2.9376E+01 -2.54602E+01 -8.39435E+00  0.00000E+00  0.00000E+00
    2.9479E+01 -2.57676E+01 -8.39435E+00  0.00000E+00  0.00000E+00
    2.9583E+01 -2.57676E+01 -8.39435E+00  0.00000E+00  0.00000E+00
    2.9686E+01 -2.62436E+01 -8.68690E+00  0.00000E+00  0.00000E+00
    2.9789E+01 -2.62436E+01 -8.68690E+00  0.00000E+00  0.00000E+00
    2.9892E+01 -2.64309E+01 -8.78053E+00  0.00000E+00  0.00000E+00
    2.9995E+01 -2.70172E+01 -9.22028E+00  0.00000E+00  0.00000E+00
    3.0098E+01 -2.70172E+01 -9.22028E+00  0.00000E+00  0.00000E+00
    3.0201E+01 -2.70172E+01 -9.22028E+00  0.00000E+00  0.00000E+00
    3.0304E+01 -2.70172E+01 -9.22028E+00  0.00000E+00  0.00000E+00
    3.0407E+01 -2.81639E+01 -9.94410E+00  0.00000E+00  0.00000E+00
    3.0510E+01 -2.93396E+01 -1.03254E+01  0.00000E+00  0.00000E+00
    3.0613E+01 -2.93396E+01 -1.03254E+01  0.00000E+00  0.00000E+00
    3.0716E+01 -2.93396E+01 -1.03254E+01  0.00000E+00  0.00000E+00
    3.0819E+01 -2.93396E+01 -1.03254E+01  0.00000E+00  0.00000E+00
    3.0922E+01 -3.17048E+01 -1.15605E+01  0.00000E+00  0.00000E+00
    3.1026E+01 -3.24116E+01 -1.15605E+01  0.00000E+00  0.00000E+00
    3.1129E+01 -3.24116E+01 -1.15605E+01  0.00000E+00  0.00000E+00
    3.1232E+01 -3.24116E+01 -1.15605E+01  0.00000E+00  0.00000E+00
    3.1335E+01 -3.24116E+01 -1.15605E+01  0.00000E+00  0.00000E+00
    3.1438E+01 -3.24116E+01 -1.15605E+01  0.00000E+00  0.00000E+00
    3.1541E+01 -3.28702E+01 -1.16751E+01  0.00000E+00  0.00000E+00
    3.1644E+01 -3.28702E+01 -1.16751E+01  0.00000E+00  0.00000E+00
    3.1747E+01 -3.38087E+01 -1.16751E+01  0.00000E+00  0.00000E+00
    3.1850E+01 -3.38087E+01 -1.16751E+01  0.00000E+00  0.00000E+00
    3.1953E+01 -3.38087E+01 -1.16751E+01  0.00000E+00  0.00000E+00
    3.2056E+01 -3.41889E+01 -1.18652E+01  0.00000E+00  0.00000E+00
    3.2159E+01 -3.41889E+01 -1.18652E+01  0.00000E+00  0.00000E+00
    3.2262E+01 -3.49547E+01 -1.26310E+01  0.00000E+00  0.00000E+00
    3.2366E+01 -3.49547E+01 -1.26310E+01  0.00000E+00  0.00000E+00
    3.2469E+01 -3.61905E+01 -1.38669E+01  0.00000E+00  0.00000E+00
    3.2572E+01 -3.61905E+01 -1.38669E+01  0.00000E+00  0.00000E+00
    3.2675E+01 -3.61905E+01 -1.38669E+01  0.00000E+00  0.00000E+00
    3.2778E+01 -3.61905E+01 -1.38669E+01  0.00000E+00  0.00000E+00
    3.2881E+01 -3.61905E+01 -1.38669E+01  0.00000E+00  0.00000E+00
    3.2984E+01 -3.70681E+01 -1.38669E+01  0.00000E+00  0.00000E+00
    3.3087E+01 -3.70681E+01 -1.38669E+01  0.00000E+00  0.00000E+00
    3.3190E+01 -3.70681E+01 -1.38669E+01  0.00000E+00  0.00000E+00
    3.3293E+01 -3.74237E+01 -1.39558E+01  0.00000E+00  0.00000E+00
    3.3396E+01 -3.89630E+01 -1.49224E+01  0.00000E+00  0.00000E+00
    3.3499E+01 -3.89630E+01 -1.49224E+01  0.00000E+00  0.00000E+00
    3.3602E+01 -3.89630E+01 -1.49224E+01  0.00000E+00  0.00000E+00
    3.3706E+01 -3.89630E+01 -1.49224E+01  0.00000E+00  0.00000E+00
    3.3809E+01 -3.89630E+01 -1.49224E+01  0.00000E+00  0.00000E+00
    3.3912E+01 -4.09546E+01 -1.66210E+01  0.00000E+00  0.00000E+00
    3.4015E+01 -4.15352E+01 -1.66210E+01  0.00000E+00  0.00000E+00
    3.4118E+01 -4.26220E+01 -1.75751E+01  0.00000E+00  0.00000E+00
    3.4221E+01 -4.26220E+01 -1.75751E+01  0.00000E+00  0.00000E+00
    3.4324E+01 -4.26220E+01 -1.75751E+01  0.00000E+00  0.00000E+00
    3.4427E+01 -4.26220E+01 -1.75751E+01  0.00000E+00  0.00000E+00
    3.4530E+01 -4.34254E+01 -1.79768E+01  0.00000E+00  0.00000E+00
    3.4633E+01 -4.34254E+01 -1.79768E+01  0.00000E+00  0.00000E+00
    3.4736E+01 -4.39058E+01 -1.84572E+01  0.00000E+00  0.00000E+00
    3.4839E+01 -4.39058E+01 -1.84572E+01  0.00000E+00  0.00000E+00
    3.4942E+01 -4.47913E+01 -1.91213E+01  0.00000E+00  0.00000E+00
    3.5045E+01 -4.66537E+01 -2.05181E+01  0.00000E+00  0.00000E+00
    3.5149E+01 -4.75292E+01 -2.07370E+01  0.00000E+00  0.00000E+00
    3.5252E+01 -4.75292E+01 -2.07370E+01  0.00000E+00  0.00000E+00
    3.5355E+01 -4.90659E+01 -2.22736E+01  0.00000E+00  0.00000E+00
    3.5458E+01 -4.90659E+01 -2.22736E+01  0.00000E+00  0.00000E+00
    3.5561E+01 -4.97680E+01 -2.24492E+01  0.00000E+00  0.00000E+00
    3.5664E+01 -4.97680E+01 -2.24492E+01  0.00000E+00  0.00000E+00
    3.5767E+01 -5.02933E+01 -2.29745E+01  0.00000E+00  0.00000E+00
    3.5870E+01 -5.02933E+01 -2.29745E+01  0.00000E+00  0.00000E+00
    3.5973E+01 -5.02933E+01 -2.29745E+01  0.00000E+00  0.00000E+00
    3.6076E+01 -5.08769E+01 -2.34121E+01  0.00000E+00  0.00000E+00
    3.6179E+01 -5.08769E+01 -2.34121E+01  0.00000E+00  0.00000E+00
    3.6282E+01 -5.08769E+01 -2.34121E+01  0.00000E+00  0.00000E+00
    3.6385E+01 -5.08769E+01 -2.34121E+01  0.00000E+00  0.00000E+00
    3.6489E+01 -5.12367E+01 -2.34121E+01  0.00000E+00  0.00000E+00
    3.6592E+01 -5.12367E+01 -2.34121E+01  0.00000E+00  0.00000E+00
    3.6695E+01 -5.33951E+01 -2.52710E+01  0.00000E+00  0.00000E+00
    3.6798E+01 -5.38093E+01 -2.54781E+01  0.00000E+00  0.00000E+00
    3.6901E+01 -5.63449E+01 -2.67459E+01  0.00000E+00  0.00000E+00
    3.7004E+01 -5.63449E+01 -2.67459E+01  0.00000E+00  0.00000E+00
    3.7107E+01 -6.02008E+01 -2.89451E+01  0.00000E+00  0.00000E+00
    3.7210E+01 -6.02008E+01 -2.89451E+01  0.00000E+00  0.00000E+00
    3.7313E+01 -6.02008E+01 -2.89451E+01  0.00000E+00  0.00000E+00
    3.7416E+01 -6.28318E+01 -3.06392E+01  0.00000E+00  0.00000E+00
    3.7519E+01 -6.48244E+01 -3.19416E+01  0.00000E+00  0.00000E+00
    3.7622E+01 -6.66086E+01 -3.32798E+01  0.00000E+00  0.00000E+00
    3.7725E+01 -6.74199E+01 -3.38883E+01  0.00000E+00  0.00000E+00
    3.7829E+01 -6.74199E+01 -3.38883E+01  0.00000E+00  0.00000E+00
    3.7932E+01 -6.74199E+01 -3.38883E+01  0.00000E+00  0.00000E+00
    3.8035E+01 -6.98820E+01 -3.60771E+01  0.00000E+00  0.00000E+00
    3.8138E+01 -7.08445E+01 -3.67990E+01  0.00000E+00  0.00000E+00
    3.8241E+01 -7.08445E+01 -3.67990E+01  0.00000E+00  0.00000E+00
    3.8344E+01 -7.14668E+01 -3.74213E+01  0.00000E+00  0.00000E+00
    3.8447E+01 -7.14668E+01 -3.74213E+01  0.00000E+00  0.00000E+00
    3.8550E+01 -7.14668E+01 -3.74213E+01  0.00000E+00  0.00000E+00
    3.8653E+01 -7.14668E+01 -3.74213E+01  0.00000E+00  0.00000E+00
    3.8756E+01 -7.14668E+01 -3.74213E+01  0.00000E+00  0.00000E+00
    3.8859E+01 -7.14668E+01 -3.74213E+01  0.00000E+00  0.00000E+00
    3.8962E+01 -7.14668E+01 -3.74213E+01  0.00000E+00  0.00000E+00
    3.9065E+01 -7.32943E+01 -3.83350E+01  0.00000E+00  0.00000E+00
    3.9168E+01 -7.32943E+01 -3.83350E+01  0.00000E+00  0.00000E+00
    3.9272E+01 -7.32943E+01 -3.83350E+01  0.00000E+00  0.00000E+00
    3.9375E+01 -7.32943E+01 -3.83350E+01  0.00000E+00  0.00000E+00
    3.9478E+01 -7.59755E+01 -4.03459E+01  0.00000E+00  0.00000E+00
    3.9581E+01 -7.59755E+01 -4.03459E+01  0.00000E+00  0.00000E+00
    3.9684E+01 -7.59755E+01 -4.03459E+01  0.00000E+00  0.00000E+00
    3.9787E+01 -7.75685E+01 -4.11425E+01  0.00000E+00  0.00000E+00
    3.9890E+01 -7.75685E+01 -4.11425E+01  0.00000E+00  0.00000E+00
    3.9993E+01 -7.75685E+01 -4.11425E+01  0.00000E+00  0.00000E+00
    4.0096E+01 -7.75685E+01 -4.11425E+01  0.00000E+00  0.00000E+00
    4.0199E+01 -7.75685E+01 -4.11425E+01  0.00000E+00  0.00000E+00
    4.0302E+01 -7.75685E+01 -4.11425E+01  0.00000E+00  0.00000E+00
    4.0405E+01 -7.75685E+01 -4.11425E+01  0.00000E+00  0.00000E+00
    4.0508E+01 -7.75685E+01 -4.11425E+01  0.00000E+00  0.00000E+00
    4.0612E+01 -7.75685E+01 -4.11425E+01  0.00000E+00  0.00000E+00
    4.0715E+01 -7.75685E+01 -4.11425E+01  0.00000E+00  0.00000E+00
    4.0818E+01 -7.75685E+01 -4.11425E+01  0.00000E+00  0.00000E+00
    4.0921E+01 -7.75685E+01 -4.11425E+01  0.00000E+00  0.00000E+00
    4.1024E+01 -7.75685E+01 -4.11425E+01  0.00000E+00  0.00000E+00
    4.1127E+01 -7.75685E+01 -4.11425E+01  0.00000E+00  0.00000E+00
    4.1230E+01 -7.75685E+01 -4.11425E+01  0.00000E+00  0.00000E+00
    4.1333E+01 -7.75685E+01 -4.11425E+01  0.00000E+00  0.00000E+00
    4.1436E+01 -7.75685E+01 -4.11425E+01  0.00000E+00  0.00000E+00
    4.1539E+01 -7.75685E+01 -4.11425E+01  0.00000E+00  0.00000E+00
    4.1642E+01 -7.75685E+01 -4.11425E+01  0.00000E+00  0.00000E+00
    4.1745E+01 -7.75685E+01 -4.11425E+01  0.00000E+00  0.00000E+00
    4.1848E+01 -7.88236E+01 -4.17700E+01  0.00000E+00  0.00000E+00
    4.1952E+01 -7.88236E+01 -4.17700E+01  0.00000E+00  0.00000E+00
    4.2055E+01 -7.88236E+01 -4.17700E+01  0.00000E+00  0.00000E+00
    4.2158E+01 -7.88236E+01 -4.17700E+01  0.00000E+00  0.00000E+00
    4.2261E+01 -8.15787E+01 -4.45251E+01  0.00000E+00  0.00000E+00
    4.2364E+01 -8.15787E+01 -4.45251E+01  0.00000E+00  0.00000E+00
    4.2467E+01 -8.15787E+01 -4.45251E+01  0.00000E+00  0.00000E+00
    4.2570E+01 -8.15787E+01 -4.45251E+01  0.00000E+00  0.00000E+00
    4.2673E+01 -8.36656E+01 -4.60903E+01  0.00000E+00  0.00000E+00
    4.2776E+01 -8.36656E+01 -4.60903E+01  0.00000E+00  0.00000E+00
    4.2879E+01 -8.36656E+01 -4.60903E+01  0.00000E+00  0.00000E+00
    4.2982E+01 -8.50783E+01 -4.71498E+01  0.00000E+00  0.00000E+00
    4.3085E+01 -8.50783E+01 -4.71498E+01  0.00000E+00  0.00000E+00
    4.3188E+01 -8.50783E+01 -4.71498E+01  0.00000E+00  0.00000E+00
    4.3291E+01 -8.50783E+01 -4.71498E+01  0.00000E+00  0.00000E+00
    4.3395E+01 -8.50783E+01 -4.71498E+01  0.00000E+00  0.00000E+00
    4.3498E+01 -8.50783E+01 -4.71498E+01  0.00000E+00  0.00000E+00
    4.3601E+01 -8.50783E+01 -4.71498E+01  0.00000E+00  0.00000E+00
    4.3704E+01 -8.50783E+01 -4.71498E+01  0.00000E+00  0.00000E+00
    4.3807E+01 -8.50783E+01 -4.71498E+01  0.00000E+00  0.00000E+00
    4.3910E+01 -8.75589E+01 -4.83901E+01  0.00000E+00  0.00000E+00
    4.4013E+01 -8.75589E+01 -4.83901E+01  0.00000E+00  0.00000E+00
    4.4116E+01 -8.75589E+01 -4.83901E+01  0.00000E+00  0.00000E+00
    4.4219E+01 -8.75589E+01 -4.83901E+01  0.00000E+00  0.00000E+00
    4.4322E+01 -8.75589E+01 -4.83901E+01  0.00000E+00  0.00000E+00
    4.4425E+01 -8.75589E+01 -4.83901E+01  0.00000E+00  0.00000E+00
    4.4528E+01 -8.75589E+01 -4.83901E+01  0.00000E+00  0.00000E+00
    4.4631E+01 -8.75589E+01 -4.83901E+01  0.00000E+00  0.00000E+00
    4.4735E+01 -8.75589E+01 -4.83901E+01  0.00000E+00  0.00000E+00
    4.4838E+01 -8.75589E+01 -4.83901E+01  0.00000E+00  0.00000E+00
    4.4941E+01 -8.75589E+01 -4.83901E+01  0.00000E+00  0.00000E+00
    4.5044E+01 -8.75589E+01 -4.83901E+01  0.00000E+00  0.00000E+00
    4.5147E+01 -8.75589E+01 -4.83901E+01  0.00000E+00  0.00000E+00
    4.5250E+01 -8.75589E+01 -4.83901E+01  0.00000E+00  0.00000E+00
    4.5353E+01 -8.75589E+01 -4.83901E+01  0.00000E+00  0.00000E+00
    4.5456E+01 -8.81802E+01 -4.90114E+01  0.00000E+00  0.00000E+00
    4.5559E+01 -9.12336E+01 -5.20648E+01  0.00000E+00  0.00000E+00
    4.5662E+01 -9.31902E+01 -5.30431E+01  0.00000E+00  0.00000E+00
    4.5765E+01 -9.64902E+01 -5.55181E+01  0.00000E+00  0.00000E+00
    4.5868E+01 -9.64902E+01 -5.55181E+01  0.00000E+00  0.00000E+00
    4.5971E+01 -9.64902E+01 -5.55181E+01  0.00000E+00  0.00000E+00
    4.6075E+01 -9.96966E+01 -5.87244E+01  0.00000E+00  0.00000E+00
    4.6178E+01 -9.96966E+01 -5.87244E+01  0.00000E+00  0.00000E+00
    4.6281E+01 -1.03179E+02 -6.22064E+01  0.00000E+00  0.00000E+00
    4.6384E+01 -1.07162E+02 -6.61898E+01  0.00000E+00  0.00000E+00
    4.6487E+01 -1.07162E+02 -6.61898E+01  0.00000E+00  0.00000E+00
    4.6590E+01 -1.10427E+02 -6.94548E+01  0.00000E+00  0.00000E+00
    4.6693E+01 -1.10427E+02 -6.94548E+01  0.00000E+00  0.00000E+00
    4.6796E+01 -1.10427E+02 -6.94548E+01  0.00000E+00  0.00000E+00
    4.6899E+01 -1.10427E+02 -6.94548E+01  0.00000E+00  0.00000E+00
    4.7002E+01 -1.10427E+02 -6.94548E+01  0.00000E+00  0.00000E+00
    4.7105E+01 -1.10427E+02 -6.94548E+01  0.00000E+00  0.00000E+00
    4.7208E+01 -1.10427E+02 -6.94548E+01  0.00000E+00  0.00000E+00
    4.7311E+01 -1.10427E+02 -6.94548E+01  0.00000E+00  0.00000E+00
    4.7414E+01 -1.10427E+02 -6.94548E+01  0.00000E+00  0.00000E+00
    4.7518E+01 -1.10427E+02 -6.94548E+01  0.00000E+00  0.00000E+00
    4.7621E+01 -1.10427E+02 -6.94548E+01  0.00000E+00  0.00000E+00
    4.7724E+01 -1.10427E+02 -6.94548E+01  0.00000E+00  0.00000E+00
    4.7827E+01 -1.14115E+02 -7.31424E+01  0.00000E+00  0.00000E+00
    4.7930E+01 -1.14115E+02 -7.31424E+01  0.00000E+00  0.00000E+00
    4.8033E+01 -1.14115E+02 -7.31424E+01  0.00000E+00  0.00000E+00
    4.8136E+01 -1.14115E+02 -7.31424E+01  0.00000E+00  0.00000E+00
    4.8239E+01 -1.16330E+02 -7.53580E+01  0.00000E+00  0.00000E+00
    4.8342E+01 -1.16330E+02 -7.53580E+01  0.00000E+00  0.00000E+00
    4.8445E+01 -1.16330E+02 -7.53580E+01  0.00000E+00  0.00000E+00
    4.8548E+01 -1.16330E+02 -7.53580E+01  0.00000E+00  0.00000E+00
    4.8651E+01 -1.16330E+02 -7.53580E+01  0.00000E+00  0.00000E+00
    4.8754E+01 -1.16330E+02 -7.53580E+01  0.00000E+00  0.00000E+00
    4.8858E+01 -1.18652E+02 -7.70995E+01  0.00000E+00  0.00000E+00
    4.8961E+01 -1.18652E+02 -7.70995E+01  0.00000E+00  0.00000E+00
    4.9064E+01 -1.18652E+02 -7.70995E+01  0.00000E+00  0.00000E+00
    4.9167E+01 -1.18652E+02 -7.70995E+01  0.00000E+00  0.00000E+00
    4.9270E+01 -1.18652E+02 -7.70995E+01  0.00000E+00  0.00000E+00
    4.9373E+01 -1.23235E+02 -8.16822E+01  0.00000E+00  0.00000E+00
    4.9476E+01 -1.23235E+02 -8.16822E+01  0.00000E+00  0.00000E+00
    4.9579E+01 -1.25471E+02 -8.39187E+01  0.00000E+00  0.00000E+00
    4.9682E+01 -1.25471E+02 -8.39187E+01  0.00000E+00  0.00000E+00
    4.9785E+01 -1.25471E+02 -8.39187E+01  0.00000E+00  0.00000E+00
    4.9888E+01 -1.25471E+02 -8.39187E+01  0.00000E+00  0.00000E+00
    4.9991E+01 -1.25471E+02 -8.39187E+01  0.00000E+00  0.00000E+00
    5.0094E+01 -1.25471E+02 -8.39187E+01  0.00000E+00  0.00000E+00
    5.0198E+01 -1.25471E+02 -8.39187E+01  0.00000E+00  0.00000E+00
    5.0301E+01 -1.25471E+02 -8.39187E+01  0.00000E+00  0.00000E+00
    5.0404E+01 -1.25471E+02 -8.39187E+01  0.00000E+00  0.00000E+00
    5.0507E+01 -1.25471E+02 -8.39187E+01  0.00000E+00  0.00000E+00
    5.0610E+01 -1.30557E+02 -8.74531E+01  0.00000E+00  0.00000E+00
    5.0713E+01 -1.30557E+02 -8.74531E+01  0.00000E+00  0.00000E+00
    5.0816E+01 -1.30557E+02 -8.74531E+01  0.00000E+00  0.00000E+00
    5.0919E+01 -1.30557E+02 -8.74531E+01  0.00000E+00  0.00000E+00
    5.1022E+01 -1.30557E+02 -8.74531E+01  0.00000E+00  0.00000E+00
    5.1125E+01 -1.30557E+02 -8.74531E+01  0.00000E+00  0.00000E+00
    5.1228E+01 -1.30557E+02 -8.74531E+01  0.00000E+00  0.00000E+00
    5.1331E+01 -1.30557E+02 -8.74531E+01  0.00000E+00  0.00000E+00
    5.1434E+01 -1.30557E+02 -8.74531E+01  0.00000E+00  0.00000E+00
    5.1537E+01 -1.30557E+02 -8.74531E+01  0.00000E+00  0.00000E+00
    5.1641E+01 -1.30557E+02 -8.74531E+01  0.00000E+00  0.00000E+00
    5.1744E+01 -1.30557E+02 -8.74531E+01  0.00000E+00  0.00000E+00
    5.1847E+01 -1.30557E+02 -8.74531E+01  0.00000E+00  0.00000E+00
    5.1950E+01 -1.30557E+02 -8.74531E+01  0.00000E+00  0.00000E+00
    5.2053E+01 -1.30557E+02 -8.74531E+01  0.00000E+00  0.00000E+00
    5.2156E+01 -1.30557E+02 -8.74531E+01  0.00000E+00  0.00000E+00
    5.2259E+01 -1.30557E+02 -8.74531E+01  0.00000E+00  0.00000E+00
    5.2362E+01 -1.30557E+02 -8.74531E+01  0.00000E+00  0.00000E+00
    5.2465E+01 -1.30557E+02 -8.74531E+01  0.00000E+00  0.00000E+00
    5.2568E+01 -1.30557E+02 -8.74531E+01  0.00000E+00  0.00000E+00
    5.2671E+01 -1.30557E+02 -8.74531E+01  0.00000E+00  0.00000E+00
    5.2774E+01 -1.30557E+02 -8.74531E+01  0.00000E+00  0.00000E+00
    5.2877E+01 -1.30557E+02 -8.74531E+01  0.00000E+00  0.00000E+00
    5.2981E+01 -1.30557E+02 -8.74531E+01  0.00000E+00  0.00000E+00
    5.3084E+01 -1.30557E+02 -8.74531E+01  0.00000E+00  0.00000E+00
    5.3187E+01 -1.30557E+02 -8.74531E+01  0.00000E+00  0.00000E+00
    5.3290E+01 -1.30557E+02 -8.74531E+01  0.00000E+00  0.00000E+00
    5.3393E+01 -1.30557E+02 -8.74531E+01  0.00000E+00  0.00000E+00
    5.3496E+01 -1.30557E+02 -8.74531E+01  0.00000E+00  0.00000E+00
    5.3599E+01 -1.30557E+02 -8.74531E+01  0.00000E+00  0.00000E+00
    5.3702E+01 -1.30557E+02 -8.74531E+01  0.00000E+00  0.00000E+00
    5.3805E+01 -1.30557E+02 -8.74531E+01  0.00000E+00  0.00000E+00
    5.3908E+01 -1.30557E+02 -8.74531E+01  0.00000E+00  0.00000E+00
    5.4011E+01 -1.34132E+02 -9.10285E+01  0.00000E+00  0.00000E+00
    5.4114E+01 -1.34132E+02 -9.10285E+01  0.00000E+00  0.00000E+00
    5.4217E+01 -1.36639E+02 -9.22819E+01  0.00000E+00  0.00000E+00
    5.4321E+01 -1.36639E+02 -9.22819E+01  0.00000E+00  0.00000E+00
    5.4424E+01 -1.36639E+02 -9.22819E+01  0.00000E+00  0.00000E+00
    5.4527E+01 -1.36639E+02 -9.22819E+01  0.00000E+00  0.00000E+00
    5.4630E+01 -1.36639E+02 -9.22819E+01  0.00000E+00  0.00000E+00
    5.4733E+01 -1.37112E+02 -9.27544E+01  0.00000E+00  0.00000E+00
    5.4836E+01 -1.37112E+02 -9.27544E+01  0.00000E+00  0.00000E+00
    5.4939E+01 -1.37112E+02 -9.27544E+01  0.00000E+00  0.00000E+00
    5.5042E+01 -1.37112E+02 -9.27544E+01  0.00000E+00  0.00000E+00
    5.5145E+01 -1.37112E+02 -9.27544E+01  0.00000E+00  0.00000E+00
    5.5248E+01 -1.37112E+02 -9.27544E+01  0.00000E+00  0.00000E+00
    5.5351E+01 -1.41737E+02 -9.73802E+01  0.00000E+00  0.00000E+00
    5.5454E+01 -1.41737E+02 -9.73802E+01  0.00000E+00  0.00000E+00
    5.5557E+01 -1.41737E+02 -9.73802E+01  0.00000E+00  0.00000E+00
    5.5660E+01 -1.47144E+02 -1.01435E+02  0.00000E+00  0.00000E+00
    5.5764E+01 -1.54455E+02 -1.08081E+02  0.00000E+00  0.00000E+00
    5.5867E+01 -1.54455E+02 -1.08081E+02  0.00000E+00  0.00000E+00
    5.5970E+01 -1.54455E+02 -1.08081E+02  0.00000E+00  0.00000E+00
    5.6073E+01 -1.54455E+02 -1.08081E+02  0.00000E+00  0.00000E+00
    5.6176E+01 -1.54455E+02 -1.08081E+02  0.00000E+00  0.00000E+00
    5.6279E+01 -1.54455E+02 -1.08081E+02  0.00000E+00  0.00000E+00
    5.6382E+01 -1.54455E+02 -1.08081E+02  0.00000E+00  0.00000E+00
    5.6485E+01 -1.54455E+02 -1.08081E+02  0.00000E+00  0.00000E+00
    5.6588E+01 -1.60709E+02 -1.14335E+02  0.00000E+00  0.00000E+00
    5.6691E+01 -1.60709E+02 -1.14335E+02  0.00000E+00  0.00000E+00
    5.6794E+01 -1.60709E+02 -1.14335E+02  0.00000E+00  0.00000E+00
    5.6897E+01 -1.60709E+02 -1.14335E+02  0.00000E+00  0.00000E+00
    5.7000E+01 -1.60709E+02 -1.14335E+02  0.00000E+00  0.00000E+00
    5.7104E+01 -1.60709E+02 -1.14335E+02  0.00000E+00  0.00000E+00
    5.7207E+01 -1.60709E+02 -1.14335E+02  0.00000E+00  0.00000E+00
    5.7310E+01 -1.60709E+02 -1.14335E+02  0.00000E+00  0.00000E+00
    5.7413E+01 -1.60709E+02 -1.14335E+02  0.00000E+00  0.00000E+00
    5.7516E+01 -1.60709E+02 -1.14335E+02  0.00000E+00  0.00000E+00
    5.7619E+01 -1.60709E+02 -1.14335E+02  0.00000E+00  0.00000E+00
    5.7722E+01 -1.60709E+02 -1.14335E+02  0.00000E+00  0.00000E+00
    5.7825E+01 -1.60709E+02 -1.14335E+02  0.00000E+00  0.00000E+00
    5.7928E+01 -1.60709E+02 -1.14335E+02  0.00000E+00  0.00000E+00
    5.8031E+01 -1.60709E+02 -1.14335E+02  0.00000E+00  0.00000E+00
    5.8134E+01 -1.60709E+02 -1.14335E+02  0.00000E+00  0.00000E+00
    5.8237E+01 -1.60709E+02 -1.14335E+02  0.00000E+00  0.00000E+00
    5.8340E+01 -1.60709E+02 -1.14335E+02  0.00000E+00  0.00000E+00
    5.8444E+01 -1.60709E+02 -1.14335E+02  0.00000E+00  0.00000E+00
    5.8547E+01 -1.60709E+02 -1.14335E+02  0.00000E+00  0.00000E+00
    5.8650E+01 -1.60709E+02 -1.14335E+02  0.00000E+00  0.00000E+00
    5.8753E+01 -1.60709E+02 -1.14335E+02  0.00000E+00  0.00000E+00
    5.8856E+01 -1.66570E+02 -1.17266E+02  0.00000E+00  0.00000E+00
    5.8959E+01 -1.71872E+02 -1.22568E+02  0.00000E+00  0.00000E+00
    5.9062E+01 -1.71872E+02 -1.22568E+02  0.00000E+00  0.00000E+00
    5.9165E+01 -1.71872E+02 -1.22568E+02  0.00000E+00  0.00000E+00
    5.9268E+01 -1.71872E+02 -1.22568E+02  0.00000E+00  0.00000E+00
    5.9371E+01 -1.71872E+02 -1.22568E+02  0.00000E+00  0.00000E+00
    5.9474E+01 -1.71872E+02 -1.22568E+02  0.00000E+00  0.00000E+00
    5.9577E+01 -1.71872E+02 -1.22568E+02  0.00000E+00  0.00000E+00
    5.9680E+01 -1.71872E+02 -1.22568E+02  0.00000E+00  0.00000E+00
    5.9783E+01 -1.71872E+02 -1.22568E+02  0.00000E+00  0.00000E+00
    5.9887E+01 -1.71872E+02 -1.22568E+02  0.00000E+00  0.00000E+00
    5.9990E+01 -1.71872E+02 -1.22568E+02  0.00000E+00  0.00000E+00
    6.0093E+01 -1.71872E+02 -1.22568E+02  0.00000E+00  0.00000E+00
    6.0196E+01 -1.71872E+02 -1.22568E+02  0.00000E+00  0.00000E+00
    6.0299E+01 -1.76128E+02 -1.26823E+02  0.00000E+00  0.00000E+00
    6.0402E+01 -1.76128E+02 -1.26823E+02  0.00000E+00  0.00000E+00
    6.0505E+01 -1.76128E+02 -1.26823E+02  0.00000E+00  0.00000E+00
    6.0608E+01 -1.76128E+02 -1.26823E+02  0.00000E+00  0.00000E+00
    6.0711E+01 -1.76128E+02 -1.26823E+02  0.00000E+00  0.00000E+00
    6.0814E+01 -1.79669E+02 -1.30365E+02  0.00000E+00  0.00000E+00
    6.0917E+01 -1.79669E+02 -1.30365E+02  0.00000E+00  0.00000E+00
    6.1020E+01 -1.79669E+02 -1.30365E+02  0.00000E+00  0.00000E+00
    6.1123E+01 -1.86537E+02 -1.37232E+02  0.00000E+00  0.00000E+00
    6.1227E+01 -1.86537E+02 -1.37232E+02  0.00000E+00  0.00000E+00
    6.1330E+01 -1.86537E+02 -1.37232E+02  0.00000E+00  0.00000E+00
    6.1433E+01 -1.86537E+02 -1.37232E+02  0.00000E+00  0.00000E+00
    6.1536E+01 -1.86537E+02 -1.37232E+02  0.00000E+00  0.00000E+00
    6.1639E+01 -1.86537E+02 -1.37232E+02  0.00000E+00  0.00000E+00
    6.1742E+01 -1.86537E+02 -1.37232E+02  0.00000E+00  0.00000E+00
    6.1845E+01 -1.86537E+02 -1.37232E+02  0.00000E+00  0.00000E+00
    6.1948E+01 -1.86537E+02 -1.37232E+02  0.00000E+00  0.00000E+00
    6.2051E+01 -1.86537E+02 -1.37232E+02  0.00000E+00  0.00000E+00
    6.2154E+01 -1.86537E+02 -1.37232E+02  0.00000E+00  0.00000E+00
    6.2257E+01 -1.86537E+02 -1.37232E+02  0.00000E+00  0.00000E+00
    6.2360E+01 -1.86537E+02 -1.37232E+02  0.00000E+00  0.00000E+00
    6.2463E+01 -1.86537E+02 -1.37232E+02  0.00000E+00  0.00000E+00
    6.2567E+01 -1.86537E+02 -1.37232E+02  0.00000E+00  0.00000E+00
    6.2670E+01 -1.86537E+02 -1.37232E+02  0.00000E+00  0.00000E+00
    6.2773E+01 -1.86537E+02 -1.37232E+02  0.00000E+00  0.00000E+00
    6.2876E+01 -1.86537E+02 -1.37232E+02  0.00000E+00  0.00000E+00
    6.2979E+01 -1.86537E+02 -1.37232E+02  0.00000E+00  0.00000E+00
    6.3082E+01 -1.86537E+02 -1.37232E+02  0.00000E+00  0.00000E+00
    6.3185E+01 -1.86537E+02 -1.37232E+02  0.00000E+00  0.00000E+00
    6.3288E+01 -1.86537E+02 -1.37232E+02  0.00000E+00  0.00000E+00
    6.3391E+01 -1.86537E+02 -1.37232E+02  0.00000E+00  0.00000E+00
    6.3494E+01 -1.86537E+02 -1.37232E+02  0.00000E+00  0.00000E+00
    6.3597E+01 -1.86537E+02 -1.37232E+02  0.00000E+00  0.00000E+00
    6.3700E+01 -1.86537E+02 -1.37232E+02  0.00000E+00  0.00000E+00
    6.3803E+01 -1.86537E+02 -1.37232E+02  0.00000E+00  0.00000E+00
    6.3906E+01 -1.86537E+02 -1.37232E+02  0.00000E+00  0.00000E+00
    6.4010E+01 -1.86537E+02 -1.37232E+02  0.00000E+00  0.00000E+00
    6.4113E+01 -1.86537E+02 -1.37232E+02  0.00000E+00  0.00000E+00
    6.4216E+01 -1.86537E+02 -1.37232E+02  0.00000E+00  0.00000E+00
    6.4319E+01 -1.86537E+02 -1.37232E+02  0.00000E+00  0.00000E+00
    6.4422E+01 -1.86537E+02 -1.37232E+02  0.00000E+00  0.00000E+00
    6.4525E+01 -1.86537E+02 -1.37232E+02  0.00000E+00  0.00000E+00
    6.4628E+01 -1.90683E+02 -1.40342E+02  0.00000E+00  0.00000E+00
    6.4731E+01 -1.90683E+02 -1.40342E+02  0.00000E+00  0.00000E+00
    6.4834E+01 -2.00869E+02 -1.50528E+02  0.00000E+00  0.00000E+00
    6.4937E+01 -2.00869E+02 -1.50528E+02  0.00000E+00  0.00000E+00
    6.5040E+01 -2.00869E+02 -1.50528E+02  0.00000E+00  0.00000E+00
    6.5143E+01 -2.00869E+02 -1.50528E+02  0.00000E+00  0.00000E+00
    6.5246E+01 -2.00869E+02 -1.50528E+02  0.00000E+00  0.00000E+00
    6.5350E+01 -2.06905E+02 -1.56563E+02  0.00000E+00  0.00000E+00
    6.5453E+01 -2.14812E+02 -1.64471E+02  0.00000E+00  0.00000E+00
    6.5556E+01 -2.14812E+02 -1.64471E+02  0.00000E+00  0.00000E+00
    6.5659E+01 -2.14812E+02 -1.64471E+02  0.00000E+00  0.00000E+00
    6.5762E+01 -2.14812E+02 -1.64471E+02  0.00000E+00  0.00000E+00
    6.5865E+01 -2.22416E+02 -1.72074E+02  0.00000E+00  0.00000E+00
    6.5968E+01 -2.22416E+02 -1.72074E+02  0.00000E+00  0.00000E+00
    6.6071E+01 -2.22416E+02 -1.72074E+02  0.00000E+00  0.00000E+00
    6.6174E+01 -2.22416E+02 -1.72074E+02  0.00000E+00  0.00000E+00
    6.6277E+01 -2.26432E+02 -1.76090E+02  0.00000E+00  0.00000E+00
    6.6380E+01 -2.26432E+02 -1.76090E+02  0.00000E+00  0.00000E+00
    6.6483E+01 -2.26432E+02 -1.76090E+02  0.00000E+00  0.00000E+00
    6.6586E+01 -2.26432E+02 -1.76090E+02  0.00000E+00  0.00000E+00
    6.6690E+01 -2.26432E+02 -1.76090E+02  0.00000E+00  0.00000E+00
    6.6793E+01 -2.26432E+02 -1.76090E+02  0.00000E+00  0.00000E+00
    6.6896E+01 -2.26432E+02 -1.76090E+02  0.00000E+00  0.00000E+00
    6.6999E+01 -2.26432E+02 -1.76090E+02  0.00000E+00  0.00000E+00
    6.7102E+01 -2.26432E+02 -1.76090E+02  0.00000E+00  0.00000E+00
    6.7205E+01 -2.26432E+02 -1.76090E+02  0.00000E+00  0.00000E+00
    6.7308E+01 -2.33371E+02 -1.83030E+02  0.00000E+00  0.00000E+00
    6.7411E+01 -2.43851E+02 -1.93510E+02  0.00000E+00  0.00000E+00
    6.7514E+01 -2.43851E+02 -1.93510E+02  0.00000E+00  0.00000E+00
    6.7617E+01 -2.43851E+02 -1.93510E+02  0.00000E+00  0.00000E+00
    6.7720E+01 -2.48361E+02 -1.98020E+02  0.00000E+00  0.00000E+00
    6.7823E+01 -2.48361E+02 -1.98020E+02  0.00000E+00  0.00000E+00
    6.7926E+01 -2.48361E+02 -1.98020E+02  0.00000E+00  0.00000E+00
    6.8029E+01 -2.48361E+02 -1.98020E+02  0.00000E+00  0.00000E+00
    6.8133E+01 -2.48361E+02 -1.98020E+02  0.00000E+00  0.00000E+00
    6.8236E+01 -2.48361E+02 -1.98020E+02  0.00000E+00  0.00000E+00
    6.8339E+01 -2.48361E+02 -1.98020E+02  0.00000E+00  0.00000E+00
    6.8442E+01 -2.48361E+02 -1.98020E+02  0.00000E+00  0.00000E+00
    6.8545E+01 -2.48361E+02 -1.98020E+02  0.00000E+00  0.00000E+00
    6.8648E+01 -2.48361E+02 -1.98020E+02  0.00000E+00  0.00000E+00
    6.8751E+01 -2.48361E+02 -1.98020E+02  0.00000E+00  0.00000E+00
    6.8854E+01 -2.48361E+02 -1.98020E+02  0.00000E+00  0.00000E+00
    6.8957E+01 -2.48361E+02 -1.98020E+02  0.00000E+00  0.00000E+00
    6.9060E+01 -2.48361E+02 -1.98020E+02  0.00000E+00  0.00000E+00
    6.9163E+01 -2.48361E+02 -1.98020E+02  0.00000E+00  0.00000E+00
    6.9266E+01 -2.48361E+02 -1.98020E+02  0.00000E+00  0.00000E+00
    6.9369E+01 -2.48361E+02 -1.98020E+02  0.00000E+00  0.00000E+00
    6.9473E+01 -2.48361E+02 -1.98020E+02  0.00000E+00  0.00000E+00
    6.9576E+01 -2.48361E+02 -1.98020E+02  0.00000E+00  0.00000E+00
    6.9679E+01 -2.53074E+02 -2.02733E+02  0.00000E+00  0.00000E+00
    6.9782E+01 -2.53074E+02 -2.02733E+02  0.00000E+00  0.00000E+00
    6.9885E+01 -2.53074E+02 -2.02733E+02  0.00000E+00  0.00000E+00
    6.9988E+01 -2.53074E+02 -2.02733E+02  0.00000E+00  0.00000E+00
    7.0091E+01 -2.53074E+02 -2.02733E+02  0.00000E+00  0.00000E+00
    7.0194E+01 -2.53074E+02 -2.02733E+02  0.00000E+00  0.00000E+00
    7.0297E+01 -2.53074E+02 -2.02733E+02  0.00000E+00  0.00000E+00
    7.0400E+01 -2.53074E+02 -2.02733E+02  0.00000E+00  0.00000E+00
    7.0503E+01 -2.53074E+02 -2.02733E+02  0.00000E+00  0.00000E+00
    7.0606E+01 -2.57501E+02 -2.07159E+02  0.00000E+00  0.00000E+00
    7.0709E+01 -2.57501E+02 -2.07159E+02  0.00000E+00  0.00000E+00
    7.0813E+01 -2.57501E+02 -2.07159E+02  0.00000E+00  0.00000E+00
    7.0916E+01 -2.57501E+02 -2.07159E+02  0.00000E+00  0.00000E+00
    7.1019E+01 -2.57501E+02 -2.07159E+02  0.00000E+00  0.00000E+00
    7.1122E+01 -2.57501E+02 -2.07159E+02  0.00000E+00  0.00000E+00
    7.1225E+01 -2.57501E+02 -2.07159E+02  0.00000E+00  0.00000E+00
    7.1328E+01 -2.57501E+02 -2.07159E+02  0.00000E+00  0.00000E+00
    7.1431E+01 -2.57501E+02 -2.07159E+02  0.00000E+00  0.00000E+00
    7.1534E+01 -2.57501E+02 -2.07159E+02  0.00000E+00  0.00000E+00
    7.1637E+01 -2.57501E+02 -2.07159E+02  0.00000E+00  0.00000E+00
    7.1740E+01 -2.63819E+02 -2.13477E+02  0.00000E+00  0.00000E+00
    7.1843E+01 -2.63819E+02 -2.13477E+02  0.00000E+00  0.00000E+00
    7.1946E+01 -2.63819E+02 -2.13477E+02  0.00000E+00  0.00000E+00
    7.2049E+01 -2.63819E+02 -2.13477E+02  0.00000E+00  0.00000E+00
    7.2152E+01 -2.63819E+02 -2.13477E+02  0.00000E+00  0.00000E+00
    7.2256E+01 -2.63819E+02 -2.13477E+02  0.00000E+00  0.00000E+00
    7.2359E+01 -2.74378E+02 -2.24036E+02  0.00000E+00  0.00000E+00
    7.2462E+01 -2.74378E+02 -2.24036E+02  0.00000E+00  0.00000E+00
    7.2565E+01 -2.74378E+02 -2.24036E+02  0.00000E+00  0.00000E+00
    7.2668E+01 -2.74378E+02 -2.24036E+02  0.00000E+00  0.00000E+00
    7.2771E+01 -2.74378E+02 -2.24036E+02  0.00000E+00  0.00000E+00
    7.2874E+01 -2.74378E+02 -2.24036E+02  0.00000E+00  0.00000E+00
    7.2977E+01 -2.74378E+02 -2.24036E+02  0.00000E+00  0.00000E+00
    7.3080E+01 -2.74378E+02 -2.24036E+02  0.00000E+00  0.00000E+00
    7.3183E+01 -2.74378E+02 -2.24036E+02  0.00000E+00  0.00000E+00
    7.3286E+01 -2.74378E+02 -2.24036E+02  0.00000E+00  0.00000E+00
    7.3389E+01 -2.74378E+02 -2.24036E+02  0.00000E+00  0.00000E+00
    7.3492E+01 -2.74378E+02 -2.24036E+02  0.00000E+00  0.00000E+00
    7.3596E+01 -2.74378E+02 -2.24036E+02  0.00000E+00  0.00000E+00
    7.3699E+01 -2.74378E+02 -2.24036E+02  0.00000E+00  0.00000E+00
    7.3802E+01 -2.74378E+02 -2.24036E+02  0.00000E+00  0.00000E+00
    7.3905E+01 -2.74378E+02 -2.24036E+02  0.00000E+00  0.00000E+00
    7.4008E+01 -2.74378E+02 -2.24036E+02  0.00000E+00  0.00000E+00
    7.4111E+01 -2.74378E+02 -2.24036E+02  0.00000E+00  0.00000E+00
    7.4214E+01 -2.74378E+02 -2.24036E+02  0.00000E+00  0.00000E+00
    7.4317E+01 -2.79912E+02 -2.29570E+02  0.00000E+00  0.00000E+00
    7.4420E+01 -2.94286E+02 -2.43945E+02  0.00000E+00  0.00000E+00
    7.4523E+01 -2.94286E+02 -2.43945E+02  0.00000E+00  0.00000E+00
    7.4626E+01 -2.94286E+02 -2.43945E+02  0.00000E+00  0.00000E+00
    7.4729E+01 -2.94286E+02 -2.43945E+02  0.00000E+00  0.00000E+00
    7.4832E+01 -2.94286E+02 -2.43945E+02  0.00000E+00  0.00000E+00
    7.4936E+01 -2.94286E+02 -2.43945E+02  0.00000E+00  0.00000E+00
    7.5039E+01 -2.94286E+02 -2.43945E+02  0.00000E+00  0.00000E+00
    7.5142E+01 -2.94286E+02 -2.43945E+02  0.00000E+00  0.00000E+00
    7.5245E+01 -2.94286E+02 -2.43945E+02  0.00000E+00  0.00000E+00
    7.5348E+01 -3.08408E+02 -2.58066E+02  0.00000E+00  0.00000E+00
    7.5451E+01 -3.08408E+02 -2.58066E+02  0.00000E+00  0.00000E+00
    7.5554E+01 -3.08408E+02 -2.58066E+02  0.00000E+00  0.00000E+00
    7.5657E+01 -3.08408E+02 -2.58066E+02  0.00000E+00  0.00000E+00
    7.5760E+01 -3.08408E+02 -2.58066E+02  0.00000E+00  0.00000E+00
    7.5863E+01 -3.08408E+02 -2.58066E+02  0.00000E+00  0.00000E+00
    7.5966E+01 -3.08408E+02 -2.58066E+02  0.00000E+00  0.00000E+00
    7.6069E+01 -3.08408E+02 -2.58066E+02  0.00000E+00  0.00000E+00
    7.6172E+01 -3.08408E+02 -2.58066E+02  0.00000E+00  0.00000E+00
    7.6275E+01 -3.08408E+02 -2.58066E+02  0.00000E+00  0.00000E+00
    7.6379E+01 -3.08408E+02 -2.58066E+02  0.00000E+00  0.00000E+00
    7.6482E+01 -3.08408E+02 -2.58066E+02  0.00000E+00  0.00000E+00
    7.6585E+01 -3.08408E+02 -2.58066E+02  0.00000E+00  0.00000E+00
    7.6688E+01 -3.08408E+02 -2.58066E+02  0.00000E+00  0.00000E+00
    7.6791E+01 -3.08408E+02 -2.58066E+02  0.00000E+00  0.00000E+00
    7.6894E+01 -3.16568E+02 -2.66226E+02  0.00000E+00  0.00000E+00
    7.6997E+01 -3.16568E+02 -2.66226E+02  0.00000E+00  0.00000E+00
    7.7100E+01 -3.16568E+02 -2.66226E+02  0.00000E+00  0.00000E+00
    7.7203E+01 -3.16568E+02 -2.66226E+02  0.00000E+00  0.00000E+00
    7.7306E+01 -3.16568E+02 -2.66226E+02  0.00000E+00  0.00000E+00
    7.7409E+01 -3.16568E+02 -2.66226E+02  0.00000E+00  0.00000E+00
    7.7512E+01 -3.24934E+02 -2.74592E+02  0.00000E+00  0.00000E+00
    7.7615E+01 -3.24934E+02 -2.74592E+02  0.00000E+00  0.00000E+00
    7.7719E+01 -3.30751E+02 -2.80409E+02  0.00000E+00  0.00000E+00
    7.7822E+01 -3.30751E+02 -2.80409E+02  0.00000E+00  0.00000E+00
    7.7925E+01 -3.30751E+02 -2.80409E+02  0.00000E+00  0.00000E+00
    7.8028E+01 -3.30751E+02 -2.80409E+02  0.00000E+00  0.00000E+00
    7.8131E+01 -3.30751E+02 -2.80409E+02  0.00000E+00  0.00000E+00
    7.8234E+01 -3.39219E+02 -2.88878E+02  0.00000E+00  0.00000E+00
    7.8337E+01 -3.39219E+02 -2.88878E+02  0.00000E+00  0.00000E+00
    7.8440E+01 -3.45432E+02 -2.95090E+02  0.00000E+00  0.00000E+00
    7.8543E+01 -3.45432E+02 -2.95090E+02  0.00000E+00  0.00000E+00
    7.8646E+01 -3.45432E+02 -2.95090E+02  0.00000E+00  0.00000E+00
    7.8749E+01 -3.45432E+02 -2.95090E+02  0.00000E+00  0.00000E+00
    7.8852E+01 -3.45432E+02 -2.95090E+02  0.00000E+00  0.00000E+00
    7.8955E+01 -3.45432E+02 -2.95090E+02  0.00000E+00  0.00000E+00
    7.9059E+01 -3.45432E+02 -2.95090E+02  0.00000E+00  0.00000E+00
    7.9162E+01 -3.45432E+02 -2.95090E+02  0.00000E+00  0.00000E+00
    7.9265E+01 -3.45432E+02 -2.95090E+02  0.00000E+00  0.00000E+00
    7.9368E+01 -3.45432E+02 -2.95090E+02  0.00000E+00  0.00000E+00
    7.9471E+01 -3.45432E+02 -2.95090E+02  0.00000E+00  0.00000E+00
    7.9574E+01 -3.45432E+02 -2.95090E+02  0.00000E+00  0.00000E+00
    7.9677E+01 -3.45432E+02 -2.95090E+02  0.00000E+00  0.00000E+00
    7.9780E+01 -3.45432E+02 -2.95090E+02  0.00000E+00  0.00000E+00
    7.9883E+01 -3.45432E+02 -2.95090E+02  0.00000E+00  0.00000E+00
    7.9986E+01 -3.45432E+02 -2.95090E+02  0.00000E+00  0.00000E+00
    8.0089E+01 -3.45432E+02 -2.95090E+02  0.00000E+00  0.00000E+00
    8.0192E+01 -3.62628E+02 -3.12286E+02  0.00000E+00  0.00000E+00
    8.0295E+01 -3.62628E+02 -3.12286E+02  0.00000E+00  0.00000E+00
    8.0398E+01 -3.62628E+02 -3.12286E+02  0.00000E+00  0.00000E+00
    8.0502E+01 -3.62628E+02 -3.12286E+02  0.00000E+00  0.00000E+00
    8.0605E+01 -3.62628E+02 -3.12286E+02  0.00000E+00  0.00000E+00
    8.0708E+01 -3.62628E+02 -3.12286E+02  0.00000E+00  0.00000E+00
    8.0811E+01 -3.62628E+02 -3.12286E+02  0.00000E+00  0.00000E+00
    8.0914E+01 -3.62628E+02 -3.12286E+02  0.00000E+00  0.00000E+00
    8.1017E+01 -3.62628E+02 -3.12286E+02  0.00000E+00  0.00000E+00
    8.1120E+01 -3.62628E+02 -3.12286E+02  0.00000E+00  0.00000E+00
    8.1223E+01 -3.62628E+02 -3.12286E+02  0.00000E+00  0.00000E+00
    8.1326E+01 -3.62628E+02 -3.12286E+02  0.00000E+00  0.00000E+00
    8.1429E+01 -3.62628E+02 -3.12286E+02  0.00000E+00  0.00000E+00
    8.1532E+01 -3.62628E+02 -3.12286E+02  0.00000E+00  0.00000E+00
    8.1635E+01 -3.62628E+02 -3.12286E+02  0.00000E+00  0.00000E+00
    8.1738E+01 -3.80011E+02 -3.29669E+02  0.00000E+00  0.00000E+00
    8.1842E+01 -3.80011E+02 -3.29669E+02  0.00000E+00  0.00000E+00
    8.1945E+01 -3.89281E+02 -3.38940E+02  0.00000E+00  0.00000E+00
    8.2048E+01 -3.89281E+02 -3.38940E+02  0.00000E+00  0.00000E+00
    8.2151E+01 -3.89281E+02 -3.38940E+02  0.00000E+00  0.00000E+00
    8.2254E+01 -3.89281E+02 -3.38940E+02  0.00000E+00  0.00000E+00
    8.2357E+01 -3.89281E+02 -3.38940E+02  0.00000E+00  0.00000E+00
    8.2460E+01 -3.89281E+02 -3.38940E+02  0.00000E+00  0.00000E+00
    8.2563E+01 -3.89281E+02 -3.38940E+02  0.00000E+00  0.00000E+00
    8.2666E+01 -3.89281E+02 -3.38940E+02  0.00000E+00  0.00000E+00
    8.2769E+01 -3.97048E+02 -3.46707E+02  0.00000E+00  0.00000E+00
    8.2872E+01 -3.97048E+02 -3.46707E+02  0.00000E+00  0.00000E+00
    8.2975E+01 -3.97048E+02 -3.46707E+02  0.00000E+00  0.00000E+00
    8.3078E+01 -3.97048E+02 -3.46707E+02  0.00000E+00  0.00000E+00
    8.3182E+01 -3.97048E+02 -3.46707E+02  0.00000E+00  0.00000E+00
    8.3285E+01 -3.97048E+02 -3.46707E+02  0.00000E+00  0.00000E+00
    8.3388E+01 -3.97048E+02 -3.46707E+02  0.00000E+00  0.00000E+00
    8.3491E+01 -3.97048E+02 -3.46707E+02  0.00000E+00  0.00000E+00
    8.3594E+01 -3.97048E+02 -3.46707E+02  0.00000E+00  0.00000E+00
    8.3697E+01 -3.97048E+02 -3.46707E+02  0.00000E+00  0.00000E+00
    8.3800E+01 -3.97048E+02 -3.46707E+02  0.00000E+00  0.00000E+00
    8.3903E+01 -3.97048E+02 -3.46707E+02  0.00000E+00  0.00000E+00
    8.4006E+01 -3.97048E+02 -3.46707E+02  0.00000E+00  0.00000E+00
    8.4109E+01 -3.97048E+02 -3.46707E+02  0.00000E+00  0.00000E+00
    8.4212E+01 -3.97048E+02 -3.46707E+02  0.00000E+00  0.00000E+00
    8.4315E+01 -3.97048E+02 -3.46707E+02  0.00000E+00  0.00000E+00
    8.4418E+01 -3.97048E+02 -3.46707E+02  0.00000E+00  0.00000E+00
    8.4521E+01 -3.97048E+02 -3.46707E+02  0.00000E+00  0.00000E+00
    8.4625E+01 -3.97048E+02 -3.46707E+02  0.00000E+00  0.00000E+00
    8.4728E+01 -3.97048E+02 -3.46707E+02  0.00000E+00  0.00000E+00
    8.4831E+01 -3.97048E+02 -3.46707E+02  0.00000E+00  0.00000E+00
    8.4934E+01 -3.97048E+02 -3.46707E+02  0.00000E+00  0.00000E+00
    8.5037E+01 -3.97048E+02 -3.46707E+02  0.00000E+00  0.00000E+00
    8.5140E+01 -3.97048E+02 -3.46707E+02  0.00000E+00  0.00000E+00
    8.5243E+01 -3.97048E+02 -3.46707E+02  0.00000E+00  0.00000E+00
    8.5346E+01 -3.97048E+02 -3.46707E+02  0.00000E+00  0.00000E+00
    8.5449E+01 -3.97048E+02 -3.46707E+02  0.00000E+00  0.00000E+00
    8.5552E+01 -3.97048E+02 -3.46707E+02  0.00000E+00  0.00000E+00
    8.5655E+01 -3.97048E+02 -3.46707E+02  0.00000E+00  0.00000E+00
    8.5758E+01 -3.97048E+02 -3.46707E+02  0.00000E+00  0.00000E+00
    8.5861E+01 -3.97048E+02 -3.46707E+02  0.00000E+00  0.00000E+00
    8.5965E+01 -3.97048E+02 -3.46707E+02  0.00000E+00  0.00000E+00
    8.6068E+01 -3.97048E+02 -3.46707E+02  0.00000E+00  0.00000E+00
    8.6171E+01 -3.97048E+02 -3.46707E+02  0.00000E+00  0.00000E+00
    8.6274E+01 -3.97048E+02 -3.46707E+02  0.00000E+00  0.00000E+00
    8.6377E+01 -3.97048E+02 -3.46707E+02  0.00000E+00  0.00000E+00
    8.6480E+01 -3.97048E+02 -3.46707E+02  0.00000E+00  0.00000E+00
    8.6583E+01 -3.97048E+02 -3.46707E+02  0.00000E+00  0.00000E+00
    8.6686E+01 -3.97048E+02 -3.46707E+02  0.00000E+00  0.00000E+00
    8.6789E+01 -3.97048E+02 -3.46707E+02  0.00000E+00  0.00000E+00
    8.6892E+01 -3.97048E+02 -3.46707E+02  0.00000E+00  0.00000E+00
    8.6995E+01 -3.97048E+02 -3.46707E+02  0.00000E+00  0.00000E+00
    8.7098E+01 -3.97048E+02 -3.46707E+02  0.00000E+00  0.00000E+00
    8.7201E+01 -3.97048E+02 -3.46707E+02  0.00000E+00  0.00000E+00
    8.7305E+01 -3.97048E+02 -3.46707E+02  0.00000E+00  0.00000E+00
    8.7408E+01 -4.07098E+02 -3.56757E+02  0.00000E+00  0.00000E+00
    8.7511E+01 -4.07098E+02 -3.56757E+02  0.00000E+00  0.00000E+00
    8.7614E+01 -4.07098E+02 -3.56757E+02  0.00000E+00  0.00000E+00
    8.7717E+01 -4.07098E+02 -3.56757E+02  0.00000E+00  0.00000E+00
    8.7820E+01 -4.17368E+02 -3.67027E+02  0.00000E+00  0.00000E+00
    8.7923E+01 -4.17368E+02 -3.67027E+02  0.00000E+00  0.00000E+00
    8.8026E+01 -4.17368E+02 -3.67027E+02  0.00000E+00  0.00000E+00
    8.8129E+01 -4.17368E+02 -3.67027E+02  0.00000E+00  0.00000E+00
    8.8232E+01 -4.17368E+02 -3.67027E+02  0.00000E+00  0.00000E+00
    8.8335E+01 -4.17368E+02 -3.67027E+02  0.00000E+00  0.00000E+00
    8.8438E+01 -4.17368E+02 -3.67027E+02  0.00000E+00  0.00000E+00
    8.8541E+01 -4.17368E+02 -3.67027E+02  0.00000E+00  0.00000E+00
    8.8644E+01 -4.17368E+02 -3.67027E+02  0.00000E+00  0.00000E+00
    8.8748E+01 -4.17368E+02 -3.67027E+02  0.00000E+00  0.00000E+00
    8.8851E+01 -4.17368E+02 -3.67027E+02  0.00000E+00  0.00000E+00
    8.8954E+01 -4.17368E+02 -3.67027E+02  0.00000E+00  0.00000E+00
    8.9057E+01 -4.17368E+02 -3.67027E+02  0.00000E+00  0.00000E+00
    8.9160E+01 -4.17368E+02 -3.67027E+02  0.00000E+00  0.00000E+00
    8.9263E+01 -4.17368E+02 -3.67027E+02  0.00000E+00  0.00000E+00
    8.9366E+01 -4.17368E+02 -3.67027E+02  0.00000E+00  0.00000E+00
    8.9469E+01 -4.17368E+02 -3.67027E+02  0.00000E+00  0.00000E+00
    8.9572E+01 -4.17368E+02 -3.67027E+02  0.00000E+00  0.00000E+00
    8.9675E+01 -4.17368E+02 -3.67027E+02  0.00000E+00  0.00000E+00
    8.9778E+01 -4.17368E+02 -3.67027E+02  0.00000E+00  0.00000E+00
    8.9881E+01 -4.17368E+02 -3.67027E+02  0.00000E+00  0.00000E+00
    8.9984E+01 -4.17368E+02 -3.67027E+02  0.00000E+00  0.00000E+00
    9.0088E+01 -4.17368E+02 -3.67027E+02  0.00000E+00  0.00000E+00
    9.0191E+01 -4.17368E+02 -3.67027E+02  0.00000E+00  0.00000E+00
    9.0294E+01 -4.17368E+02 -3.67027E+02  0.00000E+00  0.00000E+00
    9.0397E+01 -4.17368E+02 -3.67027E+02  0.00000E+00  0.00000E+00
    9.0500E+01 -4.17368E+02 -3.67027E+02  0.00000E+00  0.00000E+00
    9.0603E+01 -4.17368E+02 -3.67027E+02  0.00000E+00  0.00000E+00
    9.0706E+01 -4.17368E+02 -3.67027E+02  0.00000E+00  0.00000E+00
    9.0809E+01 -4.17368E+02 -3.67027E+02  0.00000E+00  0.00000E+00
    9.0912E+01 -4.17368E+02 -3.67027E+02  0.00000E+00  0.00000E+00
    9.1015E+01 -4.17368E+02 -3.67027E+02  0.00000E+00  0.00000E+00
    9.1118E+01 -4.17368E+02 -3.67027E+02  0.00000E+00  0.00000E+00
    9.1221E+01 -4.17368E+02 -3.67027E+02  0.00000E+00  0.00000E+00
    9.1324E+01 -4.17368E+02 -3.67027E+02  0.00000E+00  0.00000E+00
    9.1428E+01 -4.17368E+02 -3.67027E+02  0.00000E+00  0.00000E+00
    9.1531E+01 -4.17368E+02 -3.67027E+02  0.00000E+00  0.00000E+00
    9.1634E+01 -4.17368E+02 -3.67027E+02  0.00000E+00  0.00000E+00
    9.1737E+01 -4.17368E+02 -3.67027E+02  0.00000E+00  0.00000E+00
    9.1840E+01 -4.17368E+02 -3.67027E+02  0.00000E+00  0.00000E+00
    9.1943E+01 -4.17368E+02 -3.67027E+02  0.00000E+00  0.00000E+00
    9.2046E+01 -4.17368E+02 -3.67027E+02  0.00000E+00  0.00000E+00
    9.2149E+01 -4.17368E+02 -3.67027E+02  0.00000E+00  0.00000E+00
    9.2252E+01 -4.17368E+02 -3.67027E+02  0.00000E+00  0.00000E+00
    9.2355E+01 -4.17368E+02 -3.67027E+02  0.00000E+00  0.00000E+00
    9.2458E+01 -4.17368E+02 -3.67027E+02  0.00000E+00  0.00000E+00
    9.2561E+01 -4.17368E+02 -3.67027E+02  0.00000E+00  0.00000E+00
    9.2664E+01 -4.17368E+02 -3.67027E+02  0.00000E+00  0.00000E+00
    9.2767E+01 -4.17368E+02 -3.67027E+02  0.00000E+00  0.00000E+00
    9.2871E+01 -4.17368E+02 -3.67027E+02  0.00000E+00  0.00000E+00
    9.2974E+01 -4.17368E+02 -3.67027E+02  0.00000E+00  0.00000E+00
    9.3077E+01 -4.17368E+02 -3.67027E+02  0.00000E+00  0.00000E+00
    9.3180E+01 -4.17368E+02 -3.67027E+02  0.00000E+00  0.00000E+00
    9.3283E+01 -4.17368E+02 -3.67027E+02  0.00000E+00  0.00000E+00
    9.3386E+01 -4.17368E+02 -3.67027E+02  0.00000E+00  0.00000E+00
    9.3489E+01 -4.17368E+02 -3.67027E+02  0.00000E+00  0.00000E+00
    9.3592E+01 -4.17368E+02 -3.67027E+02  0.00000E+00  0.00000E+00
    9.3695E+01 -4.17368E+02 -3.67027E+02  0.00000E+00  0.00000E+00
    9.3798E+01 -4.17368E+02 -3.67027E+02  0.00000E+00  0.00000E+00
    9.3901E+01 -4.17368E+02 -3.67027E+02  0.00000E+00  0.00000E+00
    9.4004E+01 -4.17368E+02 -3.67027E+02  0.00000E+00  0.00000E+00
    9.4107E+01 -4.17368E+02 -3.67027E+02  0.00000E+00  0.00000E+00
    9.4211E+01 -4.17368E+02 -3.67027E+02  0.00000E+00  0.00000E+00
    9.4314E+01 -4.17368E+02 -3.67027E+02  0.00000E+00  0.00000E+00
    9.4417E+01 -4.17368E+02 -3.67027E+02  0.00000E+00  0.00000E+00
    9.4520E+01 -4.17368E+02 -3.67027E+02  0.00000E+00  0.00000E+00
    9.4623E+01 -4.17368E+02 -3.67027E+02  0.00000E+00  0.00000E+00
    9.4726E+01 -4.17368E+02 -3.67027E+02  0.00000E+00  0.00000E+00
    9.4829E+01 -4.17368E+02 -3.67027E+02  0.00000E+00  0.00000E+00
    9.4932E+01 -4.17368E+02 -3.67027E+02  0.00000E+00  0.00000E+00
    9.5035E+01 -4.17368E+02 -3.67027E+02  0.00000E+00  0.00000E+00
    9.5138E+01 -4.17368E+02 -3.67027E+02  0.00000E+00  0.00000E+00
    9.5241E+01 -4.17368E+02 -3.67027E+02  0.00000E+00  0.00000E+00
    9.5344E+01 -4.17368E+02 -3.67027E+02  0.00000E+00  0.00000E+00
    9.5447E+01 -4.17368E+02 -3.67027E+02  0.00000E+00  0.00000E+00
    9.5551E+01 -4.17368E+02 -3.67027E+02  0.00000E+00  0.00000E+00
    9.5654E+01 -4.17368E+02 -3.67027E+02  0.00000E+00  0.00000E+00
    9.5757E+01 -4.17368E+02 -3.67027E+02  0.00000E+00  0.00000E+00
    9.5860E+01 -4.17368E+02 -3.67027E+02  0.00000E+00  0.00000E+00
    9.5963E+01 -4.17368E+02 -3.67027E+02  0.00000E+00  0.00000E+00
    9.6066E+01 -4.17368E+02 -3.67027E+02  0.00000E+00  0.00000E+00
    9.6169E+01 -4.17368E+02 -3.67027E+02  0.00000E+00  0.00000E+00
    9.6272E+01 -4.17368E+02 -3.67027E+02  0.00000E+00  0.00000E+00
    9.6375E+01 -4.17368E+02 -3.67027E+02  0.00000E+00  0.00000E+00
    9.6478E+01 -4.17368E+02 -3.67027E+02  0.00000E+00  0.00000E+00
    9.6581E+01 -4.17368E+02 -3.67027E+02  0.00000E+00  0.00000E+00
    9.6684E+01 -4.17368E+02 -3.67027E+02  0.00000E+00  0.00000E+00
    9.6787E+01 -4.17368E+02 -3.67027E+02  0.00000E+00  0.00000E+00
    9.6890E+01 -4.17368E+02 -3.67027E+02  0.00000E+00  0.00000E+00
    9.6994E+01 -4.17368E+02 -3.67027E+02  0.00000E+00  0.00000E+00
    9.7097E+01 -4.17368E+02 -3.67027E+02  0.00000E+00  0.00000E+00
    9.7200E+01 -4.17368E+02 -3.67027E+02  0.00000E+00  0.00000E+00
    9.7303E+01 -4.17368E+02 -3.67027E+02  0.00000E+00  0.00000E+00
    9.7406E+01 -4.17368E+02 -3.67027E+02  0.00000E+00  0.00000E+00
    9.7509E+01 -4.17368E+02 -3.67027E+02  0.00000E+00  0.00000E+00
    9.7612E+01 -4.17368E+02 -3.67027E+02  0.00000E+00  0.00000E+00
    9.7715E+01 -4.17368E+02 -3.67027E+02  0.00000E+00  0.00000E+00
    9.7818E+01 -4.17368E+02 -3.67027E+02  0.00000E+00  0.00000E+00
    9.7921E+01 -4.17368E+02 -3.67027E+02  0.00000E+00  0.00000E+00
    9.8024E+01 -4.17368E+02 -3.67027E+02  0.00000E+00  0.00000E+00
    9.8127E+01 -4.17368E+02 -3.67027E+02  0.00000E+00  0.00000E+00
    9.8230E+01 -4.17368E+02 -3.67027E+02  0.00000E+00  0.00000E+00
    9.8334E+01 -4.17368E+02 -3.67027E+02  0.00000E+00  0.00000E+00
    9.8437E+01 -4.17368E+02 -3.67027E+02  0.00000E+00  0.00000E+00
    9.8540E+01 -4.17368E+02 -3.67027E+02  0.00000E+00  0.00000E+00
    9.8643E+01 -4.17368E+02 -3.67027E+02  0.00000E+00  0.00000E+00
    9.8746E+01 -4.17368E+02 -3.67027E+02  0.00000E+00  0.00000E+00
    9.8849E+01 -4.17368E+02 -3.67027E+02  0.00000E+00  0.00000E+00
    9.8952E+01 -4.17368E+02 -3.67027E+02  0.00000E+00  0.00000E+00
    9.9055E+01 -4.17368E+02 -3.67027E+02  0.00000E+00  0.00000E+00
    9.9158E+01 -4.17368E+02 -3.67027E+02  0.00000E+00  0.00000E+00
    9.9261E+01 -4.17368E+02 -3.67027E+02  0.00000E+00  0.00000E+00
    9.9364E+01 -4.17368E+02 -3.67027E+02  0.00000E+00  0.00000E+00
    9.9467E+01 -4.17368E+02 -3.67027E+02  0.00000E+00  0.00000E+00
    9.9570E+01 -4.17368E+02 -3.67027E+02  0.00000E+00  0.00000E+00
    9.9674E+01 -4.17368E+02 -3.67027E+02  0.00000E+00  0.00000E+00
    9.9777E+01 -4.17368E+02 -3.67027E+02  0.00000E+00  0.00000E+00
    9.9880E+01 -4.17368E+02 -3.67027E+02  0.00000E+00  0.00000E+00
    9.9983E+01 -4.17368E+02 -3.67027E+02  0.00000E+00  0.00000E+00
    1.0009E+02 -4.17368E+02 -3.67027E+02  0.00000E+00  0.00000E+00
    1.0019E+02 -4.17368E+02 -3.67027E+02  0.00000E+00  0.00000E+00
    1.0029E+02 -4.17368E+02 -3.67027E+02  0.00000E+00  0.00000E+00
    1.0040E+02 -4.17368E+02 -3.67027E+02  0.00000E+00  0.00000E+00
    1.0050E+02 -4.17368E+02 -3.67027E+02  0.00000E+00  0.00000E+00
    1.0060E+02 -4.17368E+02 -3.67027E+02  0.00000E+00  0.00000E+00
    1.0070E+02 -4.17368E+02 -3.67027E+02  0.00000E+00  0.00000E+00
    1.0081E+02 -4.17368E+02 -3.67027E+02  0.00000E+00  0.00000E+00
    1.0091E+02 -4.17368E+02 -3.67027E+02  0.00000E+00  0.00000E+00
    1.0101E+02 -4.17368E+02 -3.67027E+02  0.00000E+00  0.00000E+00
    1.0112E+02 -4.17368E+02 -3.67027E+02  0.00000E+00  0.00000E+00
    1.0122E+02 -4.17368E+02 -3.67027E+02  0.00000E+00  0.00000E+00
    1.0132E+02 -4.17368E+02 -3.67027E+02  0.00000E+00  0.00000E+00
    1.0143E+02 -4.17368E+02 -3.67027E+02  0.00000E+00  0.00000E+00
    1.0153E+02 -4.17368E+02 -3.67027E+02  0.00000E+00  0.00000E+00
    1.0163E+02 -4.17368E+02 -3.67027E+02  0.00000E+00  0.00000E+00
    1.0174E+02 -4.17368E+02 -3.67027E+02  0.00000E+00  0.00000E+00
    1.0184E+02 -4.17368E+02 -3.67027E+02  0.00000E+00  0.00000E+00
    1.0194E+02 -4.17368E+02 -3.67027E+02  0.00000E+00  0.00000E+00
    1.0204E+02 -4.17368E+02 -3.67027E+02  0.00000E+00  0.00000E+00
    1.0215E+02 -4.17368E+02 -3.67027E+02  0.00000E+00  0.00000E+00
    1.0225E+02 -4.17368E+02 -3.67027E+02  0.00000E+00  0.00000E+00
    1.0235E+02 -4.17368E+02 -3.67027E+02  0.00000E+00  0.00000E+00
    1.0246E+02 -4.17368E+02 -3.67027E+02  0.00000E+00  0.00000E+00
    1.0256E+02 -4.17368E+02 -3.67027E+02  0.00000E+00  0.00000E+00
    1.0266E+02 -4.17368E+02 -3.67027E+02  0.00000E+00  0.00000E+00
    1.0277E+02 -4.17368E+02 -3.67027E+02  0.00000E+00  0.00000E+00
    1.0287E+02 -4.17368E+02 -3.67027E+02  0.00000E+00  0.00000E+00
    1.0297E+02 -4.27396E+02 -3.77055E+02  0.00000E+00  0.00000E+00
