    0.0000E+00  0.00000E+00  0.00000E+00  0.00000E+00  0.00000E+00  0.00000E+00  0.00000E+00
    3.7920E-02  0.00000E+00  0.00000E+00  0.00000E+00  0.00000E+00  0.00000E+00  0.00000E+00
    7.5840E-02  0.00000E+00  0.00000E+00  0.00000E+00  0.00000E+00  0.00000E+00  0.00000E+00
    1.1376E-01  0.00000E+00  0.00000E+00  0.00000E+00  0.00000E+00  0.00000E+00  0.00000E+00
    1.5168E-01  0.00000E+00  0.00000E+00  0.00000E+00  0.00000E+00  0.00000E+00  0.00000E+00
    1.8960E-01  0.00000E+00  0.00000E+00  0.00000E+00  0.00000E+00  0.00000E+00  0.00000E+00
    2.2752E-01  0.00000E+00  0.00000E+00  0.00000E+00  0.00000E+00  0.00000E+00  0.00000E+00
    2.6544E-01  0.00000E+00  0.00000E+00  0.00000E+00  0.00000E+00  0.00000E+00  0.00000E+00
    3.0336E-01  0.00000E+00  0.00000E+00  0.00000E+00  0.00000E+00  0.00000E+00  0.00000E+00
    3.4128E-01  0.00000E+00  0.00000E+00  0.00000E+00  0.00000E+00  0.00000E+00  0.00000E+00
    3.7920E-01  0.00000E+00  0.00000E+00  0.00000E+00  0.00000E+00  0.00000E+00  0.00000E+00
    4.1712E-01  0.00000E+00  0.00000E+00  0.00000E+00  0.00000E+00  0.00000E+00  0.00000E+00
    4.5504E-01  0.00000E+00  0.00000E+00  0.00000E+00  0.00000E+00  0.00000E+00  0.00000E+00
    4.9296E-01  0.00000E+00  0.00000E+00  0.00000E+00  0.00000E+00  0.00000E+00  0.00000E+00
    5.3088E-01  0.00000E+00  0.00000E+00  0.00000E+00  0.00000E+00  0.00000E+00  0.00000E+00
    5.6880E-01  0.00000E+00  0.00000E+00  0.00000E+00  0.00000E+00  0.00000E+00  0.00000E+00
    6.0672E-01  0.00000E+00  0.00000E+00  0.00000E+00  0.00000E+00  0.00000E+00  0.00000E+00
    6.4464E-01  0.00000E+00  0.00000E+00  0.00000E+00  0.00000E+00  0.00000E+00  0.00000E+00
    6.8256E-01  0.00000E+00  0.00000E+00  0.00000E+00  0.00000E+00  0.00000E+00  0.00000E+00
    7.2048E-01  0.00000E+00  0.00000E+00  0.00000E+00  0.00000E+00  0.00000E+00  0.00000E+00
    7.5840E-01  0.00000E+00  0.00000E+00  0.00000E+00  0.00000E+00  0.00000E+00  0.00000E+00
    7.9632E-01  0.00000E+00  0.00000E+00  0.00000E+00  0.00000E+00  0.00000E+00  0.00000E+00
    8.3424E-01  0.00000E+00  0.00000E+00  0.00000E+00  0.00000E+00  0.00000E+00  0.00000E+00
    8.7216E-01  0.00000E+00  0.00000E+00  0.00000E+00  0.00000E+00  0.00000E+00  0.00000E+00
    9.1008E-01  0.00000E+00  0.00000E+00  0.00000E+00  0.00000E+00  0.00000E+00  0.00000E+00
    9.4800E-01  0.00000E+00  0.00000E+00  0.00000E+00  0.00000E+00  0.00000E+00  0.00000E+00
    9.8592E-01  0.00000E+00  0.00000E+00  0.00000E+00  0.00000E+00  0.00000E+00  0.00000E+00
    1.0238E+00  0.00000E+00  0.00000E+00  0.00000E+00  0.00000E+00  0.00000E+00  0.00000E+00
    1.0618E+00  0.00000E+00  0.00000E+00  0.00000E+00  0.00000E+00  0.00000E+00  0.00000E+00
    1.0997E+00  0.00000E+00  0.00000E+00  0.00000E+00  0.00000E+00  0.00000E+00  0.00000E+00
    1.1376E+00  0.00000E+00  0.00000E+00  0.00000E+00  0.00000E+00  0.00000E+00  0.00000E+00
    1.1755E+00  0.00000E+00  0.00000E+00  0.00000E+00  0.00000E+00  0.00000E+00  0.00000E+00
    1.2134E+00  0.00000E+00  0.00000E+00  0.00000E+00  0.00000E+00  0.00000E+00  0.00000E+00
    1.2514E+00  0.00000E+00  0.00000E+00  0.00000E+00  0.00000E+00  0.00000E+00  0.00000E+00
    1.2893E+00  0.00000E+00  0.00000E+00  0.00000E+00  0.00000E+00  0.00000E+00  0.00000E+00
    1.3272E+00  0.00000E+00  0.00000E+00  0.00000E+00  0.00000E+00  0.00000E+00  0.00000E+00
    1.3651E+00  0.00000E+00  0.00000E+00  0.00000E+00  0.00000E+00  0.00000E+00  0.00000E+00
    1.4030E+00  0.00000E+00  0.00000E+00  0.00000E+00  0.00000E+00  0.00000E+00  0.00000E+00
    1.4410E+00  0.00000E+00  0.00000E+00  0.00000E+00  0.00000E+00  0.00000E+00  0.00000E+00
    1.4789E+00  0.00000E+00  0.00000E+00  0.00000E+00  0.00000E+00  0.00000E+00  0.00000E+00
    1.5168E+00  0.00000E+00  0.00000E+00  0.00000E+00  0.00000E+00  0.00000E+00  0.00000E+00
    1.5547E+00  0.00000E+00  0.00000E+00  0.00000E+00  0.00000E+00  0.00000E+00  0.00000E+00
    1.5926E+00  0.00000E+00  0.00000E+00  0.00000E+00  0.00000E+00  0.00000E+00  0.00000E+00
    1.6306E+00  0.00000E+00  0.00000E+00  0.00000E+00  0.00000E+00  0.00000E+00  0.00000E+00
    1.6685E+00  0.00000E+00  0.00000E+00  0.00000E+00  0.00000E+00  0.00000E+00  0.00000E+00
    1.7064E+00  0.00000E+00  0.00000E+00  0.00000E+00  0.00000E+00  0.00000E+00  0.00000E+00
    1.7443E+00  0.00000E+00  0.00000E+00  0.00000E+00  0.00000E+00  0.00000E+00  0.00000E+00
    1.7822E+00  0.00000E+00  0.00000E+00  0.00000E+00  0.00000E+00  0.00000E+00  0.00000E+00
    1.8202E+00  0.00000E+00  0.00000E+00  0.00000E+00  0.00000E+00  0.00000E+00  0.00000E+00
    1.8581E+00  0.00000E+00  0.00000E+00  0.00000E+00  0.00000E+00  0.00000E+00  0.00000E+00
    1.8960E+00  0.00000E+00  0.00000E+00  0.00000E+00  0.00000E+00  0.00000E+00  0.00000E+00
    1.9339E+00  0.00000E+00  0.00000E+00  0.00000E+00  0.00000E+00  0.00000E+00  0.00000E+00
    1.9718E+00  0.00000E+00  0.00000E+00  0.00000E+00  0.00000E+00  0.00000E+00  0.00000E+00
    2.0098E+00  0.00000E+00  0.00000E+00  0.00000E+00  0.00000E+00  0.00000E+00  0.00000E+00
    2.0477E+00  0.00000E+00  0.00000E+00  0.00000E+00  0.00000E+00  0.00000E+00  0.00000E+00
    2.0856E+00  0.00000E+00  0.00000E+00  0.00000E+00  0.00000E+00  0.00000E+00  0.00000E+00
    2.1235E+00  0.00000E+00  0.00000E+00  0.00000E+00  0.00000E+00  0.00000E+00  0.00000E+00
    2.1614E+00  0.00000E+00  0.00000E+00  0.00000E+00  0.00000E+00  0.00000E+00  0.00000E+00
    2.1994E+00  0.00000E+00  0.00000E+00  0.00000E+00  0.00000E+00  0.00000E+00  0.00000E+00
    2.2373E+00  0.00000E+00  0.00000E+00  0.00000E+00  0.00000E+00  0.00000E+00  0.00000E+00
    2.2752E+00  0.00000E+00  0.00000E+00  0.00000E+00  0.00000E+00  0.00000E+00  0.00000E+00
    2.3131E+00  0.00000E+00  0.00000E+00  0.00000E+00  0.00000E+00  0.00000E+00  0.00000E+00
    2.3510E+00  0.00000E+00  0.00000E+00  0.00000E+00  0.00000E+00  0.00000E+00  0.00000E+00
    2.3890E+00  0.00000E+00  0.00000E+00  0.00000E+00  0.00000E+00  0.00000E+00  0.00000E+00
    2.4269E+00  0.00000E+00  0.00000E+00  0.00000E+00  0.00000E+00  0.00000E+00  0.00000E+00
    2.4648E+00  0.00000E+00  0.00000E+00  0.00000E+00  0.00000E+00  0.00000E+00  0.00000E+00
    2.5027E+00  0.00000E+00  0.00000E+00  0.00000E+00  0.00000E+00  0.00000E+00  0.00000E+00
    2.5406E+00  0.00000E+00  0.00000E+00  0.00000E+00  0.00000E+00  0.00000E+00  0.00000E+00
    2.5786E+00  0.00000E+00  0.00000E+00  0.00000E+00  0.00000E+00  0.00000E+00  0.00000E+00
    2.6165E+00  0.00000E+00  0.00000E+00  0.00000E+00  0.00000E+00  0.00000E+00  0.00000E+00
    2.6544E+00  0.00000E+00  0.00000E+00  0.00000E+00  0.00000E+00  0.00000E+00  0.00000E+00
    2.6923E+00  0.00000E+00  0.00000E+00  0.00000E+00  0.00000E+00  0.00000E+00  0.00000E+00
    2.7302E+00  0.00000E+00  0.00000E+00  0.00000E+00  0.00000E+00  0.00000E+00  0.00000E+00
    2.7682E+00  0.00000E+00  0.00000E+00  0.00000E+00  0.00000E+00  0.00000E+00  0.00000E+00
    2.8061E+00  0.00000E+00  0.00000E+00  0.00000E+00  0.00000E+00  0.00000E+00  0.00000E+00
    2.8440E+00  0.00000E+00  0.00000E+00  0.00000E+00  0.00000E+00  0.00000E+00  0.00000E+00
    2.8819E+00  0.00000E+00  0.00000E+00  0.00000E+00  0.00000E+00  0.00000E+00  0.00000E+00
    2.9198E+00  0.00000E+00  0.00000E+00  0.00000E+00  0.00000E+00  0.00000E+00  0.00000E+00
    2.9578E+00  0.00000E+00  0.00000E+00  0.00000E+00  0.00000E+00  0.00000E+00  0.00000E+00
    2.9957E+00  0.00000E+00  0.00000E+00  0.00000E+00  0.00000E+00  0.00000E+00  0.00000E+00
    3.0336E+00  0.00000E+00  0.00000E+00  0.00000E+00  0.00000E+00  0.00000E+00  0.00000E+00
    3.0715E+00  0.00000E+00  0.00000E+00  0.00000E+00  0.00000E+00  0.00000E+00  0.00000E+00
    3.1094E+00  0.00000E+00  0.00000E+00  0.00000E+00  0.00000E+00  0.00000E+00  0.00000E+00
    3.1474E+00  0.00000E+00  0.00000E+00  0.00000E+00  0.00000E+00  0.00000E+00  0.00000E+00
    3.1853E+00  0.00000E+00  0.00000E+00  0.00000E+00  0.00000E+00  0.00000E+00  0.00000E+00
    3.2232E+00  0.00000E+00  0.00000E+00  0.00000E+00  0.00000E+00  0.00000E+00  0.00000E+00
    3.2611E+00  0.00000E+00  0.00000E+00  0.00000E+00  0.00000E+00  0.00000E+00  0.00000E+00
    3.2990E+00  0.00000E+00  0.00000E+00  0.00000E+00  0.00000E+00  0.00000E+00  0.00000E+00
    3.3370E+00  0.00000E+00  0.00000E+00  0.00000E+00  0.00000E+00  0.00000E+00  0.00000E+00
    3.3749E+00  0.00000E+00  0.00000E+00  0.00000E+00  0.00000E+00  0.00000E+00  0.00000E+00
    3.4128E+00  0.00000E+00  0.00000E+00  0.00000E+00  0.00000E+00  0.00000E+00  0.00000E+00
    3.4507E+00  0.00000E+00  0.00000E+00  0.00000E+00  0.00000E+00  0.00000E+00  0.00000E+00
    3.4886E+00  0.00000E+00  0.00000E+00  0.00000E+00  0.00000E+00  0.00000E+00  0.00000E+00
    3.5266E+00  0.00000E+00  0.00000E+00  0.00000E+00  0.00000E+00  0.00000E+00  0.00000E+00
    3.5645E+00  0.00000E+00  0.00000E+00  0.00000E+00  0.00000E+00  0.00000E+00  0.00000E+00
    3.6024E+00  0.00000E+00  0.00000E+00  0.00000E+00  0.00000E+00  0.00000E+00  0.00000E+00
    3.6403E+00  0.00000E+00  0.00000E+00  0.00000E+00  0.00000E+00  0.00000E+00  0.00000E+00
    3.6782E+00  0.00000E+00  0.00000E+00  0.00000E+00  0.00000E+00  0.00000E+00  0.00000E+00
    3.7162E+00  0.00000E+00  0.00000E+00  0.00000E+00  0.00000E+00  0.00000E+00  0.00000E+00
    3.7541E+00  0.00000E+00  0.00000E+00  0.00000E+00  0.00000E+00  0.00000E+00  0.00000E+00
    3.7920E+00  0.00000E+00  0.00000E+00  0.00000E+00  0.00000E+00  0.00000E+00  0.00000E+00
    3.8299E+00  0.00000E+00  0.00000E+00  0.00000E+00  0.00000E+00  0.00000E+00  0.00000E+00
    3.8678E+00  0.00000E+00  0.00000E+00  0.00000E+00  0.00000E+00  0.00000E+00  0.00000E+00
    3.9058E+00  0.00000E+00  0.00000E+00  0.00000E+00  0.00000E+00  0.00000E+00  0.00000E+00
    3.9437E+00  0.00000E+00  0.00000E+00  0.00000E+00  0.00000E+00  0.00000E+00  0.00000E+00
    3.9816E+00  0.00000E+00  0.00000E+00  0.00000E+00  0.00000E+00  0.00000E+00  0.00000E+00
    4.0195E+00  0.00000E+00  0.00000E+00  0.00000E+00  0.00000E+00  0.00000E+00  0.00000E+00
    4.0574E+00  0.00000E+00  0.00000E+00  0.00000E+00  0.00000E+00  0.00000E+00  0.00000E+00
    4.0954E+00  0.00000E+00  0.00000E+00  0.00000E+00  0.00000E+00  0.00000E+00  0.00000E+00
    4.1333E+00  0.00000E+00  0.00000E+00  0.00000E+00  0.00000E+00  0.00000E+00  0.00000E+00
    4.1712E+00  0.00000E+00  0.00000E+00  0.00000E+00  0.00000E+00  0.00000E+00  0.00000E+00
    4.2091E+00  0.00000E+00  0.00000E+00  0.00000E+00  0.00000E+00  0.00000E+00  0.00000E+00
    4.2470E+00  0.00000E+00  0.00000E+00  0.00000E+00  0.00000E+00  0.00000E+00  0.00000E+00
    4.2850E+00  0.00000E+00  0.00000E+00  0.00000E+00  0.00000E+00  0.00000E+00  0.00000E+00
    4.3229E+00  0.00000E+00  0.00000E+00  0.00000E+00  0.00000E+00  0.00000E+00  0.00000E+00
    4.3608E+00  0.00000E+00  0.00000E+00  0.00000E+00  0.00000E+00  0.00000E+00  0.00000E+00
    4.3987E+00  0.00000E+00  0.00000E+00  0.00000E+00  0.00000E+00  0.00000E+00  0.00000E+00
    4.4366E+00  0.00000E+00  0.00000E+00  0.00000E+00  0.00000E+00  0.00000E+00  0.00000E+00
    4.4746E+00  0.00000E+00  0.00000E+00  0.00000E+00  0.00000E+00  0.00000E+00  0.00000E+00
    4.5125E+00  0.00000E+00  0.00000E+00  0.00000E+00  0.00000E+00  0.00000E+00  0.00000E+00
    4.5504E+00  0.00000E+00  0.00000E+00  0.00000E+00  0.00000E+00  0.00000E+00  0.00000E+00
    4.5883E+00  0.00000E+00  0.00000E+00  0.00000E+00  0.00000E+00  0.00000E+00  0.00000E+00
    4.6262E+00  0.00000E+00  0.00000E+00  0.00000E+00  0.00000E+00  0.00000E+00  0.00000E+00
    4.6642E+00  0.00000E+00  0.00000E+00  0.00000E+00  0.00000E+00  0.00000E+00  0.00000E+00
    4.7021E+00  0.00000E+00  0.00000E+00  0.00000E+00  0.00000E+00  0.00000E+00  0.00000E+00
    4.7400E+00  0.00000E+00  0.00000E+00  0.00000E+00  0.00000E+00  0.00000E+00  0.00000E+00
    4.7779E+00  0.00000E+00  0.00000E+00  0.00000E+00  0.00000E+00  0.00000E+00  0.00000E+00
    4.8158E+00  0.00000E+00  0.00000E+00  0.00000E+00  0.00000E+00  0.00000E+00  0.00000E+00
    4.8537E+00  0.00000E+00  0.00000E+00  0.00000E+00  0.00000E+00  0.00000E+00  0.00000E+00
    4.8917E+00  0.00000E+00  0.00000E+00  0.00000E+00  0.00000E+00  0.00000E+00  0.00000E+00
    4.9296E+00  0.00000E+00  0.00000E+00  0.00000E+00  0.00000E+00  0.00000E+00  0.00000E+00
    4.9675E+00  0.00000E+00  0.00000E+00  0.00000E+00  0.00000E+00  0.00000E+00  0.00000E+00
    5.0054E+00  0.00000E+00  0.00000E+00  0.00000E+00  0.00000E+00  0.00000E+00  0.00000E+00
    5.0433E+00  0.00000E+00  0.00000E+00  0.00000E+00  0.00000E+00  0.00000E+00  0.00000E+00
    5.0813E+00  0.00000E+00  0.00000E+00  0.00000E+00  0.00000E+00  0.00000E+00  0.00000E+00
    5.1192E+00  0.00000E+00  0.00000E+00  0.00000E+00  0.00000E+00  0.00000E+00  0.00000E+00
    5.1571E+00  0.00000E+00  0.00000E+00  0.00000E+00  0.00000E+00  0.00000E+00  0.00000E+00
    5.1950E+00  0.00000E+00  0.00000E+00  0.00000E+00  0.00000E+00  0.00000E+00  0.00000E+00
    5.2329E+00  0.00000E+00  0.00000E+00  0.00000E+00  0.00000E+00  0.00000E+00  0.00000E+00
    5.2709E+00  0.00000E+00  0.00000E+00  0.00000E+00  0.00000E+00  0.00000E+00  0.00000E+00
    5.3088E+00  0.00000E+00  0.00000E+00  0.00000E+00  0.00000E+00  0.00000E+00  0.00000E+00
    5.3467E+00  0.00000E+00  0.00000E+00  0.00000E+00  0.00000E+00  0.00000E+00  0.00000E+00
    5.3846E+00  0.00000E+00  0.00000E+00  0.00000E+00  0.00000E+00  0.00000E+00  0.00000E+00
    5.4225E+00  0.00000E+00  0.00000E+00  0.00000E+00  0.00000E+00  0.00000E+00  0.00000E+00
    5.4605E+00  0.00000E+00  0.00000E+00  0.00000E+00  0.00000E+00  0.00000E+00  0.00000E+00
    5.4984E+00  0.00000E+00  0.00000E+00  0.00000E+00  0.00000E+00  0.00000E+00  0.00000E+00
    5.5363E+00  0.00000E+00  0.00000E+00  0.00000E+00  0.00000E+00  0.00000E+00  0.00000E+00
    5.5742E+00  0.00000E+00  0.00000E+00  0.00000E+00  0.00000E+00  0.00000E+00  0.00000E+00
    5.6121E+00  0.00000E+00  0.00000E+00  0.00000E+00  0.00000E+00  0.00000E+00  0.00000E+00
    5.6501E+00  0.00000E+00  0.00000E+00  0.00000E+00  0.00000E+00  0.00000E+00  0.00000E+00
    5.6880E+00  0.00000E+00  0.00000E+00  0.00000E+00  0.00000E+00  0.00000E+00  0.00000E+00
    5.7259E+00  0.00000E+00  0.00000E+00  0.00000E+00  0.00000E+00  0.00000E+00  0.00000E+00
    5.7638E+00  0.00000E+00  0.00000E+00  0.00000E+00  0.00000E+00  0.00000E+00  0.00000E+00
    5.8017E+00  0.00000E+00  0.00000E+00  0.00000E+00  0.00000E+00  0.00000E+00  0.00000E+00
    5.8397E+00  0.00000E+00  0.00000E+00  0.00000E+00  0.00000E+00  0.00000E+00  0.00000E+00
    5.8776E+00  0.00000E+00  0.00000E+00  0.00000E+00  0.00000E+00  0.00000E+00  0.00000E+00
    5.9155E+00  0.00000E+00  0.00000E+00  0.00000E+00  0.00000E+00  0.00000E+00  0.00000E+00
    5.9534E+00  0.00000E+00  0.00000E+00  0.00000E+00  0.00000E+00  0.00000E+00  0.00000E+00
    5.9913E+00  0.00000E+00  0.00000E+00  0.00000E+00  0.00000E+00  0.00000E+00  0.00000E+00
    6.0293E+00  0.00000E+00  0.00000E+00  0.00000E+00  0.00000E+00  0.00000E+00  0.00000E+00
    6.0672E+00  0.00000E+00  0.00000E+00  0.00000E+00  0.00000E+00  0.00000E+00  0.00000E+00
    6.1051E+00  0.00000E+00  0.00000E+00  0.00000E+00  0.00000E+00  0.00000E+00  0.00000E+00
    6.1430E+00  0.00000E+00  0.00000E+00  0.00000E+00  0.00000E+00  0.00000E+00  0.00000E+00
    6.1809E+00  0.00000E+00  0.00000E+00  0.00000E+00  0.00000E+00  0.00000E+00  0.00000E+00
    6.2189E+00  0.00000E+00  0.00000E+00  0.00000E+00  0.00000E+00  0.00000E+00  0.00000E+00
    6.2568E+00  0.00000E+00  0.00000E+00  0.00000E+00  0.00000E+00  0.00000E+00  0.00000E+00
    6.2947E+00  0.00000E+00  0.00000E+00  0.00000E+00  0.00000E+00  0.00000E+00  0.00000E+00
    6.3326E+00  0.00000E+00  0.00000E+00  0.00000E+00  0.00000E+00  0.00000E+00  0.00000E+00
    6.3705E+00  0.00000E+00  0.00000E+00  0.00000E+00  0.00000E+00  0.00000E+00  0.00000E+00
    6.4085E+00  9.27619E+02 -1.76926E-02  9.27619E+02 -1.76926E-02  9.27619E+02 -1.76926E-02
    6.4464E+00  9.27619E+02 -1.76926E-02  9.27619E+02 -1.76926E-02  9.27619E+02 -1.76926E-02
    6.4843E+00  9.69864E+02 -3.10288E-02  9.69864E+02 -3.10288E-02  9.69864E+02 -3.10288E-02
    6.5222E+00  9.69864E+02 -3.10288E-02  9.69864E+02 -3.10288E-02  9.69864E+02 -3.10288E-02
    6.5601E+00  9.69864E+02 -3.10288E-02  9.69864E+02 -3.10288E-02  9.69864E+02 -3.10288E-02
    6.5981E+00  1.05885E+03 -5.19128E-02  1.05885E+03 -5.19128E-02  1.05885E+03 -5.19128E-02
    6.6360E+00  1.05885E+03 -5.19128E-02  1.05885E+03 -5.19128E-02  1.05885E+03 -5.19128E-02
    6.6739E+00  1.21199E+03 -8.94097E-02  1.21199E+03 -8.94097E-02  1.21199E+03 -8.94097E-02
    6.7118E+00  1.21199E+03 -8.94097E-02  1.21199E+03 -8.94097E-02  1.21199E+03 -8.94097E-02
    6.7497E+00  1.21199E+03 -8.94097E-02  1.21199E+03 -8.94097E-02  1.21199E+03 -8.94097E-02
    6.7877E+00  1.24345E+03 -9.99840E-02  1.24345E+03 -9.99840E-02  1.24345E+03 -9.99840E-02
    6.8256E+00  1.33796E+03 -1.26063E-01  1.33796E+03 -1.26063E-01  1.33796E+03 -1.26063E-01
    6.8635E+00  1.33796E+03 -1.26063E-01  1.33796E+03 -1.26063E-01  1.33796E+03 -1.26063E-01
    6.9014E+00  1.33796E+03 -1.26063E-01  1.33796E+03 -1.26063E-01  1.33796E+03 -1.26063E-01
    6.9393E+00  1.33796E+03 -1.26063E-01  1.33796E+03 -1.26063E-01  1.33796E+03 -1.26063E-01
    6.9773E+00  1.33796E+03 -1.26063E-01  1.33796E+03 -1.26063E-01  1.33796E+03 -1.26063E-01
    7.0152E+00  1.89228E+03 -2.20093E-01  1.89228E+03 -2.20093E-01  1.89228E+03 -2.20093E-01
    7.0531E+00  1.89228E+03 -2.20093E-01  1.89228E+03 -2.20093E-01  1.89228E+03 -2.20093E-01
    7.0910E+00  2.32054E+03 -3.01942E-01  2.32054E+03 -3.01942E-01  2.32054E+03 -3.01942E-01
    7.1289E+00  2.32054E+03 -3.01942E-01  2.32054E+03 -3.01942E-01  2.32054E+03 -3.01942E-01
    7.1669E+00  2.32054E+03 -3.01942E-01  2.32054E+03 -3.01942E-01  2.32054E+03 -3.01942E-01
    7.2048E+00  2.59434E+03 -3.68346E-01  2.59434E+03 -3.68346E-01  2.59434E+03 -3.68346E-01
    7.2427E+00  2.59434E+03 -3.68346E-01  2.59434E+03 -3.68346E-01  2.59434E+03 -3.68346E-01
    7.2806E+00  2.59434E+03 -3.68346E-01  2.59434E+03 -3.68346E-01  2.59434E+03 -3.68346E-01
    7.3185E+00  2.60263E+03 -3.71770E-01  2.60263E+03 -3.71770E-01  2.60263E+03 -3.71770E-01
    7.3565E+00  2.60263E+03 -3.71770E-01  2.60263E+03 -3.71770E-01  2.60263E+03 -3.71770E-01
    7.3944E+00  5.83565E+03 -5.23146E-01  5.83565E+03 -5.23146E-01  5.83565E+03 -5.23146E-01
    7.4323E+00  7.91722E+03 -6.51514E-01  7.91722E+03 -6.51514E-01  7.91722E+03 -6.51514E-01
    7.4702E+00  7.91722E+03 -6.51514E-01  7.91722E+03 -6.51514E-01  7.91722E+03 -6.51514E-01
    7.5081E+00  9.17683E+03 -7.99548E-01  9.17683E+03 -7.99548E-01  9.17683E+03 -7.99548E-01
    7.5461E+00  9.17683E+03 -7.99548E-01  9.17683E+03 -7.99548E-01  9.17683E+03 -7.99548E-01
    7.5840E+00  9.17683E+03 -7.99548E-01  9.17683E+03 -7.99548E-01  9.17683E+03 -7.99548E-01
    7.6219E+00  9.17683E+03 -7.99548E-01  9.17683E+03 -7.99548E-01  9.17683E+03 -7.99548E-01
    7.6598E+00  9.17683E+03 -7.99548E-01  9.17683E+03 -7.99548E-01  9.17683E+03 -7.99548E-01
    7.6977E+00  9.17683E+03 -7.99548E-01  9.17683E+03 -7.99548E-01  9.17683E+03 -7.99548E-01
    7.7357E+00  9.17683E+03 -7.99548E-01  9.17683E+03 -7.99548E-01  9.17683E+03 -7.99548E-01
    7.7736E+00  1.01614E+04 -9.39022E-01  1.01614E+04 -9.39022E-01  1.01614E+04 -9.39022E-01
    7.8115E+00  1.01614E+04 -9.39022E-01  1.01614E+04 -9.39022E-01  1.01614E+04 -9.39022E-01
    7.8494E+00  1.01614E+04 -9.39022E-01  1.01614E+04 -9.39022E-01  1.01614E+04 -9.39022E-01
    7.8873E+00  1.01614E+04 -9.39022E-01  1.01614E+04 -9.39022E-01  1.01614E+04 -9.39022E-01
    7.9253E+00  1.01614E+04 -9.39022E-01  1.01614E+04 -9.39022E-01  1.01614E+04 -9.39022E-01
    7.9632E+00  1.07375E+04 -1.04420E+00  1.07375E+04 -1.04420E+00  1.07375E+04 -1.04420E+00
    8.0011E+00  1.07375E+04 -1.04420E+00  1.07375E+04 -1.04420E+00  1.07375E+04 -1.04420E+00
    8.0390E+00  1.07375E+04 -1.04420E+00  1.07375E+04 -1.04420E+00  1.07375E+04 -1.04420E+00
    8.0769E+00  1.07375E+04 -1.04420E+00  1.07375E+04 -1.04420E+00  1.07375E+04 -1.04420E+00
    8.1149E+00  1.07375E+04 -1.04420E+00  1.07375E+04 -1.04420E+00  1.07375E+04 -1.04420E+00
    8.1528E+00  1.07430E+04 -1.04665E+00  1.07430E+04 -1.04665E+00  1.07430E+04 -1.04665E+00
    8.1907E+00  1.30593E+04 -1.21308E+00  1.30593E+04 -1.21308E+00  1.30593E+04 -1.21308E+00
    8.2286E+00  1.30950E+04 -1.22669E+00  1.30950E+04 -1.22669E+00  1.30950E+04 -1.22669E+00
    8.2665E+00  1.33403E+04 -1.28563E+00  1.33403E+04 -1.28563E+00  1.33403E+04 -1.28563E+00
    8.3045E+00  1.33403E+04 -1.28563E+00  1.33403E+04 -1.28563E+00  1.33403E+04 -1.28563E+00
    8.3424E+00  1.33403E+04 -1.28563E+00  1.33403E+04 -1.28563E+00  1.33403E+04 -1.28563E+00
    8.3803E+00  1.33403E+04 -1.28563E+00  1.33403E+04 -1.28563E+00  1.33403E+04 -1.28563E+00
    8.4182E+00  1.33403E+04 -1.28563E+00  1.33403E+04 -1.28563E+00  1.33403E+04 -1.28563E+00
    8.4561E+00  1.33403E+04 -1.28563E+00  1.33403E+04 -1.28563E+00  1.33403E+04 -1.28563E+00
    8.4941E+00  1.33403E+04 -1.28563E+00  1.33403E+04 -1.28563E+00  1.33403E+04 -1.28563E+00
    8.5320E+00  1.33403E+04 -1.28563E+00  1.33403E+04 -1.28563E+00  1.33403E+04 -1.28563E+00
    8.5699E+00  1.33403E+04 -1.28563E+00  1.33403E+04 -1.28563E+00  1.33403E+04 -1.28563E+00
    8.6078E+00  1.33403E+04 -1.28563E+00  1.33403E+04 -1.28563E+00  1.33403E+04 -1.28563E+00
    8.6457E+00  1.33403E+04 -1.28563E+00  1.33403E+04 -1.28563E+00  1.33403E+04 -1.28563E+00
    8.6837E+00  1.33403E+04 -1.28563E+00  1.33403E+04 -1.28563E+00  1.33403E+04 -1.28563E+00
    8.7216E+00  1.33403E+04 -1.28563E+00  1.33403E+04 -1.28563E+00  1.33403E+04 -1.28563E+00
    8.7595E+00  1.33461E+04 -1.28824E+00  1.33461E+04 -1.28824E+00  1.33461E+04 -1.28824E+00
    8.7974E+00  1.33461E+04 -1.28824E+00  1.33461E+04 -1.28824E+00  1.33461E+04 -1.28824E+00
    8.8353E+00  1.33461E+04 -1.28824E+00  1.33461E+04 -1.28824E+00  1.33461E+04 -1.28824E+00
    8.8733E+00  1.33461E+04 -1.28824E+00  1.33461E+04 -1.28824E+00  1.33461E+04 -1.28824E+00
    8.9112E+00  1.33461E+04 -1.28824E+00  1.33461E+04 -1.28824E+00  1.33461E+04 -1.28824E+00
    8.9491E+00  1.33461E+04 -1.28824E+00  1.33461E+04 -1.28824E+00  1.33461E+04 -1.28824E+00
    8.9870E+00  1.33461E+04 -1.28824E+00  1.33461E+04 -1.28824E+00  1.33461E+04 -1.28824E+00
    9.0249E+00  1.34281E+04 -1.31389E+00  1.34281E+04 -1.31389E+00  1.34281E+04 -1.31389E+00
    9.0629E+00  1.34281E+04 -1.31389E+00  1.34281E+04 -1.31389E+00  1.34281E+04 -1.31389E+00
    9.1008E+00  1.34281E+04 -1.31389E+00  1.34281E+04 -1.31389E+00  1.34281E+04 -1.31389E+00
    9.1387E+00  1.44994E+04 -1.49752E+00  1.44994E+04 -1.49752E+00  1.44994E+04 -1.49752E+00
    9.1766E+00  1.44994E+04 -1.49752E+00  1.44994E+04 -1.49752E+00  1.44994E+04 -1.49752E+00
    9.2145E+00  1.44994E+04 -1.49752E+00  1.44994E+04 -1.49752E+00  1.44994E+04 -1.49752E+00
    9.2525E+00  1.44994E+04 -1.49752E+00  1.44994E+04 -1.49752E+00  1.44994E+04 -1.49752E+00
    9.2904E+00  1.44994E+04 -1.49752E+00  1.44994E+04 -1.49752E+00  1.44994E+04 -1.49752E+00
    9.3283E+00  1.69342E+04 -1.72458E+00  1.69342E+04 -1.72458E+00  1.69342E+04 -1.72458E+00
    9.3662E+00  1.69342E+04 -1.72458E+00  1.69342E+04 -1.72458E+00  1.69342E+04 -1.72458E+00
    9.4041E+00  1.69342E+04 -1.72458E+00  1.69342E+04 -1.72458E+00  1.69342E+04 -1.72458E+00
    9.4421E+00  1.69342E+04 -1.72458E+00  1.69342E+04 -1.72458E+00  1.69342E+04 -1.72458E+00
    9.4800E+00  1.69342E+04 -1.72458E+00  1.69342E+04 -1.72458E+00  1.69342E+04 -1.72458E+00
    9.5179E+00  1.69342E+04 -1.72458E+00  1.69342E+04 -1.72458E+00  1.69342E+04 -1.72458E+00
    9.5558E+00  1.69342E+04 -1.72458E+00  1.69342E+04 -1.72458E+00  1.69342E+04 -1.72458E+00
    9.5937E+00  1.69342E+04 -1.72458E+00  1.69342E+04 -1.72458E+00  1.69342E+04 -1.72458E+00
    9.6317E+00  1.69342E+04 -1.72458E+00  1.69342E+04 -1.72458E+00  1.69342E+04 -1.72458E+00
    9.6696E+00  1.69342E+04 -1.72458E+00  1.69342E+04 -1.72458E+00  1.69342E+04 -1.72458E+00
    9.7075E+00  1.69342E+04 -1.72458E+00  1.69342E+04 -1.72458E+00  1.69342E+04 -1.72458E+00
    9.7454E+00  1.69342E+04 -1.72458E+00  1.69342E+04 -1.72458E+00  1.69342E+04 -1.72458E+00
    9.7833E+00  1.69735E+04 -1.73583E+00  1.69735E+04 -1.73583E+00  1.69735E+04 -1.73583E+00
    9.8213E+00  1.69735E+04 -1.73583E+00  1.69735E+04 -1.73583E+00  1.69735E+04 -1.73583E+00
    9.8592E+00  1.69735E+04 -1.73583E+00  1.69735E+04 -1.73583E+00  1.69735E+04 -1.73583E+00
    9.8971E+00  1.69735E+04 -1.73583E+00  1.69735E+04 -1.73583E+00  1.69735E+04 -1.73583E+00
    9.9350E+00  1.69735E+04 -1.73583E+00  1.69735E+04 -1.73583E+00  1.69735E+04 -1.73583E+00
    9.9729E+00  1.69735E+04 -1.73583E+00  1.69735E+04 -1.73583E+00  1.69735E+04 -1.73583E+00
    1.0011E+01  1.69735E+04 -1.73583E+00  1.69735E+04 -1.73583E+00  1.69735E+04 -1.73583E+00
    1.0049E+01  1.69735E+04 -1.73583E+00  1.69735E+04 -1.73583E+00  1.69735E+04 -1.73583E+00
    1.0087E+01  2.14115E+04 -1.82509E+00  2.14115E+04 -1.82509E+00  2.14115E+04 -1.82509E+00
    1.0125E+01  2.14115E+04 -1.82509E+00  2.14115E+04 -1.82509E+00  2.14115E+04 -1.82509E+00
    1.0163E+01  2.14115E+04 -1.82509E+00  2.14115E+04 -1.82509E+00  2.14115E+04 -1.82509E+00
    1.0200E+01  2.14115E+04 -1.82509E+00  2.14115E+04 -1.82509E+00  2.14115E+04 -1.82509E+00
    1.0238E+01  2.14115E+04 -1.82509E+00  2.14115E+04 -1.82509E+00  2.14115E+04 -1.82509E+00
    1.0276E+01  2.14115E+04 -1.82509E+00  2.14115E+04 -1.82509E+00  2.14115E+04 -1.82509E+00
    1.0314E+01  2.14115E+04 -1.82509E+00  2.14115E+04 -1.82509E+00  2.14115E+04 -1.82509E+00
    1.0352E+01  2.34680E+04 -2.08569E+00  2.34680E+04 -2.08569E+00  2.34680E+04 -2.08569E+00
    1.0390E+01  2.34680E+04 -2.08569E+00  2.34680E+04 -2.08569E+00  2.34680E+04 -2.08569E+00
    1.0428E+01  2.36954E+04 -2.15711E+00  2.36954E+04 -2.15711E+00  2.36954E+04 -2.15711E+00
    1.0466E+01  2.40260E+04 -2.25424E+00  2.40260E+04 -2.25424E+00  2.40260E+04 -2.25424E+00
    1.0504E+01  2.40671E+04 -2.26938E+00  2.40671E+04 -2.26938E+00  2.40671E+04 -2.26938E+00
    1.0542E+01  2.40671E+04 -2.26938E+00  2.40671E+04 -2.26938E+00  2.40671E+04 -2.26938E+00
    1.0580E+01  2.40763E+04 -2.27292E+00  2.40763E+04 -2.27292E+00  2.40763E+04 -2.27292E+00
    1.0618E+01  2.41457E+04 -2.29918E+00  2.41457E+04 -2.29918E+00  2.41457E+04 -2.29918E+00
    1.0655E+01  2.44934E+04 -2.41255E+00  2.44934E+04 -2.41255E+00  2.44934E+04 -2.41255E+00
    1.0693E+01  2.44934E+04 -2.41255E+00  2.44934E+04 -2.41255E+00  2.44934E+04 -2.41255E+00
    1.0731E+01  2.44990E+04 -2.41513E+00  2.44990E+04 -2.41513E+00  2.44990E+04 -2.41513E+00
    1.0769E+01  2.44990E+04 -2.41513E+00  2.44990E+04 -2.41513E+00  2.44990E+04 -2.41513E+00
    1.0807E+01  2.44990E+04 -2.41513E+00  2.44990E+04 -2.41513E+00  2.44990E+04 -2.41513E+00
    1.0845E+01  2.44990E+04 -2.41513E+00  2.44990E+04 -2.41513E+00  2.44990E+04 -2.41513E+00
    1.0883E+01  2.45003E+04 -2.41576E+00  2.45003E+04 -2.41576E+00  2.45003E+04 -2.41576E+00
    1.0921E+01  2.52204E+04 -2.61217E+00  2.52204E+04 -2.61217E+00  2.52204E+04 -2.61217E+00
    1.0959E+01  2.52204E+04 -2.61217E+00  2.52204E+04 -2.61217E+00  2.52204E+04 -2.61217E+00
    1.0997E+01  2.52204E+04 -2.61217E+00  2.52204E+04 -2.61217E+00  2.52204E+04 -2.61217E+00
    1.1035E+01  2.52204E+04 -2.61217E+00  2.52204E+04 -2.61217E+00  2.52204E+04 -2.61217E+00
    1.1073E+01  2.54702E+04 -2.66864E+00  2.54702E+04 -2.66864E+00  2.54702E+04 -2.66864E+00
    1.1111E+01  2.64245E+04 -2.91356E+00  2.64245E+04 -2.91356E+00  2.64245E+04 -2.91356E+00
    1.1148E+01  2.64245E+04 -2.91356E+00  2.64245E+04 -2.91356E+00  2.64245E+04 -2.91356E+00
    1.1186E+01  2.75463E+04 -3.18664E+00  2.75463E+04 -3.18664E+00  2.75463E+04 -3.18664E+00
    1.1224E+01  2.75463E+04 -3.18664E+00  2.75463E+04 -3.18664E+00  2.75463E+04 -3.18664E+00
    1.1262E+01  2.75463E+04 -3.18664E+00  2.75463E+04 -3.18664E+00  2.75463E+04 -3.18664E+00
    1.1300E+01  2.87681E+04 -3.48669E+00  2.87681E+04 -3.48669E+00  2.87681E+04 -3.48669E+00
    1.1338E+01  2.87921E+04 -3.49636E+00  2.87921E+04 -3.49636E+00  2.87921E+04 -3.49636E+00
    1.1376E+01  2.89818E+04 -3.55917E+00  2.89818E+04 -3.55917E+00  2.89818E+04 -3.55917E+00
    1.1414E+01  2.89818E+04 -3.55917E+00  2.89818E+04 -3.55917E+00  2.89818E+04 -3.55917E+00
    1.1452E+01  2.89818E+04 -3.55917E+00  2.89818E+04 -3.55917E+00  2.89818E+04 -3.55917E+00
    1.1490E+01  2.89818E+04 -3.55917E+00  2.89818E+04 -3.55917E+00  2.89818E+04 -3.55917E+00
    1.1528E+01  2.89818E+04 -3.55917E+00  2.89818E+04 -3.55917E+00  2.89818E+04 -3.55917E+00
    1.1566E+01  2.90158E+04 -3.57354E+00  2.90158E+04 -3.57354E+00  2.90158E+04 -3.57354E+00
    1.1603E+01  2.90158E+04 -3.57354E+00  2.90158E+04 -3.57354E+00  2.90158E+04 -3.57354E+00
    1.1641E+01  2.90158E+04 -3.57354E+00  2.90158E+04 -3.57354E+00  2.90158E+04 -3.57354E+00
    1.1679E+01  2.90158E+04 -3.57354E+00  2.90158E+04 -3.57354E+00  2.90158E+04 -3.57354E+00
    1.1717E+01  3.04936E+04 -3.89613E+00  3.04936E+04 -3.89613E+00  3.04936E+04 -3.89613E+00
    1.1755E+01  3.04936E+04 -3.89613E+00  3.04936E+04 -3.89613E+00  3.04936E+04 -3.89613E+00
    1.1793E+01  3.04936E+04 -3.89613E+00  3.04936E+04 -3.89613E+00  3.04936E+04 -3.89613E+00
    1.1831E+01  3.07977E+04 -3.98001E+00  3.07977E+04 -3.98001E+00  3.07977E+04 -3.98001E+00
    1.1869E+01  3.07977E+04 -3.98001E+00  3.07977E+04 -3.98001E+00  3.07977E+04 -3.98001E+00
    1.1907E+01  3.07977E+04 -3.98001E+00  3.07977E+04 -3.98001E+00  3.07977E+04 -3.98001E+00
    1.1945E+01  3.76779E+04 -4.16635E+00  3.76779E+04 -4.16635E+00  3.76779E+04 -4.16635E+00
    1.1983E+01  3.76779E+04 -4.16635E+00  3.76779E+04 -4.16635E+00  3.76779E+04 -4.16635E+00
    1.2021E+01  3.76779E+04 -4.16635E+00  3.76779E+04 -4.16635E+00  3.76779E+04 -4.16635E+00
    1.2059E+01  3.76779E+04 -4.16635E+00  3.76779E+04 -4.16635E+00  3.76779E+04 -4.16635E+00
    1.2096E+01  3.76779E+04 -4.16635E+00  3.76779E+04 -4.16635E+00  3.76779E+04 -4.16635E+00
    1.2134E+01  3.82988E+04 -4.31435E+00  3.82988E+04 -4.31435E+00  3.82988E+04 -4.31435E+00
    1.2172E+01  3.82988E+04 -4.31435E+00  3.82988E+04 -4.31435E+00  3.82988E+04 -4.31435E+00
    1.2210E+01  3.82988E+04 -4.31435E+00  3.82988E+04 -4.31435E+00  3.82988E+04 -4.31435E+00
    1.2248E+01  4.10135E+04 -4.81932E+00  4.10135E+04 -4.81932E+00  4.10135E+04 -4.81932E+00
    1.2286E+01  4.10135E+04 -4.81932E+00  4.10135E+04 -4.81932E+00  4.10135E+04 -4.81932E+00
    1.2324E+01  4.10135E+04 -4.81932E+00  4.10135E+04 -4.81932E+00  4.10135E+04 -4.81932E+00
    1.2362E+01  4.16857E+04 -4.91003E+00  4.16857E+04 -4.91003E+00  4.16857E+04 -4.91003E+00
    1.2400E+01  4.16857E+04 -4.91003E+00  4.16857E+04 -4.91003E+00  4.16857E+04 -4.91003E+00
    1.2438E+01  4.24859E+04 -5.10106E+00  4.24859E+04 -5.10106E+00  4.24859E+04 -5.10106E+00
    1.2476E+01  4.24859E+04 -5.10106E+00  4.24859E+04 -5.10106E+00  4.24859E+04 -5.10106E+00
    1.2514E+01  4.24859E+04 -5.10106E+00  4.24859E+04 -5.10106E+00  4.24859E+04 -5.10106E+00
    1.2551E+01  4.61333E+04 -5.72215E+00  4.61333E+04 -5.72215E+00  4.61333E+04 -5.72215E+00
    1.2589E+01  4.61333E+04 -5.72215E+00  4.61333E+04 -5.72215E+00  4.61333E+04 -5.72215E+00
    1.2627E+01  4.61333E+04 -5.72215E+00  4.61333E+04 -5.72215E+00  4.61333E+04 -5.72215E+00
    1.2665E+01  4.61499E+04 -5.72988E+00  4.61499E+04 -5.72988E+00  4.61499E+04 -5.72988E+00
    1.2703E+01  4.61499E+04 -5.72988E+00  4.61499E+04 -5.72988E+00  4.61499E+04 -5.72988E+00
    1.2741E+01  5.48920E+04 -6.10100E+00  5.48920E+04 -6.10100E+00  5.48920E+04 -6.10100E+00
    1.2779E+01  5.48920E+04 -6.10100E+00  5.48920E+04 -6.10100E+00  5.48920E+04 -6.10100E+00
    1.2817E+01  6.37720E+04 -6.69331E+00  6.37720E+04 -6.69331E+00  6.37720E+04 -6.69331E+00
    1.2855E+01  6.38276E+04 -6.71591E+00  6.38276E+04 -6.71591E+00  6.38276E+04 -6.71591E+00
    1.2893E+01  6.38276E+04 -6.71591E+00  6.38276E+04 -6.71591E+00  6.38276E+04 -6.71591E+00
    1.2931E+01  6.38404E+04 -6.72205E+00  6.38404E+04 -6.72205E+00  6.38404E+04 -6.72205E+00
    1.2969E+01  6.38404E+04 -6.72205E+00  6.38404E+04 -6.72205E+00  6.38404E+04 -6.72205E+00
    1.3007E+01  6.38404E+04 -6.72205E+00  6.38404E+04 -6.72205E+00  6.38404E+04 -6.72205E+00
    1.3044E+01  6.60324E+04 -7.09035E+00  6.60324E+04 -7.09035E+00  6.60324E+04 -7.09035E+00
    1.3082E+01  7.04705E+04 -7.13251E+00  7.04705E+04 -7.13251E+00  7.04705E+04 -7.13251E+00
    1.3120E+01  7.04705E+04 -7.13251E+00  7.04705E+04 -7.13251E+00  7.04705E+04 -7.13251E+00
    1.3158E+01  7.04705E+04 -7.13251E+00  7.04705E+04 -7.13251E+00  7.04705E+04 -7.13251E+00
    1.3196E+01  7.04705E+04 -7.13251E+00  7.04705E+04 -7.13251E+00  7.04705E+04 -7.13251E+00
    1.3234E+01  7.04705E+04 -7.13251E+00  7.04705E+04 -7.13251E+00  7.04705E+04 -7.13251E+00
    1.3272E+01  7.04705E+04 -7.13251E+00  7.04705E+04 -7.13251E+00  7.04705E+04 -7.13251E+00
    1.3310E+01  7.28065E+04 -7.61204E+00  7.28065E+04 -7.61204E+00  7.28065E+04 -7.61204E+00
    1.3348E+01  7.28065E+04 -7.61204E+00  7.28065E+04 -7.61204E+00  7.28065E+04 -7.61204E+00
    1.3386E+01  7.28065E+04 -7.61204E+00  7.28065E+04 -7.61204E+00  7.28065E+04 -7.61204E+00
    1.3424E+01  7.28065E+04 -7.61204E+00  7.28065E+04 -7.61204E+00  7.28065E+04 -7.61204E+00
    1.3462E+01  7.28065E+04 -7.61204E+00  7.28065E+04 -7.61204E+00  7.28065E+04 -7.61204E+00
    1.3499E+01  7.28065E+04 -7.61204E+00  7.28065E+04 -7.61204E+00  7.28065E+04 -7.61204E+00
    1.3537E+01  7.28227E+04 -7.61967E+00  7.28227E+04 -7.61967E+00  7.28227E+04 -7.61967E+00
    1.3575E+01  7.28227E+04 -7.61967E+00  7.28227E+04 -7.61967E+00  7.28227E+04 -7.61967E+00
    1.3613E+01  7.71688E+04 -8.34309E+00  7.71688E+04 -8.34309E+00  7.71688E+04 -8.34309E+00
    1.3651E+01  8.18178E+04 -8.37344E+00  8.18178E+04 -8.37344E+00  8.18178E+04 -8.37344E+00
    1.3689E+01  8.18178E+04 -8.37344E+00  8.18178E+04 -8.37344E+00  8.18178E+04 -8.37344E+00
    1.3727E+01  8.18178E+04 -8.37344E+00  8.18178E+04 -8.37344E+00  8.18178E+04 -8.37344E+00
    1.3765E+01  8.18178E+04 -8.37344E+00  8.18178E+04 -8.37344E+00  8.18178E+04 -8.37344E+00
    1.3803E+01  8.18178E+04 -8.37344E+00  8.18178E+04 -8.37344E+00  8.18178E+04 -8.37344E+00
    1.3841E+01  8.18178E+04 -8.37344E+00  8.18178E+04 -8.37344E+00  8.18178E+04 -8.37344E+00
    1.3879E+01  8.18178E+04 -8.37344E+00  8.18178E+04 -8.37344E+00  8.18178E+04 -8.37344E+00
    1.3917E+01  8.21350E+04 -8.46330E+00  8.21350E+04 -8.46330E+00  8.21350E+04 -8.46330E+00
    1.3955E+01  8.88683E+04 -9.40656E+00  8.88683E+04 -9.40656E+00  8.88683E+04 -9.40656E+00
    1.3992E+01  8.88683E+04 -9.40656E+00  8.88683E+04 -9.40656E+00  8.88683E+04 -9.40656E+00
    1.4030E+01  8.88683E+04 -9.40656E+00  8.88683E+04 -9.40656E+00  8.88683E+04 -9.40656E+00
    1.4068E+01  8.88683E+04 -9.40656E+00  8.88683E+04 -9.40656E+00  8.88683E+04 -9.40656E+00
    1.4106E+01  8.88683E+04 -9.40656E+00  8.88683E+04 -9.40656E+00  8.88683E+04 -9.40656E+00
    1.4144E+01  8.88683E+04 -9.40656E+00  8.88683E+04 -9.40656E+00  8.88683E+04 -9.40656E+00
    1.4182E+01  9.78253E+04 -1.06027E+01  9.78253E+04 -1.06027E+01  9.78253E+04 -1.06027E+01
    1.4220E+01  1.10444E+05 -1.19935E+01  1.10444E+05 -1.19935E+01  1.10444E+05 -1.19935E+01
    1.4258E+01  1.10444E+05 -1.19935E+01  1.10444E+05 -1.19935E+01  1.10444E+05 -1.19935E+01
    1.4296E+01  1.10525E+05 -1.20233E+01  1.10525E+05 -1.20233E+01  1.10525E+05 -1.20233E+01
    1.4334E+01  1.11182E+05 -1.21616E+01  1.11182E+05 -1.21616E+01  1.11182E+05 -1.21616E+01
    1.4372E+01  1.11182E+05 -1.21616E+01  1.11182E+05 -1.21616E+01  1.11182E+05 -1.21616E+01
    1.4410E+01  1.11182E+05 -1.21616E+01  1.11182E+05 -1.21616E+01  1.11182E+05 -1.21616E+01
    1.4447E+01  1.11903E+05 -1.23103E+01  1.11903E+05 -1.23103E+01  1.11903E+05 -1.23103E+01
    1.4485E+01  1.12459E+05 -1.24820E+01  1.12459E+05 -1.24820E+01  1.12459E+05 -1.24820E+01
    1.4523E+01  1.12459E+05 -1.24820E+01  1.12459E+05 -1.24820E+01  1.12459E+05 -1.24820E+01
    1.4561E+01  1.12459E+05 -1.24820E+01  1.12459E+05 -1.24820E+01  1.12459E+05 -1.24820E+01
    1.4599E+01  1.12459E+05 -1.24820E+01  1.12459E+05 -1.24820E+01  1.12459E+05 -1.24820E+01
    1.4637E+01  1.12459E+05 -1.24820E+01  1.12459E+05 -1.24820E+01  1.12459E+05 -1.24820E+01
    1.4675E+01  1.12459E+05 -1.24820E+01  1.12459E+05 -1.24820E+01  1.12459E+05 -1.24820E+01
    1.4713E+01  1.14825E+05 -1.25049E+01  1.14825E+05 -1.25049E+01  1.14825E+05 -1.25049E+01
    1.4751E+01  1.14825E+05 -1.25049E+01  1.14825E+05 -1.25049E+01  1.14825E+05 -1.25049E+01
    1.4789E+01  1.14825E+05 -1.25049E+01  1.14825E+05 -1.25049E+01  1.14825E+05 -1.25049E+01
    1.4827E+01  1.19445E+05 -1.31135E+01  1.19445E+05 -1.31135E+01  1.19445E+05 -1.31135E+01
    1.4865E+01  1.19445E+05 -1.31135E+01  1.19445E+05 -1.31135E+01  1.19445E+05 -1.31135E+01
    1.4903E+01  1.19445E+05 -1.31135E+01  1.19445E+05 -1.31135E+01  1.19445E+05 -1.31135E+01
    1.4940E+01  1.19445E+05 -1.31135E+01  1.19445E+05 -1.31135E+01  1.19445E+05 -1.31135E+01
    1.4978E+01  1.19445E+05 -1.31135E+01  1.19445E+05 -1.31135E+01  1.19445E+05 -1.31135E+01
    1.5016E+01  1.31282E+05 -1.46320E+01  1.31282E+05 -1.46320E+01  1.31282E+05 -1.46320E+01
    1.5054E+01  1.31282E+05 -1.46320E+01  1.31282E+05 -1.46320E+01  1.31282E+05 -1.46320E+01
    1.5092E+01  1.31282E+05 -1.46320E+01  1.31282E+05 -1.46320E+01  1.31282E+05 -1.46320E+01
    1.5130E+01  1.31282E+05 -1.46320E+01  1.31282E+05 -1.46320E+01  1.31282E+05 -1.46320E+01
    1.5168E+01  1.31282E+05 -1.46320E+01  1.31282E+05 -1.46320E+01  1.31282E+05 -1.46320E+01
    1.5206E+01  1.31282E+05 -1.46320E+01  1.31282E+05 -1.46320E+01  1.31282E+05 -1.46320E+01
    1.5244E+01  1.31282E+05 -1.46320E+01  1.31282E+05 -1.46320E+01  1.31282E+05 -1.46320E+01
    1.5282E+01  1.31282E+05 -1.46320E+01  1.31282E+05 -1.46320E+01  1.31282E+05 -1.46320E+01
    1.5320E+01  1.49296E+05 -1.64068E+01  1.49296E+05 -1.64068E+01  1.49296E+05 -1.64068E+01
    1.5358E+01  1.49296E+05 -1.64068E+01  1.49296E+05 -1.64068E+01  1.49296E+05 -1.64068E+01
    1.5395E+01  1.51823E+05 -1.69119E+01  1.51823E+05 -1.69119E+01  1.51823E+05 -1.69119E+01
    1.5433E+01  1.51823E+05 -1.69119E+01  1.51823E+05 -1.69119E+01  1.51823E+05 -1.69119E+01
    1.5471E+01  1.51831E+05 -1.69157E+01  1.51831E+05 -1.69157E+01  1.51831E+05 -1.69157E+01
    1.5509E+01  1.51831E+05 -1.69157E+01  1.51831E+05 -1.69157E+01  1.51831E+05 -1.69157E+01
    1.5547E+01  1.51831E+05 -1.69157E+01  1.51831E+05 -1.69157E+01  1.51831E+05 -1.69157E+01
    1.5585E+01  1.59780E+05 -1.81952E+01  1.59780E+05 -1.81952E+01  1.59780E+05 -1.81952E+01
    1.5623E+01  1.59780E+05 -1.81952E+01  1.59780E+05 -1.81952E+01  1.59780E+05 -1.81952E+01
    1.5661E+01  1.59780E+05 -1.81952E+01  1.59780E+05 -1.81952E+01  1.59780E+05 -1.81952E+01
    1.5699E+01  1.59780E+05 -1.81952E+01  1.59780E+05 -1.81952E+01  1.59780E+05 -1.81952E+01
    1.5737E+01  1.59780E+05 -1.81952E+01  1.59780E+05 -1.81952E+01  1.59780E+05 -1.81952E+01
    1.5775E+01  1.59780E+05 -1.81952E+01  1.59780E+05 -1.81952E+01  1.59780E+05 -1.81952E+01
    1.5813E+01  1.61225E+05 -1.85953E+01  1.61225E+05 -1.85953E+01  1.61225E+05 -1.85953E+01
    1.5851E+01  1.61225E+05 -1.85953E+01  1.61225E+05 -1.85953E+01  1.61225E+05 -1.85953E+01
    1.5888E+01  1.61225E+05 -1.85953E+01  1.61225E+05 -1.85953E+01  1.61225E+05 -1.85953E+01
    1.5926E+01  1.63912E+05 -1.92592E+01  1.63912E+05 -1.92592E+01  1.63912E+05 -1.92592E+01
    1.5964E+01  1.81715E+05 -2.06783E+01  1.81715E+05 -2.06783E+01  1.81715E+05 -2.06783E+01
    1.6002E+01  1.99946E+05 -2.22885E+01  1.99946E+05 -2.22885E+01  1.99946E+05 -2.22885E+01
    1.6040E+01  1.99946E+05 -2.22885E+01  1.99946E+05 -2.22885E+01  1.99946E+05 -2.22885E+01
    1.6078E+01  2.00898E+05 -2.25220E+01  2.00898E+05 -2.25220E+01  2.00898E+05 -2.25220E+01
    1.6116E+01  2.00898E+05 -2.25220E+01  2.00898E+05 -2.25220E+01  2.00898E+05 -2.25220E+01
    1.6154E+01  2.00898E+05 -2.25220E+01  2.00898E+05 -2.25220E+01  2.00898E+05 -2.25220E+01
    1.6192E+01  2.00898E+05 -2.25220E+01  2.00898E+05 -2.25220E+01  2.00898E+05 -2.25220E+01
    1.6230E+01  2.00898E+05 -2.25220E+01  2.00898E+05 -2.25220E+01  2.00898E+05 -2.25220E+01
    1.6268E+01  2.01118E+05 -2.26011E+01  2.01118E+05 -2.26011E+01  2.01118E+05 -2.26011E+01
    1.6306E+01  2.01118E+05 -2.26011E+01  2.01118E+05 -2.26011E+01  2.01118E+05 -2.26011E+01
    1.6343E+01  2.01118E+05 -2.26011E+01  2.01118E+05 -2.26011E+01  2.01118E+05 -2.26011E+01
    1.6381E+01  2.01145E+05 -2.26138E+01  2.01145E+05 -2.26138E+01  2.01145E+05 -2.26138E+01
    1.6419E+01  2.01145E+05 -2.26138E+01  2.01145E+05 -2.26138E+01  2.01145E+05 -2.26138E+01
    1.6457E+01  2.01778E+05 -2.28224E+01  2.01778E+05 -2.28224E+01  2.01778E+05 -2.28224E+01
    1.6495E+01  2.02073E+05 -2.29254E+01  2.02073E+05 -2.29254E+01  2.02073E+05 -2.29254E+01
    1.6533E+01  2.02073E+05 -2.29254E+01  2.02073E+05 -2.29254E+01  2.02073E+05 -2.29254E+01
    1.6571E+01  2.02732E+05 -2.31279E+01  2.02732E+05 -2.31279E+01  2.02732E+05 -2.31279E+01
    1.6609E+01  2.03012E+05 -2.32263E+01  2.03012E+05 -2.32263E+01  2.03012E+05 -2.32263E+01
    1.6647E+01  2.03983E+05 -2.35304E+01  2.03983E+05 -2.35304E+01  2.03983E+05 -2.35304E+01
    1.6685E+01  2.23123E+05 -2.50323E+01  2.23123E+05 -2.50323E+01  2.23123E+05 -2.50323E+01
    1.6723E+01  2.23123E+05 -2.50323E+01  2.23123E+05 -2.50323E+01  2.23123E+05 -2.50323E+01
    1.6761E+01  2.23123E+05 -2.50323E+01  2.23123E+05 -2.50323E+01  2.23123E+05 -2.50323E+01
    1.6799E+01  2.30942E+05 -2.57616E+01  2.30942E+05 -2.57616E+01  2.30942E+05 -2.57616E+01
    1.6836E+01  2.30942E+05 -2.57616E+01  2.30942E+05 -2.57616E+01  2.30942E+05 -2.57616E+01
    1.6874E+01  2.30942E+05 -2.57616E+01  2.30942E+05 -2.57616E+01  2.30942E+05 -2.57616E+01
    1.6912E+01  2.30959E+05 -2.57700E+01  2.30959E+05 -2.57700E+01  2.30959E+05 -2.57700E+01
    1.6950E+01  2.31082E+05 -2.58187E+01  2.31082E+05 -2.58187E+01  2.31082E+05 -2.58187E+01
    1.6988E+01  2.31095E+05 -2.58250E+01  2.31095E+05 -2.58250E+01  2.31095E+05 -2.58250E+01
    1.7026E+01  2.31095E+05 -2.58250E+01  2.31095E+05 -2.58250E+01  2.31095E+05 -2.58250E+01
    1.7064E+01  2.31095E+05 -2.58250E+01  2.31095E+05 -2.58250E+01  2.31095E+05 -2.58250E+01
    1.7102E+01  2.44052E+05 -2.64396E+01  2.44052E+05 -2.64396E+01  2.44052E+05 -2.64396E+01
    1.7140E+01  2.44052E+05 -2.64396E+01  2.44052E+05 -2.64396E+01  2.44052E+05 -2.64396E+01
    1.7178E+01  2.44052E+05 -2.64396E+01  2.44052E+05 -2.64396E+01  2.44052E+05 -2.64396E+01
    1.7216E+01  2.44207E+05 -2.64991E+01  2.44207E+05 -2.64991E+01  2.44207E+05 -2.64991E+01
    1.7254E+01  2.44207E+05 -2.64991E+01  2.44207E+05 -2.64991E+01  2.44207E+05 -2.64991E+01
    1.7291E+01  2.44299E+05 -2.65373E+01  2.44299E+05 -2.65373E+01  2.44299E+05 -2.65373E+01
    1.7329E+01  2.44299E+05 -2.65373E+01  2.44299E+05 -2.65373E+01  2.44299E+05 -2.65373E+01
    1.7367E+01  2.44387E+05 -2.65737E+01  2.44387E+05 -2.65737E+01  2.44387E+05 -2.65737E+01
    1.7405E+01  2.48119E+05 -2.73749E+01  2.48119E+05 -2.73749E+01  2.48119E+05 -2.73749E+01
    1.7443E+01  2.50732E+05 -2.80488E+01  2.50732E+05 -2.80488E+01  2.50732E+05 -2.80488E+01
    1.7481E+01  2.50732E+05 -2.80488E+01  2.50732E+05 -2.80488E+01  2.50732E+05 -2.80488E+01
    1.7519E+01  2.50732E+05 -2.80488E+01  2.50732E+05 -2.80488E+01  2.50732E+05 -2.80488E+01
    1.7557E+01  2.50732E+05 -2.80488E+01  2.50732E+05 -2.80488E+01  2.50732E+05 -2.80488E+01
    1.7595E+01  2.52724E+05 -2.85464E+01  2.52724E+05 -2.85464E+01  2.52724E+05 -2.85464E+01
    1.7633E+01  2.52724E+05 -2.85464E+01  2.52724E+05 -2.85464E+01  2.52724E+05 -2.85464E+01
    1.7671E+01  2.68060E+05 -2.91543E+01  2.68060E+05 -2.91543E+01  2.68060E+05 -2.91543E+01
    1.7709E+01  3.17953E+05 -3.00788E+01  3.17953E+05 -3.00788E+01  3.17953E+05 -3.00788E+01
    1.7747E+01  3.17953E+05 -3.00788E+01  3.17953E+05 -3.00788E+01  3.17953E+05 -3.00788E+01
    1.7784E+01  3.17953E+05 -3.00788E+01  3.17953E+05 -3.00788E+01  3.17953E+05 -3.00788E+01
    1.7822E+01  3.17953E+05 -3.00788E+01  3.17953E+05 -3.00788E+01  3.17953E+05 -3.00788E+01
    1.7860E+01  3.38882E+05 -3.17553E+01  3.38882E+05 -3.17553E+01  3.38882E+05 -3.17553E+01
    1.7898E+01  3.41042E+05 -3.22866E+01  3.41042E+05 -3.22866E+01  3.41042E+05 -3.22866E+01
    1.7936E+01  3.41042E+05 -3.22866E+01  3.41042E+05 -3.22866E+01  3.41042E+05 -3.22866E+01
    1.7974E+01  3.41272E+05 -3.23627E+01  3.41272E+05 -3.23627E+01  3.41272E+05 -3.23627E+01
    1.8012E+01  3.41272E+05 -3.23627E+01  3.41272E+05 -3.23627E+01  3.41272E+05 -3.23627E+01
    1.8050E+01  3.41272E+05 -3.23627E+01  3.41272E+05 -3.23627E+01  3.41272E+05 -3.23627E+01
    1.8088E+01  3.41272E+05 -3.23627E+01  3.41272E+05 -3.23627E+01  3.41272E+05 -3.23627E+01
    1.8126E+01  3.41787E+05 -3.25101E+01  3.41787E+05 -3.25101E+01  3.41787E+05 -3.25101E+01
    1.8164E+01  3.41787E+05 -3.25101E+01  3.41787E+05 -3.25101E+01  3.41787E+05 -3.25101E+01
    1.8202E+01  3.42683E+05 -3.27493E+01  3.42683E+05 -3.27493E+01  3.42683E+05 -3.27493E+01
    1.8239E+01  3.42683E+05 -3.27493E+01  3.42683E+05 -3.27493E+01  3.42683E+05 -3.27493E+01
    1.8277E+01  3.73461E+05 -3.38042E+01  3.73461E+05 -3.38042E+01  3.73461E+05 -3.38042E+01
    1.8315E+01  3.73461E+05 -3.38042E+01  3.73461E+05 -3.38042E+01  3.73461E+05 -3.38042E+01
    1.8353E+01  3.79094E+05 -3.51137E+01  3.79094E+05 -3.51137E+01  3.79094E+05 -3.51137E+01
    1.8391E+01  3.79094E+05 -3.51137E+01  3.79094E+05 -3.51137E+01  3.79094E+05 -3.51137E+01
    1.8429E+01  3.79094E+05 -3.51137E+01  3.79094E+05 -3.51137E+01  3.79094E+05 -3.51137E+01
    1.8467E+01  3.79094E+05 -3.51137E+01  3.79094E+05 -3.51137E+01  3.79094E+05 -3.51137E+01
    1.8505E+01  3.79094E+05 -3.51137E+01  3.79094E+05 -3.51137E+01  3.79094E+05 -3.51137E+01
    1.8543E+01  3.79227E+05 -3.51625E+01  3.79227E+05 -3.51625E+01  3.79227E+05 -3.51625E+01
    1.8581E+01  3.79444E+05 -3.52470E+01  3.79444E+05 -3.52470E+01  3.79444E+05 -3.52470E+01
    1.8619E+01  3.79444E+05 -3.52470E+01  3.79444E+05 -3.52470E+01  3.79444E+05 -3.52470E+01
    1.8657E+01  3.79444E+05 -3.52470E+01  3.79444E+05 -3.52470E+01  3.79444E+05 -3.52470E+01
    1.8695E+01  3.79565E+05 -3.52983E+01  3.79565E+05 -3.52983E+01  3.79565E+05 -3.52983E+01
    1.8732E+01  3.79609E+05 -3.53186E+01  3.79609E+05 -3.53186E+01  3.79609E+05 -3.53186E+01
    1.8770E+01  3.79609E+05 -3.53186E+01  3.79609E+05 -3.53186E+01  3.79609E+05 -3.53186E+01
    1.8808E+01  3.79609E+05 -3.53186E+01  3.79609E+05 -3.53186E+01  3.79609E+05 -3.53186E+01
    1.8846E+01  3.79609E+05 -3.53186E+01  3.79609E+05 -3.53186E+01  3.79609E+05 -3.53186E+01
    1.8884E+01  3.79939E+05 -3.54241E+01  3.79939E+05 -3.54241E+01  3.79939E+05 -3.54241E+01
    1.8922E+01  3.79960E+05 -3.54340E+01  3.79960E+05 -3.54340E+01  3.79960E+05 -3.54340E+01
    1.8960E+01  3.79960E+05 -3.54340E+01  3.79960E+05 -3.54340E+01  3.79960E+05 -3.54340E+01
    1.8998E+01  3.79960E+05 -3.54340E+01  3.79960E+05 -3.54340E+01  3.79960E+05 -3.54340E+01
    1.9036E+01  3.80041E+05 -3.54682E+01  3.80041E+05 -3.54682E+01  3.80041E+05 -3.54682E+01
    1.9074E+01  3.80041E+05 -3.54682E+01  3.80041E+05 -3.54682E+01  3.80041E+05 -3.54682E+01
    1.9112E+01  3.81696E+05 -3.57832E+01  3.81696E+05 -3.57832E+01  3.81696E+05 -3.57832E+01
    1.9150E+01  3.81696E+05 -3.57832E+01  3.81696E+05 -3.57832E+01  3.81696E+05 -3.57832E+01
    1.9187E+01  4.23184E+05 -3.72266E+01  4.23184E+05 -3.72266E+01  4.23184E+05 -3.72266E+01
    1.9225E+01  4.23221E+05 -3.72440E+01  4.23221E+05 -3.72440E+01  4.23221E+05 -3.72440E+01
    1.9263E+01  4.23221E+05 -3.72440E+01  4.23221E+05 -3.72440E+01  4.23221E+05 -3.72440E+01
    1.9301E+01  4.23221E+05 -3.72440E+01  4.23221E+05 -3.72440E+01  4.23221E+05 -3.72440E+01
    1.9339E+01  4.23221E+05 -3.72440E+01  4.23221E+05 -3.72440E+01  4.23221E+05 -3.72440E+01
    1.9377E+01  4.23221E+05 -3.72440E+01  4.23221E+05 -3.72440E+01  4.23221E+05 -3.72440E+01
    1.9415E+01  4.23296E+05 -3.72780E+01  4.23296E+05 -3.72780E+01  4.23296E+05 -3.72780E+01
    1.9453E+01  4.30414E+05 -3.85867E+01  4.30414E+05 -3.85867E+01  4.30414E+05 -3.85867E+01
    1.9491E+01  4.31129E+05 -3.87973E+01  4.31129E+05 -3.87973E+01  4.31129E+05 -3.87973E+01
    1.9529E+01  4.31129E+05 -3.87973E+01  4.31129E+05 -3.87973E+01  4.31129E+05 -3.87973E+01
    1.9567E+01  4.31129E+05 -3.87973E+01  4.31129E+05 -3.87973E+01  4.31129E+05 -3.87973E+01
    1.9605E+01  4.31129E+05 -3.87973E+01  4.31129E+05 -3.87973E+01  4.31129E+05 -3.87973E+01
    1.9643E+01  4.31129E+05 -3.87973E+01  4.31129E+05 -3.87973E+01  4.31129E+05 -3.87973E+01
    1.9680E+01  4.31129E+05 -3.87973E+01  4.31129E+05 -3.87973E+01  4.31129E+05 -3.87973E+01
    1.9718E+01  4.31129E+05 -3.87973E+01  4.31129E+05 -3.87973E+01  4.31129E+05 -3.87973E+01
    1.9756E+01  4.31129E+05 -3.87973E+01  4.31129E+05 -3.87973E+01  4.31129E+05 -3.87973E+01
    1.9794E+01  4.31129E+05 -3.87973E+01  4.31129E+05 -3.87973E+01  4.31129E+05 -3.87973E+01
    1.9832E+01  4.31748E+05 -3.89766E+01  4.31748E+05 -3.89766E+01  4.31748E+05 -3.89766E+01
    1.9870E+01  4.31748E+05 -3.89766E+01  4.31748E+05 -3.89766E+01  4.31748E+05 -3.89766E+01
    1.9908E+01  4.31748E+05 -3.89766E+01  4.31748E+05 -3.89766E+01  4.31748E+05 -3.89766E+01
    1.9946E+01  4.31748E+05 -3.89766E+01  4.31748E+05 -3.89766E+01  4.31748E+05 -3.89766E+01
    1.9984E+01  4.32066E+05 -3.90910E+01  4.32066E+05 -3.90910E+01  4.32066E+05 -3.90910E+01
    2.0022E+01  4.32066E+05 -3.90910E+01  4.32066E+05 -3.90910E+01  4.32066E+05 -3.90910E+01
    2.0060E+01  4.32066E+05 -3.90910E+01  4.32066E+05 -3.90910E+01  4.32066E+05 -3.90910E+01
    2.0098E+01  4.32066E+05 -3.90910E+01  4.32066E+05 -3.90910E+01  4.32066E+05 -3.90910E+01
    2.0135E+01  4.32066E+05 -3.90910E+01  4.32066E+05 -3.90910E+01  4.32066E+05 -3.90910E+01
    2.0173E+01  4.32066E+05 -3.90910E+01  4.32066E+05 -3.90910E+01  4.32066E+05 -3.90910E+01
    2.0211E+01  4.34522E+05 -3.96993E+01  4.34522E+05 -3.96993E+01  4.34522E+05 -3.96993E+01
    2.0249E+01  4.63378E+05 -4.27780E+01  4.63378E+05 -4.27780E+01  4.63378E+05 -4.27780E+01
    2.0287E+01  4.63378E+05 -4.27780E+01  4.63378E+05 -4.27780E+01  4.63378E+05 -4.27780E+01
    2.0325E+01  4.63378E+05 -4.27780E+01  4.63378E+05 -4.27780E+01  4.63378E+05 -4.27780E+01
    2.0363E+01  4.63378E+05 -4.27780E+01  4.63378E+05 -4.27780E+01  4.63378E+05 -4.27780E+01
    2.0401E+01  4.63378E+05 -4.27780E+01  4.63378E+05 -4.27780E+01  4.63378E+05 -4.27780E+01
    2.0439E+01  4.65052E+05 -4.32305E+01  4.65052E+05 -4.32305E+01  4.65052E+05 -4.32305E+01
    2.0477E+01  4.65052E+05 -4.32305E+01  4.65052E+05 -4.32305E+01  4.65052E+05 -4.32305E+01
    2.0515E+01  4.65052E+05 -4.32305E+01  4.65052E+05 -4.32305E+01  4.65052E+05 -4.32305E+01
    2.0553E+01  4.65052E+05 -4.32305E+01  4.65052E+05 -4.32305E+01  4.65052E+05 -4.32305E+01
    2.0591E+01  4.65052E+05 -4.32305E+01  4.65052E+05 -4.32305E+01  4.65052E+05 -4.32305E+01
    2.0628E+01  4.66180E+05 -4.35637E+01  4.66180E+05 -4.35637E+01  4.66180E+05 -4.35637E+01
    2.0666E+01  5.00219E+05 -4.67672E+01  5.00219E+05 -4.67672E+01  5.00219E+05 -4.67672E+01
    2.0704E+01  5.00219E+05 -4.67672E+01  5.00219E+05 -4.67672E+01  5.00219E+05 -4.67672E+01
    2.0742E+01  5.00219E+05 -4.67672E+01  5.00219E+05 -4.67672E+01  5.00219E+05 -4.67672E+01
    2.0780E+01  5.00219E+05 -4.67672E+01  5.00219E+05 -4.67672E+01  5.00219E+05 -4.67672E+01
    2.0818E+01  5.00219E+05 -4.67672E+01  5.00219E+05 -4.67672E+01  5.00219E+05 -4.67672E+01
    2.0856E+01  5.00219E+05 -4.67672E+01  5.00219E+05 -4.67672E+01  5.00219E+05 -4.67672E+01
    2.0894E+01  5.00413E+05 -4.68431E+01  5.00413E+05 -4.68431E+01  5.00413E+05 -4.68431E+01
    2.0932E+01  5.00413E+05 -4.68431E+01  5.00413E+05 -4.68431E+01  5.00413E+05 -4.68431E+01
    2.0970E+01  5.01336E+05 -4.70941E+01  5.01336E+05 -4.70941E+01  5.01336E+05 -4.70941E+01
    2.1008E+01  5.04077E+05 -4.76471E+01  5.04077E+05 -4.76471E+01  5.04077E+05 -4.76471E+01
    2.1046E+01  5.04077E+05 -4.76471E+01  5.04077E+05 -4.76471E+01  5.04077E+05 -4.76471E+01
    2.1083E+01  5.04077E+05 -4.76471E+01  5.04077E+05 -4.76471E+01  5.04077E+05 -4.76471E+01
    2.1121E+01  5.04077E+05 -4.76471E+01  5.04077E+05 -4.76471E+01  5.04077E+05 -4.76471E+01
    2.1159E+01  5.04077E+05 -4.76471E+01  5.04077E+05 -4.76471E+01  5.04077E+05 -4.76471E+01
    2.1197E+01  5.04077E+05 -4.76471E+01  5.04077E+05 -4.76471E+01  5.04077E+05 -4.76471E+01
    2.1235E+01  5.04622E+05 -4.78314E+01  5.04622E+05 -4.78314E+01  5.04622E+05 -4.78314E+01
    2.1273E+01  5.04622E+05 -4.78314E+01  5.04622E+05 -4.78314E+01  5.04622E+05 -4.78314E+01
    2.1311E+01  5.04622E+05 -4.78314E+01  5.04622E+05 -4.78314E+01  5.04622E+05 -4.78314E+01
    2.1349E+01  5.04622E+05 -4.78314E+01  5.04622E+05 -4.78314E+01  5.04622E+05 -4.78314E+01
    2.1387E+01  5.10007E+05 -4.89541E+01  5.10007E+05 -4.89541E+01  5.10007E+05 -4.89541E+01
    2.1425E+01  5.10007E+05 -4.89541E+01  5.10007E+05 -4.89541E+01  5.10007E+05 -4.89541E+01
    2.1463E+01  5.10007E+05 -4.89541E+01  5.10007E+05 -4.89541E+01  5.10007E+05 -4.89541E+01
    2.1501E+01  5.10007E+05 -4.89541E+01  5.10007E+05 -4.89541E+01  5.10007E+05 -4.89541E+01
    2.1539E+01  5.10007E+05 -4.89541E+01  5.10007E+05 -4.89541E+01  5.10007E+05 -4.89541E+01
    2.1576E+01  5.10007E+05 -4.89541E+01  5.10007E+05 -4.89541E+01  5.10007E+05 -4.89541E+01
    2.1614E+01  5.10007E+05 -4.89541E+01  5.10007E+05 -4.89541E+01  5.10007E+05 -4.89541E+01
    2.1652E+01  5.10007E+05 -4.89541E+01  5.10007E+05 -4.89541E+01  5.10007E+05 -4.89541E+01
    2.1690E+01  5.10007E+05 -4.89541E+01  5.10007E+05 -4.89541E+01  5.10007E+05 -4.89541E+01
    2.1728E+01  5.10007E+05 -4.89541E+01  5.10007E+05 -4.89541E+01  5.10007E+05 -4.89541E+01
    2.1766E+01  5.22440E+05 -5.03151E+01  5.22440E+05 -5.03151E+01  5.22440E+05 -5.03151E+01
    2.1804E+01  5.67056E+05 -5.11211E+01  5.67056E+05 -5.11211E+01  5.67056E+05 -5.11211E+01
    2.1842E+01  5.67056E+05 -5.11211E+01  5.67056E+05 -5.11211E+01  5.67056E+05 -5.11211E+01
    2.1880E+01  5.70228E+05 -5.17532E+01  5.70228E+05 -5.17532E+01  5.70228E+05 -5.17532E+01
    2.1918E+01  5.70228E+05 -5.17532E+01  5.70228E+05 -5.17532E+01  5.70228E+05 -5.17532E+01
    2.1956E+01  5.70228E+05 -5.17532E+01  5.70228E+05 -5.17532E+01  5.70228E+05 -5.17532E+01
    2.1994E+01  5.70228E+05 -5.17532E+01  5.70228E+05 -5.17532E+01  5.70228E+05 -5.17532E+01
    2.2031E+01  5.70228E+05 -5.17532E+01  5.70228E+05 -5.17532E+01  5.70228E+05 -5.17532E+01
    2.2069E+01  5.70228E+05 -5.17532E+01  5.70228E+05 -5.17532E+01  5.70228E+05 -5.17532E+01
    2.2107E+01  5.70228E+05 -5.17532E+01  5.70228E+05 -5.17532E+01  5.70228E+05 -5.17532E+01
    2.2145E+01  5.70228E+05 -5.17532E+01  5.70228E+05 -5.17532E+01  5.70228E+05 -5.17532E+01
    2.2183E+01  6.04533E+05 -5.50707E+01  6.04533E+05 -5.50707E+01  6.04533E+05 -5.50707E+01
    2.2221E+01  6.04533E+05 -5.50707E+01  6.04533E+05 -5.50707E+01  6.04533E+05 -5.50707E+01
    2.2259E+01  6.21039E+05 -5.74251E+01  6.21039E+05 -5.74251E+01  6.21039E+05 -5.74251E+01
    2.2297E+01  6.39364E+05 -5.83918E+01  6.39364E+05 -5.83918E+01  6.39364E+05 -5.83918E+01
    2.2335E+01  6.39364E+05 -5.83918E+01  6.39364E+05 -5.83918E+01  6.39364E+05 -5.83918E+01
    2.2373E+01  6.39364E+05 -5.83918E+01  6.39364E+05 -5.83918E+01  6.39364E+05 -5.83918E+01
    2.2411E+01  6.46667E+05 -5.94385E+01  6.46667E+05 -5.94385E+01  6.46667E+05 -5.94385E+01
    2.2449E+01  6.46667E+05 -5.94385E+01  6.46667E+05 -5.94385E+01  6.46667E+05 -5.94385E+01
    2.2487E+01  6.46667E+05 -5.94385E+01  6.46667E+05 -5.94385E+01  6.46667E+05 -5.94385E+01
    2.2524E+01  6.46834E+05 -5.95060E+01  6.46834E+05 -5.95060E+01  6.46834E+05 -5.95060E+01
    2.2562E+01  6.46834E+05 -5.95060E+01  6.46834E+05 -5.95060E+01  6.46834E+05 -5.95060E+01
    2.2600E+01  6.46834E+05 -5.95060E+01  6.46834E+05 -5.95060E+01  6.46834E+05 -5.95060E+01
    2.2638E+01  6.46834E+05 -5.95060E+01  6.46834E+05 -5.95060E+01  6.46834E+05 -5.95060E+01
    2.2676E+01  6.46834E+05 -5.95060E+01  6.46834E+05 -5.95060E+01  6.46834E+05 -5.95060E+01
    2.2714E+01  6.59159E+05 -6.07886E+01  6.59159E+05 -6.07886E+01  6.59159E+05 -6.07886E+01
    2.2752E+01  6.60098E+05 -6.10494E+01  6.60098E+05 -6.10494E+01  6.60098E+05 -6.10494E+01
    2.2790E+01  6.60627E+05 -6.12130E+01  6.60627E+05 -6.12130E+01  6.60627E+05 -6.12130E+01
    2.2828E+01  6.60627E+05 -6.12130E+01  6.60627E+05 -6.12130E+01  6.60627E+05 -6.12130E+01
    2.2866E+01  6.66072E+05 -6.21273E+01  6.66072E+05 -6.21273E+01  6.66072E+05 -6.21273E+01
    2.2904E+01  6.66072E+05 -6.21273E+01  6.66072E+05 -6.21273E+01  6.66072E+05 -6.21273E+01
    2.2942E+01  6.66072E+05 -6.21273E+01  6.66072E+05 -6.21273E+01  6.66072E+05 -6.21273E+01
    2.2979E+01  6.66246E+05 -6.21916E+01  6.66246E+05 -6.21916E+01  6.66246E+05 -6.21916E+01
    2.3017E+01  6.66246E+05 -6.21916E+01  6.66246E+05 -6.21916E+01  6.66246E+05 -6.21916E+01
    2.3055E+01  6.66246E+05 -6.21916E+01  6.66246E+05 -6.21916E+01  6.66246E+05 -6.21916E+01
    2.3093E+01  6.66246E+05 -6.21916E+01  6.66246E+05 -6.21916E+01  6.66246E+05 -6.21916E+01
    2.3131E+01  6.66246E+05 -6.21916E+01  6.66246E+05 -6.21916E+01  6.66246E+05 -6.21916E+01
    2.3169E+01  6.66246E+05 -6.21916E+01  6.66246E+05 -6.21916E+01  6.66246E+05 -6.21916E+01
    2.3207E+01  6.66246E+05 -6.21916E+01  6.66246E+05 -6.21916E+01  6.66246E+05 -6.21916E+01
    2.3245E+01  6.66246E+05 -6.21916E+01  6.66246E+05 -6.21916E+01  6.66246E+05 -6.21916E+01
    2.3283E+01  6.66246E+05 -6.21916E+01  6.66246E+05 -6.21916E+01  6.66246E+05 -6.21916E+01
    2.3321E+01  6.66246E+05 -6.21916E+01  6.66246E+05 -6.21916E+01  6.66246E+05 -6.21916E+01
    2.3359E+01  6.66246E+05 -6.21916E+01  6.66246E+05 -6.21916E+01  6.66246E+05 -6.21916E+01
    2.3397E+01  6.66246E+05 -6.21916E+01  6.66246E+05 -6.21916E+01  6.66246E+05 -6.21916E+01
    2.3435E+01  6.66246E+05 -6.21916E+01  6.66246E+05 -6.21916E+01  6.66246E+05 -6.21916E+01
    2.3472E+01  6.66246E+05 -6.21916E+01  6.66246E+05 -6.21916E+01  6.66246E+05 -6.21916E+01
    2.3510E+01  6.66246E+05 -6.21916E+01  6.66246E+05 -6.21916E+01  6.66246E+05 -6.21916E+01
    2.3548E+01  6.66246E+05 -6.21916E+01  6.66246E+05 -6.21916E+01  6.66246E+05 -6.21916E+01
    2.3586E+01  6.66246E+05 -6.21916E+01  6.66246E+05 -6.21916E+01  6.66246E+05 -6.21916E+01
    2.3624E+01  6.66283E+05 -6.22099E+01  6.66283E+05 -6.22099E+01  6.66283E+05 -6.22099E+01
    2.3662E+01  6.66283E+05 -6.22099E+01  6.66283E+05 -6.22099E+01  6.66283E+05 -6.22099E+01
    2.3700E+01  6.66283E+05 -6.22099E+01  6.66283E+05 -6.22099E+01  6.66283E+05 -6.22099E+01
    2.3738E+01  6.66283E+05 -6.22099E+01  6.66283E+05 -6.22099E+01  6.66283E+05 -6.22099E+01
    2.3776E+01  6.66283E+05 -6.22099E+01  6.66283E+05 -6.22099E+01  6.66283E+05 -6.22099E+01
    2.3814E+01  6.66283E+05 -6.22099E+01  6.66283E+05 -6.22099E+01  6.66283E+05 -6.22099E+01
    2.3852E+01  6.66283E+05 -6.22099E+01  6.66283E+05 -6.22099E+01  6.66283E+05 -6.22099E+01
    2.3890E+01  6.66283E+05 -6.22099E+01  6.66283E+05 -6.22099E+01  6.66283E+05 -6.22099E+01
    2.3927E+01  6.66283E+05 -6.22099E+01  6.66283E+05 -6.22099E+01  6.66283E+05 -6.22099E+01
    2.3965E+01  6.66335E+05 -6.22343E+01  6.66335E+05 -6.22343E+01  6.66335E+05 -6.22343E+01
    2.4003E+01  6.66335E+05 -6.22343E+01  6.66335E+05 -6.22343E+01  6.66335E+05 -6.22343E+01
    2.4041E+01  6.66335E+05 -6.22343E+01  6.66335E+05 -6.22343E+01  6.66335E+05 -6.22343E+01
    2.4079E+01  6.66335E+05 -6.22343E+01  6.66335E+05 -6.22343E+01  6.66335E+05 -6.22343E+01
    2.4117E+01  6.66335E+05 -6.22343E+01  6.66335E+05 -6.22343E+01  6.66335E+05 -6.22343E+01
    2.4155E+01  6.66335E+05 -6.22343E+01  6.66335E+05 -6.22343E+01  6.66335E+05 -6.22343E+01
    2.4193E+01  6.66335E+05 -6.22343E+01  6.66335E+05 -6.22343E+01  6.66335E+05 -6.22343E+01
    2.4231E+01  6.66335E+05 -6.22343E+01  6.66335E+05 -6.22343E+01  6.66335E+05 -6.22343E+01
    2.4269E+01  6.66335E+05 -6.22343E+01  6.66335E+05 -6.22343E+01  6.66335E+05 -6.22343E+01
    2.4307E+01  6.66335E+05 -6.22343E+01  6.66335E+05 -6.22343E+01  6.66335E+05 -6.22343E+01
    2.4345E+01  6.66395E+05 -6.22621E+01  6.66395E+05 -6.22621E+01  6.66395E+05 -6.22621E+01
    2.4383E+01  6.66395E+05 -6.22621E+01  6.66395E+05 -6.22621E+01  6.66395E+05 -6.22621E+01
    2.4420E+01  6.66395E+05 -6.22621E+01  6.66395E+05 -6.22621E+01  6.66395E+05 -6.22621E+01
    2.4458E+01  6.66436E+05 -6.22822E+01  6.66436E+05 -6.22822E+01  6.66436E+05 -6.22822E+01
    2.4496E+01  6.66436E+05 -6.22822E+01  6.66436E+05 -6.22822E+01  6.66436E+05 -6.22822E+01
    2.4534E+01  6.66436E+05 -6.22822E+01  6.66436E+05 -6.22822E+01  6.66436E+05 -6.22822E+01
    2.4572E+01  6.66436E+05 -6.22822E+01  6.66436E+05 -6.22822E+01  6.66436E+05 -6.22822E+01
    2.4610E+01  6.66436E+05 -6.22822E+01  6.66436E+05 -6.22822E+01  6.66436E+05 -6.22822E+01
    2.4648E+01  6.66436E+05 -6.22822E+01  6.66436E+05 -6.22822E+01  6.66436E+05 -6.22822E+01
    2.4686E+01  6.66436E+05 -6.22822E+01  6.66436E+05 -6.22822E+01  6.66436E+05 -6.22822E+01
    2.4724E+01  6.66436E+05 -6.22822E+01  6.66436E+05 -6.22822E+01  6.66436E+05 -6.22822E+01
    2.4762E+01  6.66436E+05 -6.22822E+01  6.66436E+05 -6.22822E+01  6.66436E+05 -6.22822E+01
    2.4800E+01  6.66436E+05 -6.22822E+01  6.66436E+05 -6.22822E+01  6.66436E+05 -6.22822E+01
    2.4838E+01  6.66436E+05 -6.22822E+01  6.66436E+05 -6.22822E+01  6.66436E+05 -6.22822E+01
    2.4875E+01  6.66436E+05 -6.22822E+01  6.66436E+05 -6.22822E+01  6.66436E+05 -6.22822E+01
    2.4913E+01  6.66436E+05 -6.22822E+01  6.66436E+05 -6.22822E+01  6.66436E+05 -6.22822E+01
    2.4951E+01  6.66436E+05 -6.22822E+01  6.66436E+05 -6.22822E+01  6.66436E+05 -6.22822E+01
    2.4989E+01  6.66436E+05 -6.22822E+01  6.66436E+05 -6.22822E+01  6.66436E+05 -6.22822E+01
    2.5027E+01  6.66436E+05 -6.22822E+01  6.66436E+05 -6.22822E+01  6.66436E+05 -6.22822E+01
    2.5065E+01  6.66436E+05 -6.22822E+01  6.66436E+05 -6.22822E+01  6.66436E+05 -6.22822E+01
    2.5103E+01  6.66436E+05 -6.22822E+01  6.66436E+05 -6.22822E+01  6.66436E+05 -6.22822E+01
    2.5141E+01  6.66436E+05 -6.22822E+01  6.66436E+05 -6.22822E+01  6.66436E+05 -6.22822E+01
    2.5179E+01  6.66436E+05 -6.22822E+01  6.66436E+05 -6.22822E+01  6.66436E+05 -6.22822E+01
    2.5217E+01  6.66436E+05 -6.22822E+01  6.66436E+05 -6.22822E+01  6.66436E+05 -6.22822E+01
    2.5255E+01  6.66436E+05 -6.22822E+01  6.66436E+05 -6.22822E+01  6.66436E+05 -6.22822E+01
    2.5293E+01  6.66436E+05 -6.22822E+01  6.66436E+05 -6.22822E+01  6.66436E+05 -6.22822E+01
    2.5331E+01  6.75712E+05 -6.40646E+01  6.75712E+05 -6.40646E+01  6.75712E+05 -6.40646E+01
    2.5368E+01  6.75712E+05 -6.40646E+01  6.75712E+05 -6.40646E+01  6.75712E+05 -6.40646E+01
    2.5406E+01  6.75712E+05 -6.40646E+01  6.75712E+05 -6.40646E+01  6.75712E+05 -6.40646E+01
    2.5444E+01  7.06248E+05 -6.75127E+01  7.06248E+05 -6.75127E+01  7.06248E+05 -6.75127E+01
    2.5482E+01  7.06309E+05 -6.75413E+01  7.06309E+05 -6.75413E+01  7.06309E+05 -6.75413E+01
    2.5520E+01  7.06309E+05 -6.75413E+01  7.06309E+05 -6.75413E+01  7.06309E+05 -6.75413E+01
    2.5558E+01  7.06309E+05 -6.75413E+01  7.06309E+05 -6.75413E+01  7.06309E+05 -6.75413E+01
    2.5596E+01  7.06309E+05 -6.75413E+01  7.06309E+05 -6.75413E+01  7.06309E+05 -6.75413E+01
    2.5634E+01  7.06309E+05 -6.75413E+01  7.06309E+05 -6.75413E+01  7.06309E+05 -6.75413E+01
    2.5672E+01  7.06309E+05 -6.75413E+01  7.06309E+05 -6.75413E+01  7.06309E+05 -6.75413E+01
    2.5710E+01  7.06341E+05 -6.75562E+01  7.06341E+05 -6.75562E+01  7.06341E+05 -6.75562E+01
    2.5748E+01  7.06341E+05 -6.75562E+01  7.06341E+05 -6.75562E+01  7.06341E+05 -6.75562E+01
    2.5786E+01  7.06341E+05 -6.75562E+01  7.06341E+05 -6.75562E+01  7.06341E+05 -6.75562E+01
    2.5823E+01  7.06341E+05 -6.75562E+01  7.06341E+05 -6.75562E+01  7.06341E+05 -6.75562E+01
    2.5861E+01  7.06341E+05 -6.75562E+01  7.06341E+05 -6.75562E+01  7.06341E+05 -6.75562E+01
    2.5899E+01  7.06341E+05 -6.75562E+01  7.06341E+05 -6.75562E+01  7.06341E+05 -6.75562E+01
    2.5937E+01  7.06341E+05 -6.75562E+01  7.06341E+05 -6.75562E+01  7.06341E+05 -6.75562E+01
    2.5975E+01  7.06341E+05 -6.75562E+01  7.06341E+05 -6.75562E+01  7.06341E+05 -6.75562E+01
    2.6013E+01  7.06341E+05 -6.75562E+01  7.06341E+05 -6.75562E+01  7.06341E+05 -6.75562E+01
    2.6051E+01  7.25322E+05 -7.03185E+01  7.25322E+05 -7.03185E+01  7.25322E+05 -7.03185E+01
    2.6089E+01  7.25322E+05 -7.03185E+01  7.25322E+05 -7.03185E+01  7.25322E+05 -7.03185E+01
    2.6127E+01  7.25322E+05 -7.03185E+01  7.25322E+05 -7.03185E+01  7.25322E+05 -7.03185E+01
    2.6165E+01  7.25322E+05 -7.03185E+01  7.25322E+05 -7.03185E+01  7.25322E+05 -7.03185E+01
    2.6203E+01  7.25322E+05 -7.03185E+01  7.25322E+05 -7.03185E+01  7.25322E+05 -7.03185E+01
    2.6241E+01  7.25322E+05 -7.03185E+01  7.25322E+05 -7.03185E+01  7.25322E+05 -7.03185E+01
    2.6279E+01  7.25322E+05 -7.03185E+01  7.25322E+05 -7.03185E+01  7.25322E+05 -7.03185E+01
    2.6316E+01  7.25322E+05 -7.03185E+01  7.25322E+05 -7.03185E+01  7.25322E+05 -7.03185E+01
    2.6354E+01  7.25322E+05 -7.03185E+01  7.25322E+05 -7.03185E+01  7.25322E+05 -7.03185E+01
    2.6392E+01  7.25322E+05 -7.03185E+01  7.25322E+05 -7.03185E+01  7.25322E+05 -7.03185E+01
    2.6430E+01  7.25322E+05 -7.03185E+01  7.25322E+05 -7.03185E+01  7.25322E+05 -7.03185E+01
    2.6468E+01  7.25322E+05 -7.03185E+01  7.25322E+05 -7.03185E+01  7.25322E+05 -7.03185E+01
    2.6506E+01  7.25322E+05 -7.03185E+01  7.25322E+05 -7.03185E+01  7.25322E+05 -7.03185E+01
    2.6544E+01  7.25322E+05 -7.03185E+01  7.25322E+05 -7.03185E+01  7.25322E+05 -7.03185E+01
    2.6582E+01  7.25322E+05 -7.03185E+01  7.25322E+05 -7.03185E+01  7.25322E+05 -7.03185E+01
    2.6620E+01  7.25322E+05 -7.03185E+01  7.25322E+05 -7.03185E+01  7.25322E+05 -7.03185E+01
    2.6658E+01  7.25322E+05 -7.03185E+01  7.25322E+05 -7.03185E+01  7.25322E+05 -7.03185E+01
    2.6696E+01  7.25322E+05 -7.03185E+01  7.25322E+05 -7.03185E+01  7.25322E+05 -7.03185E+01
    2.6734E+01  7.25322E+05 -7.03185E+01  7.25322E+05 -7.03185E+01  7.25322E+05 -7.03185E+01
    2.6771E+01  7.25322E+05 -7.03185E+01  7.25322E+05 -7.03185E+01  7.25322E+05 -7.03185E+01
    2.6809E+01  7.25322E+05 -7.03185E+01  7.25322E+05 -7.03185E+01  7.25322E+05 -7.03185E+01
    2.6847E+01  7.25322E+05 -7.03185E+01  7.25322E+05 -7.03185E+01  7.25322E+05 -7.03185E+01
    2.6885E+01  7.25322E+05 -7.03185E+01  7.25322E+05 -7.03185E+01  7.25322E+05 -7.03185E+01
    2.6923E+01  7.25322E+05 -7.03185E+01  7.25322E+05 -7.03185E+01  7.25322E+05 -7.03185E+01
    2.6961E+01  7.25322E+05 -7.03185E+01  7.25322E+05 -7.03185E+01  7.25322E+05 -7.03185E+01
    2.6999E+01  7.25322E+05 -7.03185E+01  7.25322E+05 -7.03185E+01  7.25322E+05 -7.03185E+01
    2.7037E+01  7.25322E+05 -7.03185E+01  7.25322E+05 -7.03185E+01  7.25322E+05 -7.03185E+01
    2.7075E+01  7.25322E+05 -7.03185E+01  7.25322E+05 -7.03185E+01  7.25322E+05 -7.03185E+01
    2.7113E+01  7.25322E+05 -7.03185E+01  7.25322E+05 -7.03185E+01  7.25322E+05 -7.03185E+01
    2.7151E+01  7.25322E+05 -7.03185E+01  7.25322E+05 -7.03185E+01  7.25322E+05 -7.03185E+01
    2.7189E+01  7.25322E+05 -7.03185E+01  7.25322E+05 -7.03185E+01  7.25322E+05 -7.03185E+01
    2.7227E+01  7.25322E+05 -7.03185E+01  7.25322E+05 -7.03185E+01  7.25322E+05 -7.03185E+01
    2.7264E+01  7.25322E+05 -7.03185E+01  7.25322E+05 -7.03185E+01  7.25322E+05 -7.03185E+01
    2.7302E+01  7.25322E+05 -7.03185E+01  7.25322E+05 -7.03185E+01  7.25322E+05 -7.03185E+01
    2.7340E+01  7.25322E+05 -7.03185E+01  7.25322E+05 -7.03185E+01  7.25322E+05 -7.03185E+01
    2.7378E+01  7.25322E+05 -7.03185E+01  7.25322E+05 -7.03185E+01  7.25322E+05 -7.03185E+01
    2.7416E+01  7.25322E+05 -7.03185E+01  7.25322E+05 -7.03185E+01  7.25322E+05 -7.03185E+01
    2.7454E+01  7.25322E+05 -7.03185E+01  7.25322E+05 -7.03185E+01  7.25322E+05 -7.03185E+01
    2.7492E+01  7.25322E+05 -7.03185E+01  7.25322E+05 -7.03185E+01  7.25322E+05 -7.03185E+01
    2.7530E+01  7.25322E+05 -7.03185E+01  7.25322E+05 -7.03185E+01  7.25322E+05 -7.03185E+01
    2.7568E+01  7.25322E+05 -7.03185E+01  7.25322E+05 -7.03185E+01  7.25322E+05 -7.03185E+01
    2.7606E+01  7.25322E+05 -7.03185E+01  7.25322E+05 -7.03185E+01  7.25322E+05 -7.03185E+01
    2.7644E+01  7.25322E+05 -7.03185E+01  7.25322E+05 -7.03185E+01  7.25322E+05 -7.03185E+01
    2.7682E+01  7.25322E+05 -7.03185E+01  7.25322E+05 -7.03185E+01  7.25322E+05 -7.03185E+01
    2.7719E+01  7.25322E+05 -7.03185E+01  7.25322E+05 -7.03185E+01  7.25322E+05 -7.03185E+01
    2.7757E+01  7.25370E+05 -7.03421E+01  7.25370E+05 -7.03421E+01  7.25370E+05 -7.03421E+01
    2.7795E+01  7.25370E+05 -7.03421E+01  7.25370E+05 -7.03421E+01  7.25370E+05 -7.03421E+01
    2.7833E+01  7.25370E+05 -7.03421E+01  7.25370E+05 -7.03421E+01  7.25370E+05 -7.03421E+01
    2.7871E+01  7.25370E+05 -7.03421E+01  7.25370E+05 -7.03421E+01  7.25370E+05 -7.03421E+01
    2.7909E+01  7.25370E+05 -7.03421E+01  7.25370E+05 -7.03421E+01  7.25370E+05 -7.03421E+01
    2.7947E+01  7.25370E+05 -7.03421E+01  7.25370E+05 -7.03421E+01  7.25370E+05 -7.03421E+01
    2.7985E+01  7.25370E+05 -7.03421E+01  7.25370E+05 -7.03421E+01  7.25370E+05 -7.03421E+01
    2.8023E+01  7.25370E+05 -7.03421E+01  7.25370E+05 -7.03421E+01  7.25370E+05 -7.03421E+01
    2.8061E+01  7.74952E+05 -7.38743E+01  7.74952E+05 -7.38743E+01  7.74952E+05 -7.38743E+01
    2.8099E+01  7.74952E+05 -7.38743E+01  7.74952E+05 -7.38743E+01  7.74952E+05 -7.38743E+01
    2.8137E+01  7.74952E+05 -7.38743E+01  7.74952E+05 -7.38743E+01  7.74952E+05 -7.38743E+01
    2.8175E+01  7.74952E+05 -7.38743E+01  7.74952E+05 -7.38743E+01  7.74952E+05 -7.38743E+01
    2.8212E+01  7.74952E+05 -7.38743E+01  7.74952E+05 -7.38743E+01  7.74952E+05 -7.38743E+01
    2.8250E+01  8.10790E+05 -7.51693E+01  8.10790E+05 -7.51693E+01  8.10790E+05 -7.51693E+01
    2.8288E+01  8.10790E+05 -7.51693E+01  8.10790E+05 -7.51693E+01  8.10790E+05 -7.51693E+01
    2.8326E+01  8.10790E+05 -7.51693E+01  8.10790E+05 -7.51693E+01  8.10790E+05 -7.51693E+01
    2.8364E+01  8.10790E+05 -7.51693E+01  8.10790E+05 -7.51693E+01  8.10790E+05 -7.51693E+01
    2.8402E+01  8.10790E+05 -7.51693E+01  8.10790E+05 -7.51693E+01  8.10790E+05 -7.51693E+01
    2.8440E+01  8.10790E+05 -7.51693E+01  8.10790E+05 -7.51693E+01  8.10790E+05 -7.51693E+01
    2.8478E+01  8.10790E+05 -7.51693E+01  8.10790E+05 -7.51693E+01  8.10790E+05 -7.51693E+01
    2.8516E+01  8.10790E+05 -7.51693E+01  8.10790E+05 -7.51693E+01  8.10790E+05 -7.51693E+01
    2.8554E+01  8.10790E+05 -7.51693E+01  8.10790E+05 -7.51693E+01  8.10790E+05 -7.51693E+01
    2.8592E+01  8.10790E+05 -7.51693E+01  8.10790E+05 -7.51693E+01  8.10790E+05 -7.51693E+01
    2.8630E+01  8.10790E+05 -7.51693E+01  8.10790E+05 -7.51693E+01  8.10790E+05 -7.51693E+01
    2.8667E+01  8.10790E+05 -7.51693E+01  8.10790E+05 -7.51693E+01  8.10790E+05 -7.51693E+01
    2.8705E+01  8.10790E+05 -7.51693E+01  8.10790E+05 -7.51693E+01  8.10790E+05 -7.51693E+01
    2.8743E+01  8.10790E+05 -7.51693E+01  8.10790E+05 -7.51693E+01  8.10790E+05 -7.51693E+01
    2.8781E+01  8.10790E+05 -7.51693E+01  8.10790E+05 -7.51693E+01  8.10790E+05 -7.51693E+01
    2.8819E+01  8.10790E+05 -7.51693E+01  8.10790E+05 -7.51693E+01  8.10790E+05 -7.51693E+01
    2.8857E+01  8.10790E+05 -7.51693E+01  8.10790E+05 -7.51693E+01  8.10790E+05 -7.51693E+01
    2.8895E+01  8.10790E+05 -7.51693E+01  8.10790E+05 -7.51693E+01  8.10790E+05 -7.51693E+01
    2.8933E+01  8.10790E+05 -7.51693E+01  8.10790E+05 -7.51693E+01  8.10790E+05 -7.51693E+01
    2.8971E+01  8.10790E+05 -7.51693E+01  8.10790E+05 -7.51693E+01  8.10790E+05 -7.51693E+01
    2.9009E+01  8.10790E+05 -7.51693E+01  8.10790E+05 -7.51693E+01  8.10790E+05 -7.51693E+01
    2.9047E+01  8.37170E+05 -7.88052E+01  8.37170E+05 -7.88052E+01  8.37170E+05 -7.88052E+01
    2.9085E+01  8.37170E+05 -7.88052E+01  8.37170E+05 -7.88052E+01  8.37170E+05 -7.88052E+01
    2.9122E+01  8.37170E+05 -7.88052E+01  8.37170E+05 -7.88052E+01  8.37170E+05 -7.88052E+01
    2.9160E+01  8.37170E+05 -7.88052E+01  8.37170E+05 -7.88052E+01  8.37170E+05 -7.88052E+01
    2.9198E+01  8.37170E+05 -7.88052E+01  8.37170E+05 -7.88052E+01  8.37170E+05 -7.88052E+01
    2.9236E+01  8.37170E+05 -7.88052E+01  8.37170E+05 -7.88052E+01  8.37170E+05 -7.88052E+01
    2.9274E+01  8.37170E+05 -7.88052E+01  8.37170E+05 -7.88052E+01  8.37170E+05 -7.88052E+01
    2.9312E+01  8.37170E+05 -7.88052E+01  8.37170E+05 -7.88052E+01  8.37170E+05 -7.88052E+01
    2.9350E+01  8.37170E+05 -7.88052E+01  8.37170E+05 -7.88052E+01  8.37170E+05 -7.88052E+01
    2.9388E+01  8.37170E+05 -7.88052E+01  8.37170E+05 -7.88052E+01  8.37170E+05 -7.88052E+01
    2.9426E+01  8.37170E+05 -7.88052E+01  8.37170E+05 -7.88052E+01  8.37170E+05 -7.88052E+01
    2.9464E+01  8.37170E+05 -7.88052E+01  8.37170E+05 -7.88052E+01  8.37170E+05 -7.88052E+01
    2.9502E+01  8.37170E+05 -7.88052E+01  8.37170E+05 -7.88052E+01  8.37170E+05 -7.88052E+01
    2.9540E+01  8.37170E+05 -7.88052E+01  8.37170E+05 -7.88052E+01  8.37170E+05 -7.88052E+01
    2.9578E+01  8.37170E+05 -7.88052E+01  8.37170E+05 -7.88052E+01  8.37170E+05 -7.88052E+01
    2.9615E+01  8.37170E+05 -7.88052E+01  8.37170E+05 -7.88052E+01  8.37170E+05 -7.88052E+01
    2.9653E+01  8.37170E+05 -7.88052E+01  8.37170E+05 -7.88052E+01  8.37170E+05 -7.88052E+01
    2.9691E+01  8.37170E+05 -7.88052E+01  8.37170E+05 -7.88052E+01  8.37170E+05 -7.88052E+01
    2.9729E+01  8.37170E+05 -7.88052E+01  8.37170E+05 -7.88052E+01  8.37170E+05 -7.88052E+01
    2.9767E+01  8.37170E+05 -7.88052E+01  8.37170E+05 -7.88052E+01  8.37170E+05 -7.88052E+01
    2.9805E+01  8.37170E+05 -7.88052E+01  8.37170E+05 -7.88052E+01  8.37170E+05 -7.88052E+01
    2.9843E+01  8.37170E+05 -7.88052E+01  8.37170E+05 -7.88052E+01  8.37170E+05 -7.88052E+01
    2.9881E+01  8.37170E+05 -7.88052E+01  8.37170E+05 -7.88052E+01  8.37170E+05 -7.88052E+01
    2.9919E+01  8.37170E+05 -7.88052E+01  8.37170E+05 -7.88052E+01  8.37170E+05 -7.88052E+01
    2.9957E+01  8.37170E+05 -7.88052E+01  8.37170E+05 -7.88052E+01  8.37170E+05 -7.88052E+01
    2.9995E+01  8.37170E+05 -7.88052E+01  8.37170E+05 -7.88052E+01  8.37170E+05 -7.88052E+01
    3.0033E+01  8.37170E+05 -7.88052E+01  8.37170E+05 -7.88052E+01  8.37170E+05 -7.88052E+01
    3.0070E+01  8.37170E+05 -7.88052E+01  8.37170E+05 -7.88052E+01  8.37170E+05 -7.88052E+01
    3.0108E+01  8.37170E+05 -7.88052E+01  8.37170E+05 -7.88052E+01  8.37170E+05 -7.88052E+01
    3.0146E+01  8.37170E+05 -7.88052E+01  8.37170E+05 -7.88052E+01  8.37170E+05 -7.88052E+01
    3.0184E+01  8.37170E+05 -7.88052E+01  8.37170E+05 -7.88052E+01  8.37170E+05 -7.88052E+01
    3.0222E+01  8.37170E+05 -7.88052E+01  8.37170E+05 -7.88052E+01  8.37170E+05 -7.88052E+01
    3.0260E+01  8.37170E+05 -7.88052E+01  8.37170E+05 -7.88052E+01  8.37170E+05 -7.88052E+01
    3.0298E+01  8.37170E+05 -7.88052E+01  8.37170E+05 -7.88052E+01  8.37170E+05 -7.88052E+01
    3.0336E+01  8.37170E+05 -7.88052E+01  8.37170E+05 -7.88052E+01  8.37170E+05 -7.88052E+01
    3.0374E+01  8.37170E+05 -7.88052E+01  8.37170E+05 -7.88052E+01  8.37170E+05 -7.88052E+01
    3.0412E+01  8.59538E+05 -8.10276E+01  8.59538E+05 -8.10276E+01  8.59538E+05 -8.10276E+01
    3.0450E+01  8.59538E+05 -8.10276E+01  8.59538E+05 -8.10276E+01  8.59538E+05 -8.10276E+01
    3.0488E+01  8.59538E+05 -8.10276E+01  8.59538E+05 -8.10276E+01  8.59538E+05 -8.10276E+01
    3.0526E+01  8.86923E+05 -8.31409E+01  8.86923E+05 -8.31409E+01  8.86923E+05 -8.31409E+01
    3.0563E+01  8.86923E+05 -8.31409E+01  8.86923E+05 -8.31409E+01  8.86923E+05 -8.31409E+01
    3.0601E+01  8.86923E+05 -8.31409E+01  8.86923E+05 -8.31409E+01  8.86923E+05 -8.31409E+01
    3.0639E+01  8.86923E+05 -8.31409E+01  8.86923E+05 -8.31409E+01  8.86923E+05 -8.31409E+01
    3.0677E+01  8.86923E+05 -8.31409E+01  8.86923E+05 -8.31409E+01  8.86923E+05 -8.31409E+01
    3.0715E+01  8.86923E+05 -8.31409E+01  8.86923E+05 -8.31409E+01  8.86923E+05 -8.31409E+01
    3.0753E+01  8.86923E+05 -8.31409E+01  8.86923E+05 -8.31409E+01  8.86923E+05 -8.31409E+01
    3.0791E+01  8.86923E+05 -8.31409E+01  8.86923E+05 -8.31409E+01  8.86923E+05 -8.31409E+01
    3.0829E+01  8.86923E+05 -8.31409E+01  8.86923E+05 -8.31409E+01  8.86923E+05 -8.31409E+01
    3.0867E+01  8.86923E+05 -8.31409E+01  8.86923E+05 -8.31409E+01  8.86923E+05 -8.31409E+01
    3.0905E+01  8.86923E+05 -8.31409E+01  8.86923E+05 -8.31409E+01  8.86923E+05 -8.31409E+01
    3.0943E+01  8.86923E+05 -8.31409E+01  8.86923E+05 -8.31409E+01  8.86923E+05 -8.31409E+01
    3.0981E+01  8.86923E+05 -8.31409E+01  8.86923E+05 -8.31409E+01  8.86923E+05 -8.31409E+01
    3.1018E+01  8.86923E+05 -8.31409E+01  8.86923E+05 -8.31409E+01  8.86923E+05 -8.31409E+01
    3.1056E+01  8.86923E+05 -8.31409E+01  8.86923E+05 -8.31409E+01  8.86923E+05 -8.31409E+01
    3.1094E+01  8.86923E+05 -8.31409E+01  8.86923E+05 -8.31409E+01  8.86923E+05 -8.31409E+01
    3.1132E+01  8.86923E+05 -8.31409E+01  8.86923E+05 -8.31409E+01  8.86923E+05 -8.31409E+01
    3.1170E+01  8.86923E+05 -8.31409E+01  8.86923E+05 -8.31409E+01  8.86923E+05 -8.31409E+01
    3.1208E+01  8.86923E+05 -8.31409E+01  8.86923E+05 -8.31409E+01  8.86923E+05 -8.31409E+01
    3.1246E+01  8.86923E+05 -8.31409E+01  8.86923E+05 -8.31409E+01  8.86923E+05 -8.31409E+01
    3.1284E+01  8.86923E+05 -8.31409E+01  8.86923E+05 -8.31409E+01  8.86923E+05 -8.31409E+01
    3.1322E+01  8.86923E+05 -8.31409E+01  8.86923E+05 -8.31409E+01  8.86923E+05 -8.31409E+01
    3.1360E+01  8.86923E+05 -8.31409E+01  8.86923E+05 -8.31409E+01  8.86923E+05 -8.31409E+01
    3.1398E+01  8.86923E+05 -8.31409E+01  8.86923E+05 -8.31409E+01  8.86923E+05 -8.31409E+01
    3.1436E+01  8.86923E+05 -8.31409E+01  8.86923E+05 -8.31409E+01  8.86923E+05 -8.31409E+01
    3.1474E+01  8.86923E+05 -8.31409E+01  8.86923E+05 -8.31409E+01  8.86923E+05 -8.31409E+01
    3.1511E+01  8.86923E+05 -8.31409E+01  8.86923E+05 -8.31409E+01  8.86923E+05 -8.31409E+01
    3.1549E+01  8.86923E+05 -8.31409E+01  8.86923E+05 -8.31409E+01  8.86923E+05 -8.31409E+01
    3.1587E+01  8.86923E+05 -8.31409E+01  8.86923E+05 -8.31409E+01  8.86923E+05 -8.31409E+01
    3.1625E+01  8.86923E+05 -8.31409E+01  8.86923E+05 -8.31409E+01  8.86923E+05 -8.31409E+01
    3.1663E+01  8.86923E+05 -8.31409E+01  8.86923E+05 -8.31409E+01  8.86923E+05 -8.31409E+01
    3.1701E+01  8.86923E+05 -8.31409E+01  8.86923E+05 -8.31409E+01  8.86923E+05 -8.31409E+01
    3.1739E+01  8.86923E+05 -8.31409E+01  8.86923E+05 -8.31409E+01  8.86923E+05 -8.31409E+01
    3.1777E+01  8.86923E+05 -8.31409E+01  8.86923E+05 -8.31409E+01  8.86923E+05 -8.31409E+01
    3.1815E+01  8.86923E+05 -8.31409E+01  8.86923E+05 -8.31409E+01  8.86923E+05 -8.31409E+01
    3.1853E+01  8.86923E+05 -8.31409E+01  8.86923E+05 -8.31409E+01  8.86923E+05 -8.31409E+01
    3.1891E+01  8.86923E+05 -8.31409E+01  8.86923E+05 -8.31409E+01  8.86923E+05 -8.31409E+01
    3.1929E+01  8.86923E+05 -8.31409E+01  8.86923E+05 -8.31409E+01  8.86923E+05 -8.31409E+01
    3.1966E+01  8.86923E+05 -8.31409E+01  8.86923E+05 -8.31409E+01  8.86923E+05 -8.31409E+01
    3.2004E+01  8.86923E+05 -8.31409E+01  8.86923E+05 -8.31409E+01  8.86923E+05 -8.31409E+01
    3.2042E+01  8.86923E+05 -8.31409E+01  8.86923E+05 -8.31409E+01  8.86923E+05 -8.31409E+01
    3.2080E+01  8.86923E+05 -8.31409E+01  8.86923E+05 -8.31409E+01  8.86923E+05 -8.31409E+01
    3.2118E+01  8.86923E+05 -8.31409E+01  8.86923E+05 -8.31409E+01  8.86923E+05 -8.31409E+01
    3.2156E+01  8.86923E+05 -8.31409E+01  8.86923E+05 -8.31409E+01  8.86923E+05 -8.31409E+01
    3.2194E+01  8.86923E+05 -8.31409E+01  8.86923E+05 -8.31409E+01  8.86923E+05 -8.31409E+01
    3.2232E+01  8.86923E+05 -8.31409E+01  8.86923E+05 -8.31409E+01  8.86923E+05 -8.31409E+01
    3.2270E+01  8.86923E+05 -8.31409E+01  8.86923E+05 -8.31409E+01  8.86923E+05 -8.31409E+01
    3.2308E+01  8.86923E+05 -8.31409E+01  8.86923E+05 -8.31409E+01  8.86923E+05 -8.31409E+01
    3.2346E+01  8.86923E+05 -8.31409E+01  8.86923E+05 -8.31409E+01  8.86923E+05 -8.31409E+01
    3.2384E+01  8.86923E+05 -8.31409E+01  8.86923E+05 -8.31409E+01  8.86923E+05 -8.31409E+01
    3.2422E+01  8.86923E+05 -8.31409E+01  8.86923E+05 -8.31409E+01  8.86923E+05 -8.31409E+01
    3.2459E+01  8.86923E+05 -8.31409E+01  8.86923E+05 -8.31409E+01  8.86923E+05 -8.31409E+01
    3.2497E+01  8.86923E+05 -8.31409E+01  8.86923E+05 -8.31409E+01  8.86923E+05 -8.31409E+01
    3.2535E+01  8.86923E+05 -8.31409E+01  8.86923E+05 -8.31409E+01  8.86923E+05 -8.31409E+01
    3.2573E+01  8.86923E+05 -8.31409E+01  8.86923E+05 -8.31409E+01  8.86923E+05 -8.31409E+01
    3.2611E+01  8.86923E+05 -8.31409E+01  8.86923E+05 -8.31409E+01  8.86923E+05 -8.31409E+01
    3.2649E+01  8.86923E+05 -8.31409E+01  8.86923E+05 -8.31409E+01  8.86923E+05 -8.31409E+01
    3.2687E+01  8.86923E+05 -8.31409E+01  8.86923E+05 -8.31409E+01  8.86923E+05 -8.31409E+01
    3.2725E+01  8.86923E+05 -8.31409E+01  8.86923E+05 -8.31409E+01  8.86923E+05 -8.31409E+01
    3.2763E+01  8.86923E+05 -8.31409E+01  8.86923E+05 -8.31409E+01  8.86923E+05 -8.31409E+01
    3.2801E+01  8.86923E+05 -8.31409E+01  8.86923E+05 -8.31409E+01  8.86923E+05 -8.31409E+01
    3.2839E+01  8.86923E+05 -8.31409E+01  8.86923E+05 -8.31409E+01  8.86923E+05 -8.31409E+01
    3.2877E+01  8.86923E+05 -8.31409E+01  8.86923E+05 -8.31409E+01  8.86923E+05 -8.31409E+01
    3.2914E+01  9.53959E+05 -8.78660E+01  9.53959E+05 -8.78660E+01  9.53959E+05 -8.78660E+01
    3.2952E+01  9.53959E+05 -8.78660E+01  9.53959E+05 -8.78660E+01  9.53959E+05 -8.78660E+01
    3.2990E+01  9.53959E+05 -8.78660E+01  9.53959E+05 -8.78660E+01  9.53959E+05 -8.78660E+01
    3.3028E+01  9.53959E+05 -8.78660E+01  9.53959E+05 -8.78660E+01  9.53959E+05 -8.78660E+01
    3.3066E+01  9.53959E+05 -8.78660E+01  9.53959E+05 -8.78660E+01  9.53959E+05 -8.78660E+01
    3.3104E+01  9.53959E+05 -8.78660E+01  9.53959E+05 -8.78660E+01  9.53959E+05 -8.78660E+01
    3.3142E+01  9.53959E+05 -8.78660E+01  9.53959E+05 -8.78660E+01  9.53959E+05 -8.78660E+01
    3.3180E+01  9.53959E+05 -8.78660E+01  9.53959E+05 -8.78660E+01  9.53959E+05 -8.78660E+01
    3.3218E+01  9.53959E+05 -8.78660E+01  9.53959E+05 -8.78660E+01  9.53959E+05 -8.78660E+01
    3.3256E+01  9.53959E+05 -8.78660E+01  9.53959E+05 -8.78660E+01  9.53959E+05 -8.78660E+01
    3.3294E+01  9.53959E+05 -8.78660E+01  9.53959E+05 -8.78660E+01  9.53959E+05 -8.78660E+01
    3.3332E+01  9.53959E+05 -8.78660E+01  9.53959E+05 -8.78660E+01  9.53959E+05 -8.78660E+01
    3.3370E+01  9.53959E+05 -8.78660E+01  9.53959E+05 -8.78660E+01  9.53959E+05 -8.78660E+01
    3.3407E+01  9.53959E+05 -8.78660E+01  9.53959E+05 -8.78660E+01  9.53959E+05 -8.78660E+01
    3.3445E+01  9.53959E+05 -8.78660E+01  9.53959E+05 -8.78660E+01  9.53959E+05 -8.78660E+01
    3.3483E+01  9.53959E+05 -8.78660E+01  9.53959E+05 -8.78660E+01  9.53959E+05 -8.78660E+01
    3.3521E+01  9.53959E+05 -8.78660E+01  9.53959E+05 -8.78660E+01  9.53959E+05 -8.78660E+01
    3.3559E+01  9.53959E+05 -8.78660E+01  9.53959E+05 -8.78660E+01  9.53959E+05 -8.78660E+01
    3.3597E+01  9.53959E+05 -8.78660E+01  9.53959E+05 -8.78660E+01  9.53959E+05 -8.78660E+01
    3.3635E+01  9.53959E+05 -8.78660E+01  9.53959E+05 -8.78660E+01  9.53959E+05 -8.78660E+01
    3.3673E+01  9.53959E+05 -8.78660E+01  9.53959E+05 -8.78660E+01  9.53959E+05 -8.78660E+01
    3.3711E+01  9.53959E+05 -8.78660E+01  9.53959E+05 -8.78660E+01  9.53959E+05 -8.78660E+01
    3.3749E+01  9.53959E+05 -8.78660E+01  9.53959E+05 -8.78660E+01  9.53959E+05 -8.78660E+01
    3.3787E+01  9.53959E+05 -8.78660E+01  9.53959E+05 -8.78660E+01  9.53959E+05 -8.78660E+01
    3.3825E+01  9.53959E+05 -8.78660E+01  9.53959E+05 -8.78660E+01  9.53959E+05 -8.78660E+01
    3.3862E+01  9.53959E+05 -8.78660E+01  9.53959E+05 -8.78660E+01  9.53959E+05 -8.78660E+01
    3.3900E+01  9.53959E+05 -8.78660E+01  9.53959E+05 -8.78660E+01  9.53959E+05 -8.78660E+01
    3.3938E+01  9.53959E+05 -8.78660E+01  9.53959E+05 -8.78660E+01  9.53959E+05 -8.78660E+01
    3.3976E+01  9.53959E+05 -8.78660E+01  9.53959E+05 -8.78660E+01  9.53959E+05 -8.78660E+01
    3.4014E+01  9.53959E+05 -8.78660E+01  9.53959E+05 -8.78660E+01  9.53959E+05 -8.78660E+01
    3.4052E+01  9.53959E+05 -8.78660E+01  9.53959E+05 -8.78660E+01  9.53959E+05 -8.78660E+01
    3.4090E+01  9.53959E+05 -8.78660E+01  9.53959E+05 -8.78660E+01  9.53959E+05 -8.78660E+01
    3.4128E+01  9.53959E+05 -8.78660E+01  9.53959E+05 -8.78660E+01  9.53959E+05 -8.78660E+01
    3.4166E+01  9.53959E+05 -8.78660E+01  9.53959E+05 -8.78660E+01  9.53959E+05 -8.78660E+01
    3.4204E+01  9.53959E+05 -8.78660E+01  9.53959E+05 -8.78660E+01  9.53959E+05 -8.78660E+01
    3.4242E+01  9.53959E+05 -8.78660E+01  9.53959E+05 -8.78660E+01  9.53959E+05 -8.78660E+01
    3.4280E+01  9.53959E+05 -8.78660E+01  9.53959E+05 -8.78660E+01  9.53959E+05 -8.78660E+01
    3.4318E+01  9.53959E+05 -8.78660E+01  9.53959E+05 -8.78660E+01  9.53959E+05 -8.78660E+01
    3.4355E+01  9.53959E+05 -8.78660E+01  9.53959E+05 -8.78660E+01  9.53959E+05 -8.78660E+01
    3.4393E+01  9.53959E+05 -8.78660E+01  9.53959E+05 -8.78660E+01  9.53959E+05 -8.78660E+01
    3.4431E+01  9.53959E+05 -8.78660E+01  9.53959E+05 -8.78660E+01  9.53959E+05 -8.78660E+01
    3.4469E+01  9.53959E+05 -8.78660E+01  9.53959E+05 -8.78660E+01  9.53959E+05 -8.78660E+01
    3.4507E+01  9.53959E+05 -8.78660E+01  9.53959E+05 -8.78660E+01  9.53959E+05 -8.78660E+01
    3.4545E+01  9.53959E+05 -8.78660E+01  9.53959E+05 -8.78660E+01  9.53959E+05 -8.78660E+01
    3.4583E+01  9.53959E+05 -8.78660E+01  9.53959E+05 -8.78660E+01  9.53959E+05 -8.78660E+01
    3.4621E+01  9.53959E+05 -8.78660E+01  9.53959E+05 -8.78660E+01  9.53959E+05 -8.78660E+01
    3.4659E+01  9.53959E+05 -8.78660E+01  9.53959E+05 -8.78660E+01  9.53959E+05 -8.78660E+01
    3.4697E+01  9.53959E+05 -8.78660E+01  9.53959E+05 -8.78660E+01  9.53959E+05 -8.78660E+01
    3.4735E+01  9.53959E+05 -8.78660E+01  9.53959E+05 -8.78660E+01  9.53959E+05 -8.78660E+01
    3.4773E+01  9.53959E+05 -8.78660E+01  9.53959E+05 -8.78660E+01  9.53959E+05 -8.78660E+01
    3.4810E+01  9.53959E+05 -8.78660E+01  9.53959E+05 -8.78660E+01  9.53959E+05 -8.78660E+01
    3.4848E+01  9.53959E+05 -8.78660E+01  9.53959E+05 -8.78660E+01  9.53959E+05 -8.78660E+01
    3.4886E+01  9.53959E+05 -8.78660E+01  9.53959E+05 -8.78660E+01  9.53959E+05 -8.78660E+01
    3.4924E+01  9.53959E+05 -8.78660E+01  9.53959E+05 -8.78660E+01  9.53959E+05 -8.78660E+01
    3.4962E+01  9.53959E+05 -8.78660E+01  9.53959E+05 -8.78660E+01  9.53959E+05 -8.78660E+01
    3.5000E+01  9.53959E+05 -8.78660E+01  9.53959E+05 -8.78660E+01  9.53959E+05 -8.78660E+01
    3.5038E+01  9.53959E+05 -8.78660E+01  9.53959E+05 -8.78660E+01  9.53959E+05 -8.78660E+01
    3.5076E+01  9.53959E+05 -8.78660E+01  9.53959E+05 -8.78660E+01  9.53959E+05 -8.78660E+01
    3.5114E+01  1.00135E+06 -8.83427E+01  1.00135E+06 -8.83427E+01  1.00135E+06 -8.83427E+01
    3.5152E+01  1.00135E+06 -8.83427E+01  1.00135E+06 -8.83427E+01  1.00135E+06 -8.83427E+01
    3.5190E+01  1.00135E+06 -8.83427E+01  1.00135E+06 -8.83427E+01  1.00135E+06 -8.83427E+01
    3.5228E+01  1.00135E+06 -8.83427E+01  1.00135E+06 -8.83427E+01  1.00135E+06 -8.83427E+01
    3.5266E+01  1.00135E+06 -8.83427E+01  1.00135E+06 -8.83427E+01  1.00135E+06 -8.83427E+01
    3.5303E+01  1.00135E+06 -8.83427E+01  1.00135E+06 -8.83427E+01  1.00135E+06 -8.83427E+01
    3.5341E+01  1.00135E+06 -8.83427E+01  1.00135E+06 -8.83427E+01  1.00135E+06 -8.83427E+01
    3.5379E+01  1.00135E+06 -8.83427E+01  1.00135E+06 -8.83427E+01  1.00135E+06 -8.83427E+01
    3.5417E+01  1.00135E+06 -8.83427E+01  1.00135E+06 -8.83427E+01  1.00135E+06 -8.83427E+01
    3.5455E+01  1.00135E+06 -8.83427E+01  1.00135E+06 -8.83427E+01  1.00135E+06 -8.83427E+01
    3.5493E+01  1.00135E+06 -8.83427E+01  1.00135E+06 -8.83427E+01  1.00135E+06 -8.83427E+01
    3.5531E+01  1.00135E+06 -8.83427E+01  1.00135E+06 -8.83427E+01  1.00135E+06 -8.83427E+01
    3.5569E+01  1.00135E+06 -8.83427E+01  1.00135E+06 -8.83427E+01  1.00135E+06 -8.83427E+01
    3.5607E+01  1.00135E+06 -8.83427E+01  1.00135E+06 -8.83427E+01  1.00135E+06 -8.83427E+01
    3.5645E+01  1.00135E+06 -8.83427E+01  1.00135E+06 -8.83427E+01  1.00135E+06 -8.83427E+01
    3.5683E+01  1.00135E+06 -8.83427E+01  1.00135E+06 -8.83427E+01  1.00135E+06 -8.83427E+01
    3.5721E+01  1.00135E+06 -8.83427E+01  1.00135E+06 -8.83427E+01  1.00135E+06 -8.83427E+01
    3.5758E+01  1.00135E+06 -8.83427E+01  1.00135E+06 -8.83427E+01  1.00135E+06 -8.83427E+01
    3.5796E+01  1.00135E+06 -8.83427E+01  1.00135E+06 -8.83427E+01  1.00135E+06 -8.83427E+01
    3.5834E+01  1.00135E+06 -8.83427E+01  1.00135E+06 -8.83427E+01  1.00135E+06 -8.83427E+01
    3.5872E+01  1.00135E+06 -8.83427E+01  1.00135E+06 -8.83427E+01  1.00135E+06 -8.83427E+01
    3.5910E+01  1.00135E+06 -8.83427E+01  1.00135E+06 -8.83427E+01  1.00135E+06 -8.83427E+01
    3.5948E+01  1.00135E+06 -8.83427E+01  1.00135E+06 -8.83427E+01  1.00135E+06 -8.83427E+01
    3.5986E+01  1.00135E+06 -8.83427E+01  1.00135E+06 -8.83427E+01  1.00135E+06 -8.83427E+01
    3.6024E+01  1.00135E+06 -8.83427E+01  1.00135E+06 -8.83427E+01  1.00135E+06 -8.83427E+01
    3.6062E+01  1.00135E+06 -8.83427E+01  1.00135E+06 -8.83427E+01  1.00135E+06 -8.83427E+01
    3.6100E+01  1.00135E+06 -8.83427E+01  1.00135E+06 -8.83427E+01  1.00135E+06 -8.83427E+01
    3.6138E+01  1.00135E+06 -8.83427E+01  1.00135E+06 -8.83427E+01  1.00135E+06 -8.83427E+01
    3.6176E+01  1.00135E+06 -8.83427E+01  1.00135E+06 -8.83427E+01  1.00135E+06 -8.83427E+01
    3.6214E+01  1.00135E+06 -8.83427E+01  1.00135E+06 -8.83427E+01  1.00135E+06 -8.83427E+01
    3.6251E+01  1.00135E+06 -8.83427E+01  1.00135E+06 -8.83427E+01  1.00135E+06 -8.83427E+01
    3.6289E+01  1.00135E+06 -8.83427E+01  1.00135E+06 -8.83427E+01  1.00135E+06 -8.83427E+01
    3.6327E+01  1.00135E+06 -8.83427E+01  1.00135E+06 -8.83427E+01  1.00135E+06 -8.83427E+01
    3.6365E+01  1.00135E+06 -8.83427E+01  1.00135E+06 -8.83427E+01  1.00135E+06 -8.83427E+01
    3.6403E+01  1.00135E+06 -8.83427E+01  1.00135E+06 -8.83427E+01  1.00135E+06 -8.83427E+01
    3.6441E+01  1.00135E+06 -8.83427E+01  1.00135E+06 -8.83427E+01  1.00135E+06 -8.83427E+01
    3.6479E+01  1.00135E+06 -8.83427E+01  1.00135E+06 -8.83427E+01  1.00135E+06 -8.83427E+01
    3.6517E+01  1.00135E+06 -8.83427E+01  1.00135E+06 -8.83427E+01  1.00135E+06 -8.83427E+01
    3.6555E+01  1.00135E+06 -8.83427E+01  1.00135E+06 -8.83427E+01  1.00135E+06 -8.83427E+01
    3.6593E+01  1.00135E+06 -8.83427E+01  1.00135E+06 -8.83427E+01  1.00135E+06 -8.83427E+01
    3.6631E+01  1.00135E+06 -8.83427E+01  1.00135E+06 -8.83427E+01  1.00135E+06 -8.83427E+01
    3.6669E+01  1.00135E+06 -8.83427E+01  1.00135E+06 -8.83427E+01  1.00135E+06 -8.83427E+01
    3.6706E+01  1.00135E+06 -8.83427E+01  1.00135E+06 -8.83427E+01  1.00135E+06 -8.83427E+01
    3.6744E+01  1.00135E+06 -8.83427E+01  1.00135E+06 -8.83427E+01  1.00135E+06 -8.83427E+01
    3.6782E+01  1.00135E+06 -8.83427E+01  1.00135E+06 -8.83427E+01  1.00135E+06 -8.83427E+01
    3.6820E+01  1.00135E+06 -8.83427E+01  1.00135E+06 -8.83427E+01  1.00135E+06 -8.83427E+01
    3.6858E+01  1.00135E+06 -8.83427E+01  1.00135E+06 -8.83427E+01  1.00135E+06 -8.83427E+01
    3.6896E+01  1.00135E+06 -8.83427E+01  1.00135E+06 -8.83427E+01  1.00135E+06 -8.83427E+01
    3.6934E+01  1.00135E+06 -8.83427E+01  1.00135E+06 -8.83427E+01  1.00135E+06 -8.83427E+01
    3.6972E+01  1.00135E+06 -8.83427E+01  1.00135E+06 -8.83427E+01  1.00135E+06 -8.83427E+01
    3.7010E+01  1.00135E+06 -8.83427E+01  1.00135E+06 -8.83427E+01  1.00135E+06 -8.83427E+01
    3.7048E+01  1.00135E+06 -8.83427E+01  1.00135E+06 -8.83427E+01  1.00135E+06 -8.83427E+01
    3.7086E+01  1.00135E+06 -8.83427E+01  1.00135E+06 -8.83427E+01  1.00135E+06 -8.83427E+01
    3.7124E+01  1.00135E+06 -8.83427E+01  1.00135E+06 -8.83427E+01  1.00135E+06 -8.83427E+01
    3.7162E+01  1.00135E+06 -8.83427E+01  1.00135E+06 -8.83427E+01  1.00135E+06 -8.83427E+01
    3.7199E+01  1.00135E+06 -8.83427E+01  1.00135E+06 -8.83427E+01  1.00135E+06 -8.83427E+01
    3.7237E+01  1.00135E+06 -8.83427E+01  1.00135E+06 -8.83427E+01  1.00135E+06 -8.83427E+01
    3.7275E+01  1.00135E+06 -8.83427E+01  1.00135E+06 -8.83427E+01  1.00135E+06 -8.83427E+01
    3.7313E+01  1.00135E+06 -8.83427E+01  1.00135E+06 -8.83427E+01  1.00135E+06 -8.83427E+01
    3.7351E+01  1.00135E+06 -8.83427E+01  1.00135E+06 -8.83427E+01  1.00135E+06 -8.83427E+01
    3.7389E+01  1.00135E+06 -8.83427E+01  1.00135E+06 -8.83427E+01  1.00135E+06 -8.83427E+01
    3.7427E+01  1.00135E+06 -8.83427E+01  1.00135E+06 -8.83427E+01  1.00135E+06 -8.83427E+01
    3.7465E+01  1.00135E+06 -8.83427E+01  1.00135E+06 -8.83427E+01  1.00135E+06 -8.83427E+01
    3.7503E+01  1.00135E+06 -8.83427E+01  1.00135E+06 -8.83427E+01  1.00135E+06 -8.83427E+01
    3.7541E+01  1.00135E+06 -8.83427E+01  1.00135E+06 -8.83427E+01  1.00135E+06 -8.83427E+01
    3.7579E+01  1.00135E+06 -8.83427E+01  1.00135E+06 -8.83427E+01  1.00135E+06 -8.83427E+01
    3.7617E+01  1.00135E+06 -8.83427E+01  1.00135E+06 -8.83427E+01  1.00135E+06 -8.83427E+01
    3.7654E+01  1.00135E+06 -8.83427E+01  1.00135E+06 -8.83427E+01  1.00135E+06 -8.83427E+01
    3.7692E+01  1.00135E+06 -8.83427E+01  1.00135E+06 -8.83427E+01  1.00135E+06 -8.83427E+01
    3.7730E+01  1.00135E+06 -8.83427E+01  1.00135E+06 -8.83427E+01  1.00135E+06 -8.83427E+01
    3.7768E+01  1.00135E+06 -8.83427E+01  1.00135E+06 -8.83427E+01  1.00135E+06 -8.83427E+01
    3.7806E+01  1.00135E+06 -8.83427E+01  1.00135E+06 -8.83427E+01  1.00135E+06 -8.83427E+01
    3.7844E+01  1.00135E+06 -8.83427E+01  1.00135E+06 -8.83427E+01  1.00135E+06 -8.83427E+01
    3.7882E+01  1.05644E+06 -8.98066E+01  1.05644E+06 -8.98066E+01  1.05644E+06 -8.98066E+01
