    0.0000E+00 -3.79530E-01  0.00000E+00  0.00000E+00  0.00000E+00
    3.7920E-02 -3.79530E-01  0.00000E+00  0.00000E+00  0.00000E+00
    7.5840E-02 -3.79530E-01  0.00000E+00  0.00000E+00  0.00000E+00
    1.1376E-01 -3.79530E-01  0.00000E+00  0.00000E+00  0.00000E+00
    1.5168E-01 -3.79530E-01  0.00000E+00  0.00000E+00  0.00000E+00
    1.8960E-01 -3.81848E-01 -2.31765E-03  0.00000E+00  0.00000E+00
    2.2752E-01 -3.81848E-01 -2.31765E-03  0.00000E+00  0.00000E+00
    2.6544E-01 -3.81848E-01 -2.31765E-03  0.00000E+00  0.00000E+00
    3.0336E-01 -3.81848E-01 -2.31765E-03  0.00000E+00  0.00000E+00
    3.4128E-01 -3.81848E-01 -2.31765E-03  0.00000E+00  0.00000E+00
    3.7920E-01 -3.81848E-01 -2.31765E-03  0.00000E+00  0.00000E+00
    4.1712E-01 -3.81848E-01 -2.31765E-03  0.00000E+00  0.00000E+00
    4.5504E-01 -3.81848E-01 -2.31765E-03  0.00000E+00  0.00000E+00
    4.9296E-01 -3.81848E-01 -2.31765E-03  0.00000E+00  0.00000E+00
    5.3088E-01 -3.81848E-01 -2.31765E-03  0.00000E+00  0.00000E+00
    5.6880E-01 -3.81848E-01 -2.31765E-03  0.00000E+00  0.00000E+00
    6.0672E-01 -3.81848E-01 -2.31765E-03  0.00000E+00  0.00000E+00
    6.4464E-01 -3.81848E-01 -2.31765E-03  0.00000E+00  0.00000E+00
    6.8256E-01 -3.81848E-01 -2.31765E-03  0.00000E+00  0.00000E+00
    7.2048E-01 -3.81848E-01 -2.31765E-03  0.00000E+00  0.00000E+00
    7.5840E-01 -3.81848E-01 -2.31765E-03  0.00000E+00  0.00000E+00
    7.9632E-01 -3.81848E-01 -2.31765E-03  0.00000E+00  0.00000E+00
    8.3424E-01 -3.81848E-01 -2.31765E-03  0.00000E+00  0.00000E+00
    8.7216E-01 -3.81848E-01 -2.31765E-03  0.00000E+00  0.00000E+00
    9.1008E-01 -3.81848E-01 -2.31765E-03  0.00000E+00  0.00000E+00
    9.4800E-01 -3.81848E-01 -2.31765E-03  0.00000E+00  0.00000E+00
    9.8592E-01 -3.81848E-01 -2.31765E-03  0.00000E+00  0.00000E+00
    1.0238E+00 -3.81848E-01 -2.31765E-03  0.00000E+00  0.00000E+00
    1.0618E+00 -3.81848E-01 -2.31765E-03  0.00000E+00  0.00000E+00
    1.0997E+00 -3.81848E-01 -2.31765E-03  0.00000E+00  0.00000E+00
    1.1376E+00 -3.81848E-01 -2.31765E-03  0.00000E+00  0.00000E+00
    1.1755E+00 -3.81848E-01 -2.31765E-03  0.00000E+00  0.00000E+00
    1.2134E+00 -3.81848E-01 -2.31765E-03  0.00000E+00  0.00000E+00
    1.2514E+00 -3.81848E-01 -2.31765E-03  0.00000E+00  0.00000E+00
    1.2893E+00 -3.81848E-01 -2.31765E-03  0.00000E+00  0.00000E+00
    1.3272E+00 -3.81848E-01 -2.31765E-03  0.00000E+00  0.00000E+00
    1.3651E+00 -3.81848E-01 -2.31765E-03  0.00000E+00  0.00000E+00
    1.4030E+00 -3.81848E-01 -2.31765E-03  0.00000E+00  0.00000E+00
    1.4410E+00 -3.81848E-01 -2.31765E-03  0.00000E+00  0.00000E+00
    1.4789E+00 -3.81848E-01 -2.31765E-03  0.00000E+00  0.00000E+00
    1.5168E+00 -3.81848E-01 -2.31765E-03  0.00000E+00  0.00000E+00
    1.5547E+00 -3.81848E-01 -2.31765E-03  0.00000E+00  0.00000E+00
    1.5926E+00 -3.81848E-01 -2.31765E-03  0.00000E+00  0.00000E+00
    1.6306E+00 -3.81848E-01 -2.31765E-03  0.00000E+00  0.00000E+00
    1.6685E+00 -3.81848E-01 -2.31765E-03  0.00000E+00  0.00000E+00
    1.7064E+00 -3.81848E-01 -2.31765E-03  0.00000E+00  0.00000E+00
    1.7443E+00 -3.81848E-01 -2.31765E-03  0.00000E+00  0.00000E+00
    1.7822E+00 -3.81848E-01 -2.31765E-03  0.00000E+00  0.00000E+00
    1.8202E+00 -3.81848E-01 -2.31765E-03  0.00000E+00  0.00000E+00
    1.8581E+00 -3.81848E-01 -2.31765E-03  0.00000E+00  0.00000E+00
    1.8960E+00 -3.81848E-01 -2.31765E-03  0.00000E+00  0.00000E+00
    1.9339E+00 -3.81848E-01 -2.31765E-03  0.00000E+00  0.00000E+00
    1.9718E+00 -3.81848E-01 -2.31765E-03  0.00000E+00  0.00000E+00
    2.0098E+00 -3.81848E-01 -2.31765E-03  0.00000E+00  0.00000E+00
    2.0477E+00 -3.81848E-01 -2.31765E-03  0.00000E+00  0.00000E+00
    2.0856E+00 -3.81848E-01 -2.31765E-03  0.00000E+00  0.00000E+00
    2.1235E+00 -3.81848E-01 -2.31765E-03  0.00000E+00  0.00000E+00
    2.1614E+00 -3.81848E-01 -2.31765E-03  0.00000E+00  0.00000E+00
    2.1994E+00 -3.81848E-01 -2.31765E-03  0.00000E+00  0.00000E+00
    2.2373E+00 -3.81848E-01 -2.31765E-03  0.00000E+00  0.00000E+00
    2.2752E+00 -3.81848E-01 -2.31765E-03  0.00000E+00  0.00000E+00
    2.3131E+00 -3.81848E-01 -2.31765E-03  0.00000E+00  0.00000E+00
    2.3510E+00 -3.81848E-01 -2.31765E-03  0.00000E+00  0.00000E+00
    2.3890E+00 -3.81848E-01 -2.31765E-03  0.00000E+00  0.00000E+00
    2.4269E+00 -3.81848E-01 -2.31765E-03  0.00000E+00  0.00000E+00
    2.4648E+00 -3.81848E-01 -2.31765E-03  0.00000E+00  0.00000E+00
    2.5027E+00 -3.81848E-01 -2.31765E-03  0.00000E+00  0.00000E+00
    2.5406E+00 -3.81848E-01 -2.31765E-03  0.00000E+00  0.00000E+00
    2.5786E+00 -3.81848E-01 -2.31765E-03  0.00000E+00  0.00000E+00
    2.6165E+00 -3.81848E-01 -2.31765E-03  0.00000E+00  0.00000E+00
    2.6544E+00 -3.81848E-01 -2.31765E-03  0.00000E+00  0.00000E+00
    2.6923E+00 -3.81848E-01 -2.31765E-03  0.00000E+00  0.00000E+00
    2.7302E+00 -3.81848E-01 -2.31765E-03  0.00000E+00  0.00000E+00
    2.7682E+00 -3.81848E-01 -2.31765E-03  0.00000E+00  0.00000E+00
    2.8061E+00 -3.81848E-01 -2.31765E-03  0.00000E+00  0.00000E+00
    2.8440E+00 -3.81848E-01 -2.31765E-03  0.00000E+00  0.00000E+00
    2.8819E+00 -3.81848E-01 -2.31765E-03  0.00000E+00  0.00000E+00
    2.9198E+00 -3.81848E-01 -2.31765E-03  0.00000E+00  0.00000E+00
    2.9578E+00 -3.81848E-01 -2.31765E-03  0.00000E+00  0.00000E+00
    2.9957E+00 -3.92713E-01 -1.31824E-02  0.00000E+00  0.00000E+00
    3.0336E+00 -3.92713E-01 -1.31824E-02  0.00000E+00  0.00000E+00
    3.0715E+00 -3.92713E-01 -1.31824E-02  0.00000E+00  0.00000E+00
    3.1094E+00 -3.92713E-01 -1.31824E-02  0.00000E+00  0.00000E+00
    3.1474E+00 -3.92713E-01 -1.31824E-02  0.00000E+00  0.00000E+00
    3.1853E+00 -3.92713E-01 -1.31824E-02  0.00000E+00  0.00000E+00
    3.2232E+00 -3.92713E-01 -1.31824E-02  0.00000E+00  0.00000E+00
    3.2611E+00 -3.92713E-01 -1.31824E-02  0.00000E+00  0.00000E+00
    3.2990E+00 -3.92713E-01 -1.31824E-02  0.00000E+00  0.00000E+00
    3.3370E+00 -3.92713E-01 -1.31824E-02  0.00000E+00  0.00000E+00
    3.3749E+00 -3.92713E-01 -1.31824E-02  0.00000E+00  0.00000E+00
    3.4128E+00 -6.03862E-01 -1.73948E-02  0.00000E+00  0.00000E+00
    3.4507E+00 -6.03862E-01 -1.73948E-02  0.00000E+00  0.00000E+00
    3.4886E+00 -6.03862E-01 -1.73948E-02  0.00000E+00  0.00000E+00
    3.5266E+00 -6.03862E-01 -1.73948E-02  0.00000E+00  0.00000E+00
    3.5645E+00 -6.03862E-01 -1.73948E-02  0.00000E+00  0.00000E+00
    3.6024E+00 -6.03862E-01 -1.73948E-02  0.00000E+00  0.00000E+00
    3.6403E+00 -6.03862E-01 -1.73948E-02  0.00000E+00  0.00000E+00
    3.6782E+00 -6.03862E-01 -1.73948E-02  0.00000E+00  0.00000E+00
    3.7162E+00 -6.03862E-01 -1.73948E-02  0.00000E+00  0.00000E+00
    3.7541E+00 -6.03862E-01 -1.73948E-02  0.00000E+00  0.00000E+00
    3.7920E+00 -6.03862E-01 -1.73948E-02  0.00000E+00  0.00000E+00
    3.8299E+00 -6.03862E-01 -1.73948E-02  0.00000E+00  0.00000E+00
    3.8678E+00 -6.03862E-01 -1.73948E-02  0.00000E+00  0.00000E+00
    3.9058E+00 -6.03862E-01 -1.73948E-02  0.00000E+00  0.00000E+00
    3.9437E+00 -6.03862E-01 -1.73948E-02  0.00000E+00  0.00000E+00
    3.9816E+00 -6.03862E-01 -1.73948E-02  0.00000E+00  0.00000E+00
    4.0195E+00 -6.03862E-01 -1.73948E-02  0.00000E+00  0.00000E+00
    4.0574E+00 -6.03862E-01 -1.73948E-02  0.00000E+00  0.00000E+00
    4.0954E+00 -6.03862E-01 -1.73948E-02  0.00000E+00  0.00000E+00
    4.1333E+00 -6.03862E-01 -1.73948E-02  0.00000E+00  0.00000E+00
    4.1712E+00 -6.03862E-01 -1.73948E-02  0.00000E+00  0.00000E+00
    4.2091E+00 -6.03862E-01 -1.73948E-02  0.00000E+00  0.00000E+00
    4.2470E+00 -6.03862E-01 -1.73948E-02  0.00000E+00  0.00000E+00
    4.2850E+00 -6.03862E-01 -1.73948E-02  0.00000E+00  0.00000E+00
    4.3229E+00 -6.03862E-01 -1.73948E-02  0.00000E+00  0.00000E+00
    4.3608E+00 -6.03862E-01 -1.73948E-02  0.00000E+00  0.00000E+00
    4.3987E+00 -6.03862E-01 -1.73948E-02  0.00000E+00  0.00000E+00
    4.4366E+00 -6.03862E-01 -1.73948E-02  0.00000E+00  0.00000E+00
    4.4746E+00 -6.03862E-01 -1.73948E-02  0.00000E+00  0.00000E+00
    4.5125E+00 -6.03862E-01 -1.73948E-02  0.00000E+00  0.00000E+00
    4.5504E+00 -6.03862E-01 -1.73948E-02  0.00000E+00  0.00000E+00
    4.5883E+00 -6.03862E-01 -1.73948E-02  0.00000E+00  0.00000E+00
    4.6262E+00 -6.03862E-01 -1.73948E-02  0.00000E+00  0.00000E+00
    4.6642E+00 -6.03862E-01 -1.73948E-02  0.00000E+00  0.00000E+00
    4.7021E+00 -6.03862E-01 -1.73948E-02  0.00000E+00  0.00000E+00
    4.7400E+00 -6.03862E-01 -1.73948E-02  0.00000E+00  0.00000E+00
    4.7779E+00 -6.03862E-01 -1.73948E-02  0.00000E+00  0.00000E+00
    4.8158E+00 -6.03862E-01 -1.73948E-02  0.00000E+00  0.00000E+00
    4.8537E+00 -6.03862E-01 -1.73948E-02  0.00000E+00  0.00000E+00
    4.8917E+00 -6.03862E-01 -1.73948E-02  0.00000E+00  0.00000E+00
    4.9296E+00 -6.03862E-01 -1.73948E-02  0.00000E+00  0.00000E+00
    4.9675E+00 -6.03862E-01 -1.73948E-02  0.00000E+00  0.00000E+00
    5.0054E+00 -6.03862E-01 -1.73948E-02  0.00000E+00  0.00000E+00
    5.0433E+00 -6.03862E-01 -1.73948E-02  0.00000E+00  0.00000E+00
    5.0813E+00 -6.03862E-01 -1.73948E-02  0.00000E+00  0.00000E+00
    5.1192E+00 -6.03862E-01 -1.73948E-02  0.00000E+00  0.00000E+00
    5.1571E+00 -6.03862E-01 -1.73948E-02  0.00000E+00  0.00000E+00
    5.1950E+00 -6.03862E-01 -1.73948E-02  0.00000E+00  0.00000E+00
    5.2329E+00 -6.03862E-01 -1.73948E-02  0.00000E+00  0.00000E+00
    5.2709E+00 -6.03862E-01 -1.73948E-02  0.00000E+00  0.00000E+00
    5.3088E+00 -6.03862E-01 -1.73948E-02  0.00000E+00  0.00000E+00
    5.3467E+00 -6.03862E-01 -1.73948E-02  0.00000E+00  0.00000E+00
    5.3846E+00 -6.03862E-01 -1.73948E-02  0.00000E+00  0.00000E+00
    5.4225E+00 -6.03862E-01 -1.73948E-02  0.00000E+00  0.00000E+00
    5.4605E+00 -6.03862E-01 -1.73948E-02  0.00000E+00  0.00000E+00
    5.4984E+00 -6.03862E-01 -1.73948E-02  0.00000E+00  0.00000E+00
    5.5363E+00 -6.03862E-01 -1.73948E-02  0.00000E+00  0.00000E+00
    5.5742E+00 -6.03862E-01 -1.73948E-02  0.00000E+00  0.00000E+00
    5.6121E+00 -6.03862E-01 -1.73948E-02  0.00000E+00  0.00000E+00
    5.6501E+00 -6.03862E-01 -1.73948E-02  0.00000E+00  0.00000E+00
    5.6880E+00 -6.03862E-01 -1.73948E-02  0.00000E+00  0.00000E+00
    5.7259E+00 -6.03862E-01 -1.73948E-02  0.00000E+00  0.00000E+00
    5.7638E+00 -6.03862E-01 -1.73948E-02  0.00000E+00  0.00000E+00
    5.8017E+00 -9.95241E-01 -1.73948E-02  0.00000E+00  0.00000E+00
    5.8397E+00 -9.95241E-01 -1.73948E-02  0.00000E+00  0.00000E+00
    5.8776E+00 -9.95241E-01 -1.73948E-02  0.00000E+00  0.00000E+00
    5.9155E+00 -9.95241E-01 -1.73948E-02  0.00000E+00  0.00000E+00
    5.9534E+00 -9.95241E-01 -1.73948E-02  0.00000E+00  0.00000E+00
    5.9913E+00 -9.95241E-01 -1.73948E-02  0.00000E+00  0.00000E+00
    6.0293E+00 -9.95241E-01 -1.73948E-02  0.00000E+00  0.00000E+00
    6.0672E+00 -9.95241E-01 -1.73948E-02  0.00000E+00  0.00000E+00
    6.1051E+00 -9.95241E-01 -1.73948E-02  0.00000E+00  0.00000E+00
    6.1430E+00 -9.95241E-01 -1.73948E-02  0.00000E+00  0.00000E+00
    6.1809E+00 -9.95241E-01 -1.73948E-02  0.00000E+00  0.00000E+00
    6.2189E+00 -9.95241E-01 -1.73948E-02  0.00000E+00  0.00000E+00
    6.2568E+00 -9.95241E-01 -1.73948E-02  0.00000E+00  0.00000E+00
    6.2947E+00 -9.95241E-01 -1.73948E-02  0.00000E+00  0.00000E+00
    6.3326E+00 -9.95241E-01 -1.73948E-02  0.00000E+00  0.00000E+00
    6.3705E+00 -9.95241E-01 -1.73948E-02  0.00000E+00  0.00000E+00
    6.4085E+00 -1.13405E+00 -1.73948E-02  0.00000E+00  0.00000E+00
    6.4464E+00 -1.13405E+00 -1.73948E-02  0.00000E+00  0.00000E+00
    6.4843E+00 -1.13487E+00 -1.73948E-02  0.00000E+00  0.00000E+00
    6.5222E+00 -1.13487E+00 -1.73948E-02  0.00000E+00  0.00000E+00
    6.5601E+00 -1.13487E+00 -1.73948E-02  0.00000E+00  0.00000E+00
    6.5981E+00 -1.13681E+00 -1.73948E-02  0.00000E+00  0.00000E+00
    6.6360E+00 -1.13681E+00 -1.73948E-02  0.00000E+00  0.00000E+00
    6.6739E+00 -1.13991E+00 -1.73948E-02  0.00000E+00  0.00000E+00
    6.7118E+00 -1.13991E+00 -1.73948E-02  0.00000E+00  0.00000E+00
    6.7497E+00 -1.13991E+00 -1.73948E-02  0.00000E+00  0.00000E+00
    6.7877E+00 -1.14041E+00 -1.73948E-02  0.00000E+00  0.00000E+00
    6.8256E+00 -1.14191E+00 -1.73948E-02  0.00000E+00  0.00000E+00
    6.8635E+00 -1.14191E+00 -1.73948E-02  0.00000E+00  0.00000E+00
    6.9014E+00 -1.14191E+00 -1.73948E-02  0.00000E+00  0.00000E+00
    6.9393E+00 -1.14191E+00 -1.73948E-02  0.00000E+00  0.00000E+00
    6.9773E+00 -1.14191E+00 -1.73948E-02  0.00000E+00  0.00000E+00
    7.0152E+00 -1.15507E+00 -1.73948E-02  0.00000E+00  0.00000E+00
    7.0531E+00 -1.15507E+00 -1.73948E-02  0.00000E+00  0.00000E+00
    7.0910E+00 -1.16382E+00 -1.73948E-02  0.00000E+00  0.00000E+00
    7.1289E+00 -1.16382E+00 -1.73948E-02  0.00000E+00  0.00000E+00
    7.1669E+00 -1.16382E+00 -1.73948E-02  0.00000E+00  0.00000E+00
    7.2048E+00 -1.16829E+00 -1.73948E-02  0.00000E+00  0.00000E+00
    7.2427E+00 -1.16829E+00 -1.73948E-02  0.00000E+00  0.00000E+00
    7.2806E+00 -1.16829E+00 -1.73948E-02  0.00000E+00  0.00000E+00
    7.3185E+00 -1.16840E+00 -1.73948E-02  0.00000E+00  0.00000E+00
    7.3565E+00 -1.16840E+00 -1.73948E-02  0.00000E+00  0.00000E+00
    7.3944E+00 -1.45003E+00 -1.73948E-02  0.00000E+00  0.00000E+00
    7.4323E+00 -1.56683E+00 -1.73948E-02  0.00000E+00  0.00000E+00
    7.4702E+00 -1.56683E+00 -1.73948E-02  0.00000E+00  0.00000E+00
    7.5081E+00 -1.59941E+00 -1.73948E-02  0.00000E+00  0.00000E+00
    7.5461E+00 -1.59941E+00 -1.73948E-02  0.00000E+00  0.00000E+00
    7.5840E+00 -1.59941E+00 -1.73948E-02  0.00000E+00  0.00000E+00
    7.6219E+00 -1.59941E+00 -1.73948E-02  0.00000E+00  0.00000E+00
    7.6598E+00 -1.65697E+00 -7.49489E-02  0.00000E+00  0.00000E+00
    7.6977E+00 -1.65697E+00 -7.49489E-02  0.00000E+00  0.00000E+00
    7.7357E+00 -1.65697E+00 -7.49489E-02  0.00000E+00  0.00000E+00
    7.7736E+00 -1.67773E+00 -7.49489E-02  0.00000E+00  0.00000E+00
    7.8115E+00 -1.67773E+00 -7.49489E-02  0.00000E+00  0.00000E+00
    7.8494E+00 -1.67773E+00 -7.49489E-02  0.00000E+00  0.00000E+00
    7.8873E+00 -1.67773E+00 -7.49489E-02  0.00000E+00  0.00000E+00
    7.9253E+00 -1.67773E+00 -7.49489E-02  0.00000E+00  0.00000E+00
    7.9632E+00 -1.68727E+00 -7.49489E-02  0.00000E+00  0.00000E+00
    8.0011E+00 -1.68727E+00 -7.49489E-02  0.00000E+00  0.00000E+00
    8.0390E+00 -1.68727E+00 -7.49489E-02  0.00000E+00  0.00000E+00
    8.0769E+00 -1.68727E+00 -7.49489E-02  0.00000E+00  0.00000E+00
    8.1149E+00 -1.68727E+00 -7.49489E-02  0.00000E+00  0.00000E+00
    8.1528E+00 -1.68731E+00 -7.49489E-02  0.00000E+00  0.00000E+00
    8.1907E+00 -1.78483E+00 -7.49489E-02  0.00000E+00  0.00000E+00
    8.2286E+00 -1.78504E+00 -7.49489E-02  0.00000E+00  0.00000E+00
    8.2665E+00 -1.78778E+00 -7.49489E-02  0.00000E+00  0.00000E+00
    8.3045E+00 -1.78778E+00 -7.49489E-02  0.00000E+00  0.00000E+00
    8.3424E+00 -1.78778E+00 -7.49489E-02  0.00000E+00  0.00000E+00
    8.3803E+00 -1.78778E+00 -7.49489E-02  0.00000E+00  0.00000E+00
    8.4182E+00 -1.78778E+00 -7.49489E-02  0.00000E+00  0.00000E+00
    8.4561E+00 -1.78778E+00 -7.49489E-02  0.00000E+00  0.00000E+00
    8.4941E+00 -1.78778E+00 -7.49489E-02  0.00000E+00  0.00000E+00
    8.5320E+00 -1.78778E+00 -7.49489E-02  0.00000E+00  0.00000E+00
    8.5699E+00 -1.78778E+00 -7.49489E-02  0.00000E+00  0.00000E+00
    8.6078E+00 -1.78778E+00 -7.49489E-02  0.00000E+00  0.00000E+00
    8.6457E+00 -1.78778E+00 -7.49489E-02  0.00000E+00  0.00000E+00
    8.6837E+00 -1.78778E+00 -7.49489E-02  0.00000E+00  0.00000E+00
    8.7216E+00 -1.78778E+00 -7.49489E-02  0.00000E+00  0.00000E+00
    8.7595E+00 -1.78780E+00 -7.49489E-02  0.00000E+00  0.00000E+00
    8.7974E+00 -1.78780E+00 -7.49489E-02  0.00000E+00  0.00000E+00
    8.8353E+00 -1.78780E+00 -7.49489E-02  0.00000E+00  0.00000E+00
    8.8733E+00 -1.78780E+00 -7.49489E-02  0.00000E+00  0.00000E+00
    8.9112E+00 -1.78780E+00 -7.49489E-02  0.00000E+00  0.00000E+00
    8.9491E+00 -1.78780E+00 -7.49489E-02  0.00000E+00  0.00000E+00
    8.9870E+00 -1.78780E+00 -7.49489E-02  0.00000E+00  0.00000E+00
    9.0249E+00 -1.78834E+00 -7.49489E-02  0.00000E+00  0.00000E+00
    9.0629E+00 -1.78834E+00 -7.49489E-02  0.00000E+00  0.00000E+00
    9.1008E+00 -1.78834E+00 -7.49489E-02  0.00000E+00  0.00000E+00
    9.1387E+00 -1.80380E+00 -8.17137E-02  0.00000E+00  0.00000E+00
    9.1766E+00 -1.83059E+00 -8.40392E-02  0.00000E+00  0.00000E+00
    9.2145E+00 -1.83059E+00 -8.40392E-02  0.00000E+00  0.00000E+00
    9.2525E+00 -1.83059E+00 -8.40392E-02  0.00000E+00  0.00000E+00
    9.2904E+00 -1.83059E+00 -8.40392E-02  0.00000E+00  0.00000E+00
    9.3283E+00 -1.90112E+00 -8.40392E-02  0.00000E+00  0.00000E+00
    9.3662E+00 -1.90112E+00 -8.40392E-02  0.00000E+00  0.00000E+00
    9.4041E+00 -1.90112E+00 -8.40392E-02  0.00000E+00  0.00000E+00
    9.4421E+00 -1.90112E+00 -8.40392E-02  0.00000E+00  0.00000E+00
    9.4800E+00 -1.90112E+00 -8.40392E-02  0.00000E+00  0.00000E+00
    9.5179E+00 -1.90112E+00 -8.40392E-02  0.00000E+00  0.00000E+00
    9.5558E+00 -1.90112E+00 -8.40392E-02  0.00000E+00  0.00000E+00
    9.5937E+00 -1.90112E+00 -8.40392E-02  0.00000E+00  0.00000E+00
    9.6317E+00 -1.90112E+00 -8.40392E-02  0.00000E+00  0.00000E+00
    9.6696E+00 -1.90112E+00 -8.40392E-02  0.00000E+00  0.00000E+00
    9.7075E+00 -2.02017E+00 -1.57045E-01  0.00000E+00  0.00000E+00
    9.7454E+00 -2.02017E+00 -1.57045E-01  0.00000E+00  0.00000E+00
    9.7833E+00 -2.02092E+00 -1.57045E-01  0.00000E+00  0.00000E+00
    9.8213E+00 -2.02092E+00 -1.57045E-01  0.00000E+00  0.00000E+00
    9.8592E+00 -2.02092E+00 -1.57045E-01  0.00000E+00  0.00000E+00
    9.8971E+00 -2.02092E+00 -1.57045E-01  0.00000E+00  0.00000E+00
    9.9350E+00 -2.02092E+00 -1.57045E-01  0.00000E+00  0.00000E+00
    9.9729E+00 -2.02092E+00 -1.57045E-01  0.00000E+00  0.00000E+00
    1.0011E+01 -2.02092E+00 -1.57045E-01  0.00000E+00  0.00000E+00
    1.0049E+01 -2.02092E+00 -1.57045E-01  0.00000E+00  0.00000E+00
    1.0087E+01 -2.25354E+00 -1.57045E-01  0.00000E+00  0.00000E+00
    1.0125E+01 -2.25354E+00 -1.57045E-01  0.00000E+00  0.00000E+00
    1.0163E+01 -2.25354E+00 -1.57045E-01  0.00000E+00  0.00000E+00
    1.0200E+01 -2.25354E+00 -1.57045E-01  0.00000E+00  0.00000E+00
    1.0238E+01 -2.25354E+00 -1.57045E-01  0.00000E+00  0.00000E+00
    1.0276E+01 -2.25354E+00 -1.57045E-01  0.00000E+00  0.00000E+00
    1.0314E+01 -2.25354E+00 -1.57045E-01  0.00000E+00  0.00000E+00
    1.0352E+01 -2.33043E+00 -1.95940E-01  0.00000E+00  0.00000E+00
    1.0390E+01 -2.33043E+00 -1.95940E-01  0.00000E+00  0.00000E+00
    1.0428E+01 -2.53824E+00 -3.56634E-01  0.00000E+00  0.00000E+00
    1.0466E+01 -2.54142E+00 -3.56634E-01  0.00000E+00  0.00000E+00
    1.0504E+01 -2.54175E+00 -3.56634E-01  0.00000E+00  0.00000E+00
    1.0542E+01 -2.54175E+00 -3.56634E-01  0.00000E+00  0.00000E+00
    1.0580E+01 -2.54215E+00 -3.57041E-01  0.00000E+00  0.00000E+00
    1.0618E+01 -2.88892E+00 -4.36332E-01  0.00000E+00  0.00000E+00
    1.0655E+01 -2.89127E+00 -4.36332E-01  0.00000E+00  0.00000E+00
    1.0693E+01 -2.89127E+00 -4.36332E-01  0.00000E+00  0.00000E+00
    1.0731E+01 -2.89127E+00 -4.36332E-01  0.00000E+00  0.00000E+00
    1.0769E+01 -2.89127E+00 -4.36332E-01  0.00000E+00  0.00000E+00
    1.0807E+01 -2.89127E+00 -4.36332E-01  0.00000E+00  0.00000E+00
    1.0845E+01 -2.89127E+00 -4.36332E-01  0.00000E+00  0.00000E+00
    1.0883E+01 -2.89128E+00 -4.36332E-01  0.00000E+00  0.00000E+00
    1.0921E+01 -2.90180E+00 -4.41442E-01  0.00000E+00  0.00000E+00
    1.0959E+01 -2.90180E+00 -4.41442E-01  0.00000E+00  0.00000E+00
    1.0997E+01 -2.90180E+00 -4.41442E-01  0.00000E+00  0.00000E+00
    1.1035E+01 -2.90180E+00 -4.41442E-01  0.00000E+00  0.00000E+00
    1.1073E+01 -2.91451E+00 -4.54070E-01  0.00000E+00  0.00000E+00
    1.1111E+01 -2.92168E+00 -4.55632E-01  0.00000E+00  0.00000E+00
    1.1148E+01 -2.92168E+00 -4.55632E-01  0.00000E+00  0.00000E+00
    1.1186E+01 -2.93274E+00 -4.55632E-01  0.00000E+00  0.00000E+00
    1.1224E+01 -2.93274E+00 -4.55632E-01  0.00000E+00  0.00000E+00
    1.1262E+01 -2.93274E+00 -4.55632E-01  0.00000E+00  0.00000E+00
    1.1300E+01 -3.14380E+00 -6.55578E-01  0.00000E+00  0.00000E+00
    1.1338E+01 -3.14405E+00 -6.55578E-01  0.00000E+00  0.00000E+00
    1.1376E+01 -3.14502E+00 -6.55578E-01  0.00000E+00  0.00000E+00
    1.1414E+01 -3.14502E+00 -6.55578E-01  0.00000E+00  0.00000E+00
    1.1452E+01 -3.14502E+00 -6.55578E-01  0.00000E+00  0.00000E+00
    1.1490E+01 -3.23972E+00 -7.50274E-01  0.00000E+00  0.00000E+00
    1.1528E+01 -3.23972E+00 -7.50274E-01  0.00000E+00  0.00000E+00
    1.1566E+01 -3.23983E+00 -7.50274E-01  0.00000E+00  0.00000E+00
    1.1603E+01 -3.23983E+00 -7.50274E-01  0.00000E+00  0.00000E+00
    1.1641E+01 -3.23983E+00 -7.50274E-01  0.00000E+00  0.00000E+00
    1.1679E+01 -3.23983E+00 -7.50274E-01  0.00000E+00  0.00000E+00
    1.1717E+01 -3.25388E+00 -7.50274E-01  0.00000E+00  0.00000E+00
    1.1755E+01 -3.25388E+00 -7.50274E-01  0.00000E+00  0.00000E+00
    1.1793E+01 -3.25388E+00 -7.50274E-01  0.00000E+00  0.00000E+00
    1.1831E+01 -3.26729E+00 -7.57593E-01  0.00000E+00  0.00000E+00
    1.1869E+01 -3.26729E+00 -7.57593E-01  0.00000E+00  0.00000E+00
    1.1907E+01 -3.31746E+00 -7.57593E-01  0.00000E+00  0.00000E+00
    1.1945E+01 -3.54879E+00 -8.59844E-01  0.00000E+00  0.00000E+00
    1.1983E+01 -3.54879E+00 -8.59844E-01  0.00000E+00  0.00000E+00
    1.2021E+01 -3.54879E+00 -8.59844E-01  0.00000E+00  0.00000E+00
    1.2059E+01 -3.54879E+00 -8.59844E-01  0.00000E+00  0.00000E+00
    1.2096E+01 -3.54879E+00 -8.59844E-01  0.00000E+00  0.00000E+00
    1.2134E+01 -3.55843E+00 -8.59844E-01  0.00000E+00  0.00000E+00
    1.2172E+01 -3.55843E+00 -8.59844E-01  0.00000E+00  0.00000E+00
    1.2210E+01 -3.55843E+00 -8.59844E-01  0.00000E+00  0.00000E+00
    1.2248E+01 -3.58777E+00 -8.59844E-01  0.00000E+00  0.00000E+00
    1.2286E+01 -3.58777E+00 -8.59844E-01  0.00000E+00  0.00000E+00
    1.2324E+01 -3.58777E+00 -8.59844E-01  0.00000E+00  0.00000E+00
    1.2362E+01 -3.60165E+00 -8.59844E-01  0.00000E+00  0.00000E+00
    1.2400E+01 -3.60165E+00 -8.59844E-01  0.00000E+00  0.00000E+00
    1.2438E+01 -3.60840E+00 -8.59844E-01  0.00000E+00  0.00000E+00
    1.2476E+01 -3.94274E+00 -8.59844E-01  0.00000E+00  0.00000E+00
    1.2514E+01 -3.94274E+00 -8.59844E-01  0.00000E+00  0.00000E+00
    1.2551E+01 -3.98304E+00 -8.59844E-01  0.00000E+00  0.00000E+00
    1.2589E+01 -3.98304E+00 -8.59844E-01  0.00000E+00  0.00000E+00
    1.2627E+01 -3.98304E+00 -8.59844E-01  0.00000E+00  0.00000E+00
    1.2665E+01 -3.98308E+00 -8.59844E-01  0.00000E+00  0.00000E+00
    1.2703E+01 -3.98308E+00 -8.59844E-01  0.00000E+00  0.00000E+00
    1.2741E+01 -4.20006E+00 -9.65423E-01  0.00000E+00  0.00000E+00
    1.2779E+01 -4.20006E+00 -9.65423E-01  0.00000E+00  0.00000E+00
    1.2817E+01 -4.37607E+00 -1.05913E+00  0.00000E+00  0.00000E+00
    1.2855E+01 -4.37623E+00 -1.05913E+00  0.00000E+00  0.00000E+00
    1.2893E+01 -4.86133E+00 -1.42539E+00  0.00000E+00  0.00000E+00
    1.2931E+01 -4.86137E+00 -1.42539E+00  0.00000E+00  0.00000E+00
    1.2969E+01 -4.86137E+00 -1.42539E+00  0.00000E+00  0.00000E+00
    1.3007E+01 -4.86137E+00 -1.42539E+00  0.00000E+00  0.00000E+00
    1.3044E+01 -5.56256E+00 -1.78931E+00  0.00000E+00  0.00000E+00
    1.3082E+01 -6.00403E+00 -1.78931E+00  0.00000E+00  0.00000E+00
    1.3120E+01 -6.00403E+00 -1.78931E+00  0.00000E+00  0.00000E+00
    1.3158E+01 -6.00403E+00 -1.78931E+00  0.00000E+00  0.00000E+00
    1.3196E+01 -6.00403E+00 -1.78931E+00  0.00000E+00  0.00000E+00
    1.3234E+01 -6.00403E+00 -1.78931E+00  0.00000E+00  0.00000E+00
    1.3272E+01 -6.00403E+00 -1.78931E+00  0.00000E+00  0.00000E+00
    1.3310E+01 -6.49451E+00 -2.26424E+00  0.00000E+00  0.00000E+00
    1.3348E+01 -6.69179E+00 -2.46153E+00  0.00000E+00  0.00000E+00
    1.3386E+01 -6.69179E+00 -2.46153E+00  0.00000E+00  0.00000E+00
    1.3424E+01 -6.69179E+00 -2.46153E+00  0.00000E+00  0.00000E+00
    1.3462E+01 -6.69179E+00 -2.46153E+00  0.00000E+00  0.00000E+00
    1.3499E+01 -6.69179E+00 -2.46153E+00  0.00000E+00  0.00000E+00
    1.3537E+01 -6.69181E+00 -2.46153E+00  0.00000E+00  0.00000E+00
    1.3575E+01 -6.69181E+00 -2.46153E+00  0.00000E+00  0.00000E+00
    1.3613E+01 -6.73790E+00 -2.46153E+00  0.00000E+00  0.00000E+00
    1.3651E+01 -6.94171E+00 -2.46153E+00  0.00000E+00  0.00000E+00
    1.3689E+01 -6.94171E+00 -2.46153E+00  0.00000E+00  0.00000E+00
    1.3727E+01 -6.94171E+00 -2.46153E+00  0.00000E+00  0.00000E+00
    1.3765E+01 -7.56357E+00 -3.08339E+00  0.00000E+00  0.00000E+00
    1.3803E+01 -7.56357E+00 -3.08339E+00  0.00000E+00  0.00000E+00
    1.3841E+01 -7.56357E+00 -3.08339E+00  0.00000E+00  0.00000E+00
    1.3879E+01 -7.56357E+00 -3.08339E+00  0.00000E+00  0.00000E+00
    1.3917E+01 -7.56534E+00 -3.08339E+00  0.00000E+00  0.00000E+00
    1.3955E+01 -7.64444E+00 -3.08339E+00  0.00000E+00  0.00000E+00
    1.3992E+01 -8.05747E+00 -3.39063E+00  0.00000E+00  0.00000E+00
    1.4030E+01 -8.06312E+00 -3.39627E+00  0.00000E+00  0.00000E+00
    1.4068E+01 -8.06312E+00 -3.39627E+00  0.00000E+00  0.00000E+00
    1.4106E+01 -8.14941E+00 -3.48257E+00  0.00000E+00  0.00000E+00
    1.4144E+01 -8.14941E+00 -3.48257E+00  0.00000E+00  0.00000E+00
    1.4182E+01 -8.26371E+00 -3.48497E+00  0.00000E+00  0.00000E+00
    1.4220E+01 -8.42915E+00 -3.54052E+00  0.00000E+00  0.00000E+00
    1.4258E+01 -8.42915E+00 -3.54052E+00  0.00000E+00  0.00000E+00
    1.4296E+01 -8.43088E+00 -3.54098E+00  0.00000E+00  0.00000E+00
    1.4334E+01 -8.44850E+00 -3.54098E+00  0.00000E+00  0.00000E+00
    1.4372E+01 -8.44850E+00 -3.54098E+00  0.00000E+00  0.00000E+00
    1.4410E+01 -8.44850E+00 -3.54098E+00  0.00000E+00  0.00000E+00
    1.4447E+01 -8.46726E+00 -3.54098E+00  0.00000E+00  0.00000E+00
    1.4485E+01 -8.46983E+00 -3.54098E+00  0.00000E+00  0.00000E+00
    1.4523E+01 -8.46983E+00 -3.54098E+00  0.00000E+00  0.00000E+00
    1.4561E+01 -8.46983E+00 -3.54098E+00  0.00000E+00  0.00000E+00
    1.4599E+01 -8.46983E+00 -3.54098E+00  0.00000E+00  0.00000E+00
    1.4637E+01 -8.50595E+00 -3.57710E+00  0.00000E+00  0.00000E+00
    1.4675E+01 -8.50595E+00 -3.57710E+00  0.00000E+00  0.00000E+00
    1.4713E+01 -8.56927E+00 -3.57710E+00  0.00000E+00  0.00000E+00
    1.4751E+01 -8.89698E+00 -3.78914E+00  0.00000E+00  0.00000E+00
    1.4789E+01 -8.89698E+00 -3.78914E+00  0.00000E+00  0.00000E+00
    1.4827E+01 -9.08956E+00 -3.78914E+00  0.00000E+00  0.00000E+00
    1.4865E+01 -9.13678E+00 -3.83636E+00  0.00000E+00  0.00000E+00
    1.4903E+01 -9.52517E+00 -4.11165E+00  0.00000E+00  0.00000E+00
    1.4940E+01 -9.52517E+00 -4.11165E+00  0.00000E+00  0.00000E+00
    1.4978E+01 -9.52517E+00 -4.11165E+00  0.00000E+00  0.00000E+00
    1.5016E+01 -9.65116E+00 -4.17504E+00  0.00000E+00  0.00000E+00
    1.5054E+01 -9.65116E+00 -4.17504E+00  0.00000E+00  0.00000E+00
    1.5092E+01 -9.65116E+00 -4.17504E+00  0.00000E+00  0.00000E+00
    1.5130E+01 -9.65116E+00 -4.17504E+00  0.00000E+00  0.00000E+00
    1.5168E+01 -9.65116E+00 -4.17504E+00  0.00000E+00  0.00000E+00
    1.5206E+01 -9.65116E+00 -4.17504E+00  0.00000E+00  0.00000E+00
    1.5244E+01 -9.65116E+00 -4.17504E+00  0.00000E+00  0.00000E+00
    1.5282E+01 -9.65116E+00 -4.17504E+00  0.00000E+00  0.00000E+00
    1.5320E+01 -9.96264E+00 -4.26662E+00  0.00000E+00  0.00000E+00
    1.5358E+01 -9.96264E+00 -4.26662E+00  0.00000E+00  0.00000E+00
    1.5395E+01 -9.98911E+00 -4.26662E+00  0.00000E+00  0.00000E+00
    1.5433E+01 -9.98911E+00 -4.26662E+00  0.00000E+00  0.00000E+00
    1.5471E+01 -9.98912E+00 -4.26662E+00  0.00000E+00  0.00000E+00
    1.5509E+01 -9.98912E+00 -4.26662E+00  0.00000E+00  0.00000E+00
    1.5547E+01 -9.98912E+00 -4.26662E+00  0.00000E+00  0.00000E+00
    1.5585E+01 -1.00559E+01 -4.28552E+00  0.00000E+00  0.00000E+00
    1.5623E+01 -1.00559E+01 -4.28552E+00  0.00000E+00  0.00000E+00
    1.5661E+01 -1.00559E+01 -4.28552E+00  0.00000E+00  0.00000E+00
    1.5699E+01 -1.00559E+01 -4.28552E+00  0.00000E+00  0.00000E+00
    1.5737E+01 -1.03728E+01 -4.28552E+00  0.00000E+00  0.00000E+00
    1.5775E+01 -1.03728E+01 -4.28552E+00  0.00000E+00  0.00000E+00
    1.5813E+01 -1.03808E+01 -4.28751E+00  0.00000E+00  0.00000E+00
    1.5851E+01 -1.03992E+01 -4.30597E+00  0.00000E+00  0.00000E+00
    1.5888E+01 -1.03992E+01 -4.30597E+00  0.00000E+00  0.00000E+00
    1.5926E+01 -1.04186E+01 -4.30820E+00  0.00000E+00  0.00000E+00
    1.5964E+01 -1.07154E+01 -4.30820E+00  0.00000E+00  0.00000E+00
    1.6002E+01 -1.09496E+01 -4.41366E+00  0.00000E+00  0.00000E+00
    1.6040E+01 -1.09496E+01 -4.41366E+00  0.00000E+00  0.00000E+00
    1.6078E+01 -1.09707E+01 -4.41366E+00  0.00000E+00  0.00000E+00
    1.6116E+01 -1.09707E+01 -4.41366E+00  0.00000E+00  0.00000E+00
    1.6154E+01 -1.09707E+01 -4.41366E+00  0.00000E+00  0.00000E+00
    1.6192E+01 -1.09707E+01 -4.41366E+00  0.00000E+00  0.00000E+00
    1.6230E+01 -1.09707E+01 -4.41366E+00  0.00000E+00  0.00000E+00
    1.6268E+01 -1.09714E+01 -4.41366E+00  0.00000E+00  0.00000E+00
    1.6306E+01 -1.09714E+01 -4.41366E+00  0.00000E+00  0.00000E+00
    1.6343E+01 -1.10146E+01 -4.41366E+00  0.00000E+00  0.00000E+00
    1.6381E+01 -1.20835E+01 -5.22284E+00  0.00000E+00  0.00000E+00
    1.6419E+01 -1.20835E+01 -5.22284E+00  0.00000E+00  0.00000E+00
    1.6457E+01 -1.20875E+01 -5.22284E+00  0.00000E+00  0.00000E+00
    1.6495E+01 -1.20893E+01 -5.22284E+00  0.00000E+00  0.00000E+00
    1.6533E+01 -1.20893E+01 -5.22284E+00  0.00000E+00  0.00000E+00
    1.6571E+01 -1.20942E+01 -5.22284E+00  0.00000E+00  0.00000E+00
    1.6609E+01 -1.20956E+01 -5.22284E+00  0.00000E+00  0.00000E+00
    1.6647E+01 -1.21030E+01 -5.22284E+00  0.00000E+00  0.00000E+00
    1.6685E+01 -1.23868E+01 -5.22284E+00  0.00000E+00  0.00000E+00
    1.6723E+01 -1.23868E+01 -5.22284E+00  0.00000E+00  0.00000E+00
    1.6761E+01 -1.23868E+01 -5.22284E+00  0.00000E+00  0.00000E+00
    1.6799E+01 -1.25004E+01 -5.22284E+00  0.00000E+00  0.00000E+00
    1.6836E+01 -1.25004E+01 -5.22284E+00  0.00000E+00  0.00000E+00
    1.6874E+01 -1.25004E+01 -5.22284E+00  0.00000E+00  0.00000E+00
    1.6912E+01 -1.25004E+01 -5.22284E+00  0.00000E+00  0.00000E+00
    1.6950E+01 -1.34977E+01 -5.98837E+00  0.00000E+00  0.00000E+00
    1.6988E+01 -1.41252E+01 -6.61576E+00  0.00000E+00  0.00000E+00
    1.7026E+01 -1.41252E+01 -6.61576E+00  0.00000E+00  0.00000E+00
    1.7064E+01 -1.41252E+01 -6.61576E+00  0.00000E+00  0.00000E+00
    1.7102E+01 -1.44411E+01 -6.61576E+00  0.00000E+00  0.00000E+00
    1.7140E+01 -1.44411E+01 -6.61576E+00  0.00000E+00  0.00000E+00
    1.7178E+01 -1.44411E+01 -6.61576E+00  0.00000E+00  0.00000E+00
    1.7216E+01 -1.44417E+01 -6.61576E+00  0.00000E+00  0.00000E+00
    1.7254E+01 -1.44417E+01 -6.61576E+00  0.00000E+00  0.00000E+00
    1.7291E+01 -1.44420E+01 -6.61576E+00  0.00000E+00  0.00000E+00
    1.7329E+01 -1.44420E+01 -6.61576E+00  0.00000E+00  0.00000E+00
    1.7367E+01 -1.44423E+01 -6.61576E+00  0.00000E+00  0.00000E+00
    1.7405E+01 -1.45188E+01 -6.61576E+00  0.00000E+00  0.00000E+00
    1.7443E+01 -1.45447E+01 -6.61576E+00  0.00000E+00  0.00000E+00
    1.7481E+01 -1.45447E+01 -6.61576E+00  0.00000E+00  0.00000E+00
    1.7519E+01 -1.45447E+01 -6.61576E+00  0.00000E+00  0.00000E+00
    1.7557E+01 -1.45447E+01 -6.61576E+00  0.00000E+00  0.00000E+00
    1.7595E+01 -1.45621E+01 -6.61576E+00  0.00000E+00  0.00000E+00
    1.7633E+01 -1.45621E+01 -6.61576E+00  0.00000E+00  0.00000E+00
    1.7671E+01 -1.52078E+01 -6.61576E+00  0.00000E+00  0.00000E+00
    1.7709E+01 -1.57780E+01 -6.90120E+00  0.00000E+00  0.00000E+00
    1.7747E+01 -1.57780E+01 -6.90120E+00  0.00000E+00  0.00000E+00
    1.7784E+01 -1.57780E+01 -6.90120E+00  0.00000E+00  0.00000E+00
    1.7822E+01 -1.57780E+01 -6.90120E+00  0.00000E+00  0.00000E+00
    1.7860E+01 -1.60389E+01 -6.95698E+00  0.00000E+00  0.00000E+00
    1.7898E+01 -1.60553E+01 -6.96083E+00  0.00000E+00  0.00000E+00
    1.7936E+01 -1.60553E+01 -6.96083E+00  0.00000E+00  0.00000E+00
    1.7974E+01 -1.60563E+01 -6.96083E+00  0.00000E+00  0.00000E+00
    1.8012E+01 -1.60563E+01 -6.96083E+00  0.00000E+00  0.00000E+00
    1.8050E+01 -1.60563E+01 -6.96083E+00  0.00000E+00  0.00000E+00
    1.8088E+01 -1.60563E+01 -6.96083E+00  0.00000E+00  0.00000E+00
    1.8126E+01 -1.60588E+01 -6.96083E+00  0.00000E+00  0.00000E+00
    1.8164E+01 -1.60588E+01 -6.96083E+00  0.00000E+00  0.00000E+00
    1.8202E+01 -1.60636E+01 -6.96330E+00  0.00000E+00  0.00000E+00
    1.8239E+01 -1.60636E+01 -6.96330E+00  0.00000E+00  0.00000E+00
    1.8277E+01 -1.67077E+01 -6.96330E+00  0.00000E+00  0.00000E+00
    1.8315E+01 -1.69816E+01 -6.99303E+00  0.00000E+00  0.00000E+00
    1.8353E+01 -1.70391E+01 -6.99628E+00  0.00000E+00  0.00000E+00
    1.8391E+01 -1.70391E+01 -6.99628E+00  0.00000E+00  0.00000E+00
    1.8429E+01 -1.70391E+01 -6.99628E+00  0.00000E+00  0.00000E+00
    1.8467E+01 -1.70391E+01 -6.99628E+00  0.00000E+00  0.00000E+00
    1.8505E+01 -1.74051E+01 -7.20006E+00  0.00000E+00  0.00000E+00
    1.8543E+01 -1.74062E+01 -7.20006E+00  0.00000E+00  0.00000E+00
    1.8581E+01 -1.75642E+01 -7.24313E+00  0.00000E+00  0.00000E+00
    1.8619E+01 -1.75642E+01 -7.24313E+00  0.00000E+00  0.00000E+00
    1.8657E+01 -1.75642E+01 -7.24313E+00  0.00000E+00  0.00000E+00
    1.8695E+01 -1.75645E+01 -7.24313E+00  0.00000E+00  0.00000E+00
    1.8732E+01 -1.75646E+01 -7.24313E+00  0.00000E+00  0.00000E+00
    1.8770E+01 -1.75646E+01 -7.24313E+00  0.00000E+00  0.00000E+00
    1.8808E+01 -1.75646E+01 -7.24313E+00  0.00000E+00  0.00000E+00
    1.8846E+01 -1.80689E+01 -7.52417E+00  0.00000E+00  0.00000E+00
    1.8884E+01 -1.80711E+01 -7.52537E+00  0.00000E+00  0.00000E+00
    1.8922E+01 -1.82929E+01 -7.58358E+00  0.00000E+00  0.00000E+00
    1.8960E+01 -1.82929E+01 -7.58358E+00  0.00000E+00  0.00000E+00
    1.8998E+01 -1.82929E+01 -7.58358E+00  0.00000E+00  0.00000E+00
    1.9036E+01 -1.82931E+01 -7.58358E+00  0.00000E+00  0.00000E+00
    1.9074E+01 -1.82931E+01 -7.58358E+00  0.00000E+00  0.00000E+00
    1.9112E+01 -1.83244E+01 -7.58358E+00  0.00000E+00  0.00000E+00
    1.9150E+01 -1.83244E+01 -7.58358E+00  0.00000E+00  0.00000E+00
    1.9187E+01 -1.92575E+01 -7.58358E+00  0.00000E+00  0.00000E+00
    1.9225E+01 -1.92576E+01 -7.58358E+00  0.00000E+00  0.00000E+00
    1.9263E+01 -1.92576E+01 -7.58358E+00  0.00000E+00  0.00000E+00
    1.9301E+01 -1.93383E+01 -7.66431E+00  0.00000E+00  0.00000E+00
    1.9339E+01 -1.93383E+01 -7.66431E+00  0.00000E+00  0.00000E+00
    1.9377E+01 -1.93383E+01 -7.66431E+00  0.00000E+00  0.00000E+00
    1.9415E+01 -1.93387E+01 -7.66431E+00  0.00000E+00  0.00000E+00
    1.9453E+01 -1.94154E+01 -7.66431E+00  0.00000E+00  0.00000E+00
    1.9491E+01 -1.94179E+01 -7.66431E+00  0.00000E+00  0.00000E+00
    1.9529E+01 -1.94179E+01 -7.66431E+00  0.00000E+00  0.00000E+00
    1.9567E+01 -1.94179E+01 -7.66431E+00  0.00000E+00  0.00000E+00
    1.9605E+01 -1.94179E+01 -7.66431E+00  0.00000E+00  0.00000E+00
    1.9643E+01 -1.97028E+01 -7.66431E+00  0.00000E+00  0.00000E+00
    1.9680E+01 -1.97981E+01 -7.75955E+00  0.00000E+00  0.00000E+00
    1.9718E+01 -1.97981E+01 -7.75955E+00  0.00000E+00  0.00000E+00
    1.9756E+01 -1.97981E+01 -7.75955E+00  0.00000E+00  0.00000E+00
    1.9794E+01 -1.97981E+01 -7.75955E+00  0.00000E+00  0.00000E+00
    1.9832E+01 -1.98016E+01 -7.75955E+00  0.00000E+00  0.00000E+00
    1.9870E+01 -1.98016E+01 -7.75955E+00  0.00000E+00  0.00000E+00
    1.9908E+01 -1.98016E+01 -7.75955E+00  0.00000E+00  0.00000E+00
    1.9946E+01 -1.98016E+01 -7.75955E+00  0.00000E+00  0.00000E+00
    1.9984E+01 -1.98024E+01 -7.75955E+00  0.00000E+00  0.00000E+00
    2.0022E+01 -1.98024E+01 -7.75955E+00  0.00000E+00  0.00000E+00
    2.0060E+01 -1.98024E+01 -7.75955E+00  0.00000E+00  0.00000E+00
    2.0098E+01 -1.98024E+01 -7.75955E+00  0.00000E+00  0.00000E+00
    2.0135E+01 -1.98024E+01 -7.75955E+00  0.00000E+00  0.00000E+00
    2.0173E+01 -1.98024E+01 -7.75955E+00  0.00000E+00  0.00000E+00
    2.0211E+01 -1.98120E+01 -7.75955E+00  0.00000E+00  0.00000E+00
    2.0249E+01 -2.00213E+01 -7.87213E+00  0.00000E+00  0.00000E+00
    2.0287E+01 -2.00213E+01 -7.87213E+00  0.00000E+00  0.00000E+00
    2.0325E+01 -2.00213E+01 -7.87213E+00  0.00000E+00  0.00000E+00
    2.0363E+01 -2.00213E+01 -7.87213E+00  0.00000E+00  0.00000E+00
    2.0401E+01 -2.09436E+01 -8.53853E+00  0.00000E+00  0.00000E+00
    2.0439E+01 -2.09496E+01 -8.53853E+00  0.00000E+00  0.00000E+00
    2.0477E+01 -2.09496E+01 -8.53853E+00  0.00000E+00  0.00000E+00
    2.0515E+01 -2.09496E+01 -8.53853E+00  0.00000E+00  0.00000E+00
    2.0553E+01 -2.09496E+01 -8.53853E+00  0.00000E+00  0.00000E+00
    2.0591E+01 -2.09496E+01 -8.53853E+00  0.00000E+00  0.00000E+00
    2.0628E+01 -2.09538E+01 -8.53853E+00  0.00000E+00  0.00000E+00
    2.0666E+01 -2.12499E+01 -8.69077E+00  0.00000E+00  0.00000E+00
    2.0704E+01 -2.12499E+01 -8.69077E+00  0.00000E+00  0.00000E+00
    2.0742E+01 -2.12499E+01 -8.69077E+00  0.00000E+00  0.00000E+00
    2.0780E+01 -2.12499E+01 -8.69077E+00  0.00000E+00  0.00000E+00
    2.0818E+01 -2.12499E+01 -8.69077E+00  0.00000E+00  0.00000E+00
    2.0856E+01 -2.12499E+01 -8.69077E+00  0.00000E+00  0.00000E+00
    2.0894E+01 -2.12503E+01 -8.69077E+00  0.00000E+00  0.00000E+00
    2.0932E+01 -2.12503E+01 -8.69077E+00  0.00000E+00  0.00000E+00
    2.0970E+01 -2.12550E+01 -8.69077E+00  0.00000E+00  0.00000E+00
    2.1008E+01 -2.12674E+01 -8.69077E+00  0.00000E+00  0.00000E+00
    2.1046E+01 -2.12674E+01 -8.69077E+00  0.00000E+00  0.00000E+00
    2.1083E+01 -2.12674E+01 -8.69077E+00  0.00000E+00  0.00000E+00
    2.1121E+01 -2.12674E+01 -8.69077E+00  0.00000E+00  0.00000E+00
    2.1159E+01 -2.12674E+01 -8.69077E+00  0.00000E+00  0.00000E+00
    2.1197E+01 -2.12674E+01 -8.69077E+00  0.00000E+00  0.00000E+00
    2.1235E+01 -2.12690E+01 -8.69077E+00  0.00000E+00  0.00000E+00
    2.1273E+01 -2.12690E+01 -8.69077E+00  0.00000E+00  0.00000E+00
    2.1311E+01 -2.12690E+01 -8.69077E+00  0.00000E+00  0.00000E+00
    2.1349E+01 -2.12690E+01 -8.69077E+00  0.00000E+00  0.00000E+00
    2.1387E+01 -2.12933E+01 -8.69077E+00  0.00000E+00  0.00000E+00
    2.1425E+01 -2.12933E+01 -8.69077E+00  0.00000E+00  0.00000E+00
    2.1463E+01 -2.12933E+01 -8.69077E+00  0.00000E+00  0.00000E+00
    2.1501E+01 -2.18916E+01 -9.28908E+00  0.00000E+00  0.00000E+00
    2.1539E+01 -2.18916E+01 -9.28908E+00  0.00000E+00  0.00000E+00
    2.1576E+01 -2.18916E+01 -9.28908E+00  0.00000E+00  0.00000E+00
    2.1614E+01 -2.18916E+01 -9.28908E+00  0.00000E+00  0.00000E+00
    2.1652E+01 -2.18916E+01 -9.28908E+00  0.00000E+00  0.00000E+00
    2.1690E+01 -2.18916E+01 -9.28908E+00  0.00000E+00  0.00000E+00
    2.1728E+01 -2.18916E+01 -9.28908E+00  0.00000E+00  0.00000E+00
    2.1766E+01 -2.20495E+01 -9.28908E+00  0.00000E+00  0.00000E+00
    2.1804E+01 -2.27478E+01 -9.62490E+00  0.00000E+00  0.00000E+00
    2.1842E+01 -2.27478E+01 -9.62490E+00  0.00000E+00  0.00000E+00
    2.1880E+01 -2.33180E+01 -1.01831E+01  0.00000E+00  0.00000E+00
    2.1918E+01 -2.33180E+01 -1.01831E+01  0.00000E+00  0.00000E+00
    2.1956E+01 -2.33180E+01 -1.01831E+01  0.00000E+00  0.00000E+00
    2.1994E+01 -2.33180E+01 -1.01831E+01  0.00000E+00  0.00000E+00
    2.2031E+01 -2.33180E+01 -1.01831E+01  0.00000E+00  0.00000E+00
    2.2069E+01 -2.33180E+01 -1.01831E+01  0.00000E+00  0.00000E+00
    2.2107E+01 -2.33180E+01 -1.01831E+01  0.00000E+00  0.00000E+00
    2.2145E+01 -2.33180E+01 -1.01831E+01  0.00000E+00  0.00000E+00
    2.2183E+01 -2.43778E+01 -1.08470E+01  0.00000E+00  0.00000E+00
    2.2221E+01 -2.43778E+01 -1.08470E+01  0.00000E+00  0.00000E+00
    2.2259E+01 -2.45165E+01 -1.09202E+01  0.00000E+00  0.00000E+00
    2.2297E+01 -2.46875E+01 -1.09202E+01  0.00000E+00  0.00000E+00
    2.2335E+01 -2.46875E+01 -1.09202E+01  0.00000E+00  0.00000E+00
    2.2373E+01 -2.46875E+01 -1.09202E+01  0.00000E+00  0.00000E+00
    2.2411E+01 -2.47322E+01 -1.09202E+01  0.00000E+00  0.00000E+00
    2.2449E+01 -2.47322E+01 -1.09202E+01  0.00000E+00  0.00000E+00
    2.2487E+01 -2.47322E+01 -1.09202E+01  0.00000E+00  0.00000E+00
    2.2524E+01 -2.50396E+01 -1.09202E+01  0.00000E+00  0.00000E+00
    2.2562E+01 -2.50396E+01 -1.09202E+01  0.00000E+00  0.00000E+00
    2.2600E+01 -2.50396E+01 -1.09202E+01  0.00000E+00  0.00000E+00
    2.2638E+01 -2.50396E+01 -1.09202E+01  0.00000E+00  0.00000E+00
    2.2676E+01 -2.50396E+01 -1.09202E+01  0.00000E+00  0.00000E+00
    2.2714E+01 -2.51214E+01 -1.09202E+01  0.00000E+00  0.00000E+00
    2.2752E+01 -2.51249E+01 -1.09202E+01  0.00000E+00  0.00000E+00
    2.2790E+01 -2.51265E+01 -1.09202E+01  0.00000E+00  0.00000E+00
    2.2828E+01 -2.51265E+01 -1.09202E+01  0.00000E+00  0.00000E+00
    2.2866E+01 -2.51499E+01 -1.09202E+01  0.00000E+00  0.00000E+00
    2.2904E+01 -2.51499E+01 -1.09202E+01  0.00000E+00  0.00000E+00
    2.2942E+01 -2.51499E+01 -1.09202E+01  0.00000E+00  0.00000E+00
    2.2979E+01 -2.51502E+01 -1.09202E+01  0.00000E+00  0.00000E+00
    2.3017E+01 -2.51502E+01 -1.09202E+01  0.00000E+00  0.00000E+00
    2.3055E+01 -2.51502E+01 -1.09202E+01  0.00000E+00  0.00000E+00
    2.3093E+01 -2.51502E+01 -1.09202E+01  0.00000E+00  0.00000E+00
    2.3131E+01 -2.51502E+01 -1.09202E+01  0.00000E+00  0.00000E+00
    2.3169E+01 -2.51502E+01 -1.09202E+01  0.00000E+00  0.00000E+00
    2.3207E+01 -2.51502E+01 -1.09202E+01  0.00000E+00  0.00000E+00
    2.3245E+01 -2.51502E+01 -1.09202E+01  0.00000E+00  0.00000E+00
    2.3283E+01 -2.51502E+01 -1.09202E+01  0.00000E+00  0.00000E+00
    2.3321E+01 -2.51502E+01 -1.09202E+01  0.00000E+00  0.00000E+00
    2.3359E+01 -2.51502E+01 -1.09202E+01  0.00000E+00  0.00000E+00
    2.3397E+01 -2.51502E+01 -1.09202E+01  0.00000E+00  0.00000E+00
    2.3435E+01 -2.51502E+01 -1.09202E+01  0.00000E+00  0.00000E+00
    2.3472E+01 -2.51502E+01 -1.09202E+01  0.00000E+00  0.00000E+00
    2.3510E+01 -2.51502E+01 -1.09202E+01  0.00000E+00  0.00000E+00
    2.3548E+01 -2.51502E+01 -1.09202E+01  0.00000E+00  0.00000E+00
    2.3586E+01 -2.51502E+01 -1.09202E+01  0.00000E+00  0.00000E+00
    2.3624E+01 -2.51502E+01 -1.09202E+01  0.00000E+00  0.00000E+00
    2.3662E+01 -2.51502E+01 -1.09202E+01  0.00000E+00  0.00000E+00
    2.3700E+01 -2.51502E+01 -1.09202E+01  0.00000E+00  0.00000E+00
    2.3738E+01 -2.51502E+01 -1.09202E+01  0.00000E+00  0.00000E+00
    2.3776E+01 -2.53165E+01 -1.10112E+01  0.00000E+00  0.00000E+00
    2.3814E+01 -2.53165E+01 -1.10112E+01  0.00000E+00  0.00000E+00
    2.3852E+01 -2.61192E+01 -1.12186E+01  0.00000E+00  0.00000E+00
    2.3890E+01 -2.61192E+01 -1.12186E+01  0.00000E+00  0.00000E+00
    2.3927E+01 -2.61192E+01 -1.12186E+01  0.00000E+00  0.00000E+00
    2.3965E+01 -2.61193E+01 -1.12186E+01  0.00000E+00  0.00000E+00
    2.4003E+01 -2.61193E+01 -1.12186E+01  0.00000E+00  0.00000E+00
    2.4041E+01 -2.61193E+01 -1.12186E+01  0.00000E+00  0.00000E+00
    2.4079E+01 -2.61193E+01 -1.12186E+01  0.00000E+00  0.00000E+00
    2.4117E+01 -2.61193E+01 -1.12186E+01  0.00000E+00  0.00000E+00
    2.4155E+01 -2.61193E+01 -1.12186E+01  0.00000E+00  0.00000E+00
    2.4193E+01 -2.61193E+01 -1.12186E+01  0.00000E+00  0.00000E+00
    2.4231E+01 -2.61193E+01 -1.12186E+01  0.00000E+00  0.00000E+00
    2.4269E+01 -2.61193E+01 -1.12186E+01  0.00000E+00  0.00000E+00
    2.4307E+01 -2.61193E+01 -1.12186E+01  0.00000E+00  0.00000E+00
    2.4345E+01 -2.61194E+01 -1.12186E+01  0.00000E+00  0.00000E+00
    2.4383E+01 -2.61194E+01 -1.12186E+01  0.00000E+00  0.00000E+00
    2.4420E+01 -2.62813E+01 -1.12186E+01  0.00000E+00  0.00000E+00
    2.4458E+01 -2.62814E+01 -1.12186E+01  0.00000E+00  0.00000E+00
    2.4496E+01 -2.62814E+01 -1.12186E+01  0.00000E+00  0.00000E+00
    2.4534E+01 -2.65323E+01 -1.12186E+01  0.00000E+00  0.00000E+00
    2.4572E+01 -2.65323E+01 -1.12186E+01  0.00000E+00  0.00000E+00
    2.4610E+01 -2.65323E+01 -1.12186E+01  0.00000E+00  0.00000E+00
    2.4648E+01 -2.65323E+01 -1.12186E+01  0.00000E+00  0.00000E+00
    2.4686E+01 -2.65323E+01 -1.12186E+01  0.00000E+00  0.00000E+00
    2.4724E+01 -2.65323E+01 -1.12186E+01  0.00000E+00  0.00000E+00
    2.4762E+01 -2.65323E+01 -1.12186E+01  0.00000E+00  0.00000E+00
    2.4800E+01 -2.65323E+01 -1.12186E+01  0.00000E+00  0.00000E+00
    2.4838E+01 -2.65323E+01 -1.12186E+01  0.00000E+00  0.00000E+00
    2.4875E+01 -2.65323E+01 -1.12186E+01  0.00000E+00  0.00000E+00
    2.4913E+01 -2.65323E+01 -1.12186E+01  0.00000E+00  0.00000E+00
    2.4951E+01 -2.65323E+01 -1.12186E+01  0.00000E+00  0.00000E+00
    2.4989E+01 -2.65323E+01 -1.12186E+01  0.00000E+00  0.00000E+00
    2.5027E+01 -2.65323E+01 -1.12186E+01  0.00000E+00  0.00000E+00
    2.5065E+01 -2.65323E+01 -1.12186E+01  0.00000E+00  0.00000E+00
    2.5103E+01 -2.65323E+01 -1.12186E+01  0.00000E+00  0.00000E+00
    2.5141E+01 -2.65323E+01 -1.12186E+01  0.00000E+00  0.00000E+00
    2.5179E+01 -2.65323E+01 -1.12186E+01  0.00000E+00  0.00000E+00
    2.5217E+01 -2.65323E+01 -1.12186E+01  0.00000E+00  0.00000E+00
    2.5255E+01 -2.65323E+01 -1.12186E+01  0.00000E+00  0.00000E+00
    2.5293E+01 -2.65323E+01 -1.12186E+01  0.00000E+00  0.00000E+00
    2.5331E+01 -2.65609E+01 -1.12186E+01  0.00000E+00  0.00000E+00
    2.5368E+01 -2.65609E+01 -1.12186E+01  0.00000E+00  0.00000E+00
    2.5406E+01 -2.65609E+01 -1.12186E+01  0.00000E+00  0.00000E+00
    2.5444E+01 -2.67813E+01 -1.13365E+01  0.00000E+00  0.00000E+00
    2.5482E+01 -2.67814E+01 -1.13365E+01  0.00000E+00  0.00000E+00
    2.5520E+01 -2.67814E+01 -1.13365E+01  0.00000E+00  0.00000E+00
    2.5558E+01 -2.67814E+01 -1.13365E+01  0.00000E+00  0.00000E+00
    2.5596E+01 -2.67814E+01 -1.13365E+01  0.00000E+00  0.00000E+00
    2.5634E+01 -2.67814E+01 -1.13365E+01  0.00000E+00  0.00000E+00
    2.5672E+01 -2.67814E+01 -1.13365E+01  0.00000E+00  0.00000E+00
    2.5710E+01 -2.67814E+01 -1.13365E+01  0.00000E+00  0.00000E+00
    2.5748E+01 -2.67814E+01 -1.13365E+01  0.00000E+00  0.00000E+00
    2.5786E+01 -2.67814E+01 -1.13365E+01  0.00000E+00  0.00000E+00
    2.5823E+01 -2.67814E+01 -1.13365E+01  0.00000E+00  0.00000E+00
    2.5861E+01 -2.67814E+01 -1.13365E+01  0.00000E+00  0.00000E+00
    2.5899E+01 -2.67814E+01 -1.13365E+01  0.00000E+00  0.00000E+00
    2.5937E+01 -2.67814E+01 -1.13365E+01  0.00000E+00  0.00000E+00
    2.5975E+01 -2.68981E+01 -1.14532E+01  0.00000E+00  0.00000E+00
    2.6013E+01 -2.68981E+01 -1.14532E+01  0.00000E+00  0.00000E+00
    2.6051E+01 -2.69626E+01 -1.14532E+01  0.00000E+00  0.00000E+00
    2.6089E+01 -2.69626E+01 -1.14532E+01  0.00000E+00  0.00000E+00
    2.6127E+01 -2.69626E+01 -1.14532E+01  0.00000E+00  0.00000E+00
    2.6165E+01 -2.69626E+01 -1.14532E+01  0.00000E+00  0.00000E+00
    2.6203E+01 -2.69626E+01 -1.14532E+01  0.00000E+00  0.00000E+00
    2.6241E+01 -2.69626E+01 -1.14532E+01  0.00000E+00  0.00000E+00
    2.6279E+01 -2.69626E+01 -1.14532E+01  0.00000E+00  0.00000E+00
    2.6316E+01 -2.69626E+01 -1.14532E+01  0.00000E+00  0.00000E+00
    2.6354E+01 -2.69626E+01 -1.14532E+01  0.00000E+00  0.00000E+00
    2.6392E+01 -2.69626E+01 -1.14532E+01  0.00000E+00  0.00000E+00
    2.6430E+01 -2.69626E+01 -1.14532E+01  0.00000E+00  0.00000E+00
    2.6468E+01 -2.69626E+01 -1.14532E+01  0.00000E+00  0.00000E+00
    2.6506E+01 -2.69626E+01 -1.14532E+01  0.00000E+00  0.00000E+00
    2.6544E+01 -2.69626E+01 -1.14532E+01  0.00000E+00  0.00000E+00
    2.6582E+01 -2.69626E+01 -1.14532E+01  0.00000E+00  0.00000E+00
    2.6620E+01 -2.69626E+01 -1.14532E+01  0.00000E+00  0.00000E+00
    2.6658E+01 -2.69626E+01 -1.14532E+01  0.00000E+00  0.00000E+00
    2.6696E+01 -2.69626E+01 -1.14532E+01  0.00000E+00  0.00000E+00
    2.6734E+01 -2.69626E+01 -1.14532E+01  0.00000E+00  0.00000E+00
    2.6771E+01 -2.69626E+01 -1.14532E+01  0.00000E+00  0.00000E+00
    2.6809E+01 -2.69626E+01 -1.14532E+01  0.00000E+00  0.00000E+00
    2.6847E+01 -2.69626E+01 -1.14532E+01  0.00000E+00  0.00000E+00
    2.6885E+01 -2.69626E+01 -1.14532E+01  0.00000E+00  0.00000E+00
    2.6923E+01 -2.69626E+01 -1.14532E+01  0.00000E+00  0.00000E+00
    2.6961E+01 -2.69626E+01 -1.14532E+01  0.00000E+00  0.00000E+00
    2.6999E+01 -2.69626E+01 -1.14532E+01  0.00000E+00  0.00000E+00
    2.7037E+01 -2.69626E+01 -1.14532E+01  0.00000E+00  0.00000E+00
    2.7075E+01 -2.69626E+01 -1.14532E+01  0.00000E+00  0.00000E+00
    2.7113E+01 -2.69626E+01 -1.14532E+01  0.00000E+00  0.00000E+00
    2.7151E+01 -2.69626E+01 -1.14532E+01  0.00000E+00  0.00000E+00
    2.7189E+01 -2.69626E+01 -1.14532E+01  0.00000E+00  0.00000E+00
    2.7227E+01 -2.75956E+01 -1.17868E+01  0.00000E+00  0.00000E+00
    2.7264E+01 -2.75956E+01 -1.17868E+01  0.00000E+00  0.00000E+00
    2.7302E+01 -2.75956E+01 -1.17868E+01  0.00000E+00  0.00000E+00
    2.7340E+01 -2.75956E+01 -1.17868E+01  0.00000E+00  0.00000E+00
    2.7378E+01 -2.75956E+01 -1.17868E+01  0.00000E+00  0.00000E+00
    2.7416E+01 -2.81328E+01 -1.23241E+01  0.00000E+00  0.00000E+00
    2.7454E+01 -2.81328E+01 -1.23241E+01  0.00000E+00  0.00000E+00
    2.7492E+01 -2.81328E+01 -1.23241E+01  0.00000E+00  0.00000E+00
    2.7530E+01 -2.81328E+01 -1.23241E+01  0.00000E+00  0.00000E+00
    2.7568E+01 -2.81328E+01 -1.23241E+01  0.00000E+00  0.00000E+00
    2.7606E+01 -2.81328E+01 -1.23241E+01  0.00000E+00  0.00000E+00
    2.7644E+01 -2.81328E+01 -1.23241E+01  0.00000E+00  0.00000E+00
    2.7682E+01 -2.81328E+01 -1.23241E+01  0.00000E+00  0.00000E+00
    2.7719E+01 -2.81328E+01 -1.23241E+01  0.00000E+00  0.00000E+00
    2.7757E+01 -2.81329E+01 -1.23241E+01  0.00000E+00  0.00000E+00
    2.7795E+01 -2.81329E+01 -1.23241E+01  0.00000E+00  0.00000E+00
    2.7833E+01 -2.81329E+01 -1.23241E+01  0.00000E+00  0.00000E+00
    2.7871E+01 -2.81329E+01 -1.23241E+01  0.00000E+00  0.00000E+00
    2.7909E+01 -2.81329E+01 -1.23241E+01  0.00000E+00  0.00000E+00
    2.7947E+01 -2.81329E+01 -1.23241E+01  0.00000E+00  0.00000E+00
    2.7985E+01 -2.81329E+01 -1.23241E+01  0.00000E+00  0.00000E+00
    2.8023E+01 -2.81329E+01 -1.23241E+01  0.00000E+00  0.00000E+00
    2.8061E+01 -2.83613E+01 -1.23241E+01  0.00000E+00  0.00000E+00
    2.8099E+01 -2.83613E+01 -1.23241E+01  0.00000E+00  0.00000E+00
    2.8137E+01 -2.83613E+01 -1.23241E+01  0.00000E+00  0.00000E+00
    2.8175E+01 -2.83613E+01 -1.23241E+01  0.00000E+00  0.00000E+00
    2.8212E+01 -2.83613E+01 -1.23241E+01  0.00000E+00  0.00000E+00
    2.8250E+01 -2.86875E+01 -1.24901E+01  0.00000E+00  0.00000E+00
    2.8288E+01 -2.86875E+01 -1.24901E+01  0.00000E+00  0.00000E+00
    2.8326E+01 -2.86875E+01 -1.24901E+01  0.00000E+00  0.00000E+00
    2.8364E+01 -2.86875E+01 -1.24901E+01  0.00000E+00  0.00000E+00
    2.8402E+01 -2.86875E+01 -1.24901E+01  0.00000E+00  0.00000E+00
    2.8440E+01 -2.86875E+01 -1.24901E+01  0.00000E+00  0.00000E+00
    2.8478E+01 -2.86875E+01 -1.24901E+01  0.00000E+00  0.00000E+00
    2.8516E+01 -2.86875E+01 -1.24901E+01  0.00000E+00  0.00000E+00
    2.8554E+01 -2.86875E+01 -1.24901E+01  0.00000E+00  0.00000E+00
    2.8592E+01 -2.86875E+01 -1.24901E+01  0.00000E+00  0.00000E+00
    2.8630E+01 -2.86875E+01 -1.24901E+01  0.00000E+00  0.00000E+00
    2.8667E+01 -2.86875E+01 -1.24901E+01  0.00000E+00  0.00000E+00
    2.8705E+01 -2.86875E+01 -1.24901E+01  0.00000E+00  0.00000E+00
    2.8743E+01 -2.86875E+01 -1.24901E+01  0.00000E+00  0.00000E+00
    2.8781E+01 -2.86875E+01 -1.24901E+01  0.00000E+00  0.00000E+00
    2.8819E+01 -2.86875E+01 -1.24901E+01  0.00000E+00  0.00000E+00
    2.8857E+01 -2.86875E+01 -1.24901E+01  0.00000E+00  0.00000E+00
    2.8895E+01 -2.86875E+01 -1.24901E+01  0.00000E+00  0.00000E+00
    2.8933E+01 -2.86875E+01 -1.24901E+01  0.00000E+00  0.00000E+00
    2.8971E+01 -2.86875E+01 -1.24901E+01  0.00000E+00  0.00000E+00
    2.9009E+01 -2.86875E+01 -1.24901E+01  0.00000E+00  0.00000E+00
    2.9047E+01 -2.87840E+01 -1.24901E+01  0.00000E+00  0.00000E+00
    2.9085E+01 -2.87840E+01 -1.24901E+01  0.00000E+00  0.00000E+00
    2.9122E+01 -2.87840E+01 -1.24901E+01  0.00000E+00  0.00000E+00
    2.9160E+01 -2.87840E+01 -1.24901E+01  0.00000E+00  0.00000E+00
    2.9198E+01 -2.87840E+01 -1.24901E+01  0.00000E+00  0.00000E+00
    2.9236E+01 -2.87840E+01 -1.24901E+01  0.00000E+00  0.00000E+00
    2.9274E+01 -2.87840E+01 -1.24901E+01  0.00000E+00  0.00000E+00
    2.9312E+01 -2.87840E+01 -1.24901E+01  0.00000E+00  0.00000E+00
    2.9350E+01 -2.87840E+01 -1.24901E+01  0.00000E+00  0.00000E+00
    2.9388E+01 -2.87840E+01 -1.24901E+01  0.00000E+00  0.00000E+00
    2.9426E+01 -2.87840E+01 -1.24901E+01  0.00000E+00  0.00000E+00
    2.9464E+01 -2.87840E+01 -1.24901E+01  0.00000E+00  0.00000E+00
    2.9502E+01 -2.87840E+01 -1.24901E+01  0.00000E+00  0.00000E+00
    2.9540E+01 -2.87840E+01 -1.24901E+01  0.00000E+00  0.00000E+00
    2.9578E+01 -2.87840E+01 -1.24901E+01  0.00000E+00  0.00000E+00
    2.9615E+01 -2.89976E+01 -1.25424E+01  0.00000E+00  0.00000E+00
    2.9653E+01 -2.89976E+01 -1.25424E+01  0.00000E+00  0.00000E+00
    2.9691E+01 -2.89976E+01 -1.25424E+01  0.00000E+00  0.00000E+00
    2.9729E+01 -2.89976E+01 -1.25424E+01  0.00000E+00  0.00000E+00
    2.9767E+01 -2.89976E+01 -1.25424E+01  0.00000E+00  0.00000E+00
    2.9805E+01 -2.89976E+01 -1.25424E+01  0.00000E+00  0.00000E+00
    2.9843E+01 -2.89976E+01 -1.25424E+01  0.00000E+00  0.00000E+00
    2.9881E+01 -2.89976E+01 -1.25424E+01  0.00000E+00  0.00000E+00
    2.9919E+01 -2.89976E+01 -1.25424E+01  0.00000E+00  0.00000E+00
    2.9957E+01 -2.89976E+01 -1.25424E+01  0.00000E+00  0.00000E+00
    2.9995E+01 -2.89976E+01 -1.25424E+01  0.00000E+00  0.00000E+00
    3.0033E+01 -2.89976E+01 -1.25424E+01  0.00000E+00  0.00000E+00
    3.0070E+01 -2.89976E+01 -1.25424E+01  0.00000E+00  0.00000E+00
    3.0108E+01 -2.89976E+01 -1.25424E+01  0.00000E+00  0.00000E+00
    3.0146E+01 -2.89976E+01 -1.25424E+01  0.00000E+00  0.00000E+00
    3.0184E+01 -2.92317E+01 -1.25424E+01  0.00000E+00  0.00000E+00
    3.0222E+01 -2.92317E+01 -1.25424E+01  0.00000E+00  0.00000E+00
    3.0260E+01 -2.92317E+01 -1.25424E+01  0.00000E+00  0.00000E+00
    3.0298E+01 -2.92317E+01 -1.25424E+01  0.00000E+00  0.00000E+00
    3.0336E+01 -2.92317E+01 -1.25424E+01  0.00000E+00  0.00000E+00
    3.0374E+01 -2.92317E+01 -1.25424E+01  0.00000E+00  0.00000E+00
    3.0412E+01 -2.92991E+01 -1.25424E+01  0.00000E+00  0.00000E+00
    3.0450E+01 -2.92991E+01 -1.25424E+01  0.00000E+00  0.00000E+00
    3.0488E+01 -2.92991E+01 -1.25424E+01  0.00000E+00  0.00000E+00
    3.0526E+01 -2.94054E+01 -1.25424E+01  0.00000E+00  0.00000E+00
    3.0563E+01 -2.94054E+01 -1.25424E+01  0.00000E+00  0.00000E+00
    3.0601E+01 -2.94054E+01 -1.25424E+01  0.00000E+00  0.00000E+00
    3.0639E+01 -2.94054E+01 -1.25424E+01  0.00000E+00  0.00000E+00
    3.0677E+01 -2.94054E+01 -1.25424E+01  0.00000E+00  0.00000E+00
    3.0715E+01 -2.94054E+01 -1.25424E+01  0.00000E+00  0.00000E+00
    3.0753E+01 -2.94054E+01 -1.25424E+01  0.00000E+00  0.00000E+00
    3.0791E+01 -2.94054E+01 -1.25424E+01  0.00000E+00  0.00000E+00
    3.0829E+01 -2.94054E+01 -1.25424E+01  0.00000E+00  0.00000E+00
    3.0867E+01 -2.94054E+01 -1.25424E+01  0.00000E+00  0.00000E+00
    3.0905E+01 -2.94054E+01 -1.25424E+01  0.00000E+00  0.00000E+00
    3.0943E+01 -2.94054E+01 -1.25424E+01  0.00000E+00  0.00000E+00
    3.0981E+01 -2.94054E+01 -1.25424E+01  0.00000E+00  0.00000E+00
    3.1018E+01 -2.94054E+01 -1.25424E+01  0.00000E+00  0.00000E+00
    3.1056E+01 -2.94054E+01 -1.25424E+01  0.00000E+00  0.00000E+00
    3.1094E+01 -2.94054E+01 -1.25424E+01  0.00000E+00  0.00000E+00
    3.1132E+01 -2.94054E+01 -1.25424E+01  0.00000E+00  0.00000E+00
    3.1170E+01 -2.94054E+01 -1.25424E+01  0.00000E+00  0.00000E+00
    3.1208E+01 -2.94054E+01 -1.25424E+01  0.00000E+00  0.00000E+00
    3.1246E+01 -2.94054E+01 -1.25424E+01  0.00000E+00  0.00000E+00
    3.1284E+01 -2.94054E+01 -1.25424E+01  0.00000E+00  0.00000E+00
    3.1322E+01 -2.94054E+01 -1.25424E+01  0.00000E+00  0.00000E+00
    3.1360E+01 -2.94054E+01 -1.25424E+01  0.00000E+00  0.00000E+00
    3.1398E+01 -2.94054E+01 -1.25424E+01  0.00000E+00  0.00000E+00
    3.1436E+01 -2.94054E+01 -1.25424E+01  0.00000E+00  0.00000E+00
    3.1474E+01 -2.94054E+01 -1.25424E+01  0.00000E+00  0.00000E+00
    3.1511E+01 -2.94054E+01 -1.25424E+01  0.00000E+00  0.00000E+00
    3.1549E+01 -2.94054E+01 -1.25424E+01  0.00000E+00  0.00000E+00
    3.1587E+01 -2.94054E+01 -1.25424E+01  0.00000E+00  0.00000E+00
    3.1625E+01 -2.94054E+01 -1.25424E+01  0.00000E+00  0.00000E+00
    3.1663E+01 -2.94054E+01 -1.25424E+01  0.00000E+00  0.00000E+00
    3.1701E+01 -2.94054E+01 -1.25424E+01  0.00000E+00  0.00000E+00
    3.1739E+01 -2.94054E+01 -1.25424E+01  0.00000E+00  0.00000E+00
    3.1777E+01 -2.94054E+01 -1.25424E+01  0.00000E+00  0.00000E+00
    3.1815E+01 -2.94054E+01 -1.25424E+01  0.00000E+00  0.00000E+00
    3.1853E+01 -2.94054E+01 -1.25424E+01  0.00000E+00  0.00000E+00
    3.1891E+01 -2.94054E+01 -1.25424E+01  0.00000E+00  0.00000E+00
    3.1929E+01 -2.94054E+01 -1.25424E+01  0.00000E+00  0.00000E+00
    3.1966E+01 -2.94054E+01 -1.25424E+01  0.00000E+00  0.00000E+00
    3.2004E+01 -2.94054E+01 -1.25424E+01  0.00000E+00  0.00000E+00
    3.2042E+01 -2.94054E+01 -1.25424E+01  0.00000E+00  0.00000E+00
    3.2080E+01 -2.94054E+01 -1.25424E+01  0.00000E+00  0.00000E+00
    3.2118E+01 -2.94054E+01 -1.25424E+01  0.00000E+00  0.00000E+00
    3.2156E+01 -2.94054E+01 -1.25424E+01  0.00000E+00  0.00000E+00
    3.2194E+01 -2.94054E+01 -1.25424E+01  0.00000E+00  0.00000E+00
    3.2232E+01 -2.94054E+01 -1.25424E+01  0.00000E+00  0.00000E+00
    3.2270E+01 -2.94054E+01 -1.25424E+01  0.00000E+00  0.00000E+00
    3.2308E+01 -2.94054E+01 -1.25424E+01  0.00000E+00  0.00000E+00
    3.2346E+01 -2.94054E+01 -1.25424E+01  0.00000E+00  0.00000E+00
    3.2384E+01 -2.98643E+01 -1.27819E+01  0.00000E+00  0.00000E+00
    3.2422E+01 -2.98643E+01 -1.27819E+01  0.00000E+00  0.00000E+00
    3.2459E+01 -2.98643E+01 -1.27819E+01  0.00000E+00  0.00000E+00
    3.2497E+01 -2.98643E+01 -1.27819E+01  0.00000E+00  0.00000E+00
    3.2535E+01 -2.98643E+01 -1.27819E+01  0.00000E+00  0.00000E+00
    3.2573E+01 -2.98643E+01 -1.27819E+01  0.00000E+00  0.00000E+00
    3.2611E+01 -2.98643E+01 -1.27819E+01  0.00000E+00  0.00000E+00
    3.2649E+01 -2.98643E+01 -1.27819E+01  0.00000E+00  0.00000E+00
    3.2687E+01 -2.98643E+01 -1.27819E+01  0.00000E+00  0.00000E+00
    3.2725E+01 -2.98643E+01 -1.27819E+01  0.00000E+00  0.00000E+00
    3.2763E+01 -2.98643E+01 -1.27819E+01  0.00000E+00  0.00000E+00
    3.2801E+01 -2.98643E+01 -1.27819E+01  0.00000E+00  0.00000E+00
    3.2839E+01 -2.98643E+01 -1.27819E+01  0.00000E+00  0.00000E+00
    3.2877E+01 -2.98643E+01 -1.27819E+01  0.00000E+00  0.00000E+00
    3.2914E+01 -3.01132E+01 -1.27819E+01  0.00000E+00  0.00000E+00
    3.2952E+01 -3.01132E+01 -1.27819E+01  0.00000E+00  0.00000E+00
    3.2990E+01 -3.01132E+01 -1.27819E+01  0.00000E+00  0.00000E+00
    3.3028E+01 -3.01132E+01 -1.27819E+01  0.00000E+00  0.00000E+00
    3.3066E+01 -3.01132E+01 -1.27819E+01  0.00000E+00  0.00000E+00
    3.3104E+01 -3.01132E+01 -1.27819E+01  0.00000E+00  0.00000E+00
    3.3142E+01 -3.01132E+01 -1.27819E+01  0.00000E+00  0.00000E+00
    3.3180E+01 -3.01132E+01 -1.27819E+01  0.00000E+00  0.00000E+00
    3.3218E+01 -3.01132E+01 -1.27819E+01  0.00000E+00  0.00000E+00
    3.3256E+01 -3.01132E+01 -1.27819E+01  0.00000E+00  0.00000E+00
    3.3294E+01 -3.01132E+01 -1.27819E+01  0.00000E+00  0.00000E+00
    3.3332E+01 -3.01132E+01 -1.27819E+01  0.00000E+00  0.00000E+00
    3.3370E+01 -3.01132E+01 -1.27819E+01  0.00000E+00  0.00000E+00
    3.3407E+01 -3.05901E+01 -1.27819E+01  0.00000E+00  0.00000E+00
    3.3445E+01 -3.05901E+01 -1.27819E+01  0.00000E+00  0.00000E+00
    3.3483E+01 -3.05901E+01 -1.27819E+01  0.00000E+00  0.00000E+00
    3.3521E+01 -3.05901E+01 -1.27819E+01  0.00000E+00  0.00000E+00
    3.3559E+01 -3.05901E+01 -1.27819E+01  0.00000E+00  0.00000E+00
    3.3597E+01 -3.05901E+01 -1.27819E+01  0.00000E+00  0.00000E+00
    3.3635E+01 -3.05901E+01 -1.27819E+01  0.00000E+00  0.00000E+00
    3.3673E+01 -3.11543E+01 -1.29396E+01  0.00000E+00  0.00000E+00
    3.3711E+01 -3.11543E+01 -1.29396E+01  0.00000E+00  0.00000E+00
    3.3749E+01 -3.11543E+01 -1.29396E+01  0.00000E+00  0.00000E+00
    3.3787E+01 -3.11543E+01 -1.29396E+01  0.00000E+00  0.00000E+00
    3.3825E+01 -3.11543E+01 -1.29396E+01  0.00000E+00  0.00000E+00
    3.3862E+01 -3.11543E+01 -1.29396E+01  0.00000E+00  0.00000E+00
    3.3900E+01 -3.11543E+01 -1.29396E+01  0.00000E+00  0.00000E+00
    3.3938E+01 -3.11543E+01 -1.29396E+01  0.00000E+00  0.00000E+00
    3.3976E+01 -3.11543E+01 -1.29396E+01  0.00000E+00  0.00000E+00
    3.4014E+01 -3.11543E+01 -1.29396E+01  0.00000E+00  0.00000E+00
    3.4052E+01 -3.11543E+01 -1.29396E+01  0.00000E+00  0.00000E+00
    3.4090E+01 -3.11543E+01 -1.29396E+01  0.00000E+00  0.00000E+00
    3.4128E+01 -3.11543E+01 -1.29396E+01  0.00000E+00  0.00000E+00
    3.4166E+01 -3.11543E+01 -1.29396E+01  0.00000E+00  0.00000E+00
    3.4204E+01 -3.11543E+01 -1.29396E+01  0.00000E+00  0.00000E+00
    3.4242E+01 -3.11543E+01 -1.29396E+01  0.00000E+00  0.00000E+00
    3.4280E+01 -3.11543E+01 -1.29396E+01  0.00000E+00  0.00000E+00
    3.4318E+01 -3.11543E+01 -1.29396E+01  0.00000E+00  0.00000E+00
    3.4355E+01 -3.11543E+01 -1.29396E+01  0.00000E+00  0.00000E+00
    3.4393E+01 -3.11543E+01 -1.29396E+01  0.00000E+00  0.00000E+00
    3.4431E+01 -3.11543E+01 -1.29396E+01  0.00000E+00  0.00000E+00
    3.4469E+01 -3.11543E+01 -1.29396E+01  0.00000E+00  0.00000E+00
    3.4507E+01 -3.11543E+01 -1.29396E+01  0.00000E+00  0.00000E+00
    3.4545E+01 -3.11543E+01 -1.29396E+01  0.00000E+00  0.00000E+00
    3.4583E+01 -3.11543E+01 -1.29396E+01  0.00000E+00  0.00000E+00
    3.4621E+01 -3.11543E+01 -1.29396E+01  0.00000E+00  0.00000E+00
    3.4659E+01 -3.11543E+01 -1.29396E+01  0.00000E+00  0.00000E+00
    3.4697E+01 -3.11543E+01 -1.29396E+01  0.00000E+00  0.00000E+00
    3.4735E+01 -3.11543E+01 -1.29396E+01  0.00000E+00  0.00000E+00
    3.4773E+01 -3.11543E+01 -1.29396E+01  0.00000E+00  0.00000E+00
    3.4810E+01 -3.11543E+01 -1.29396E+01  0.00000E+00  0.00000E+00
    3.4848E+01 -3.11543E+01 -1.29396E+01  0.00000E+00  0.00000E+00
    3.4886E+01 -3.11543E+01 -1.29396E+01  0.00000E+00  0.00000E+00
    3.4924E+01 -3.11543E+01 -1.29396E+01  0.00000E+00  0.00000E+00
    3.4962E+01 -3.11543E+01 -1.29396E+01  0.00000E+00  0.00000E+00
    3.5000E+01 -3.11543E+01 -1.29396E+01  0.00000E+00  0.00000E+00
    3.5038E+01 -3.11543E+01 -1.29396E+01  0.00000E+00  0.00000E+00
    3.5076E+01 -3.11543E+01 -1.29396E+01  0.00000E+00  0.00000E+00
    3.5114E+01 -3.14181E+01 -1.29935E+01  0.00000E+00  0.00000E+00
    3.5152E+01 -3.14181E+01 -1.29935E+01  0.00000E+00  0.00000E+00
    3.5190E+01 -3.14181E+01 -1.29935E+01  0.00000E+00  0.00000E+00
    3.5228E+01 -3.14181E+01 -1.29935E+01  0.00000E+00  0.00000E+00
    3.5266E+01 -3.14181E+01 -1.29935E+01  0.00000E+00  0.00000E+00
    3.5303E+01 -3.14181E+01 -1.29935E+01  0.00000E+00  0.00000E+00
    3.5341E+01 -3.14181E+01 -1.29935E+01  0.00000E+00  0.00000E+00
    3.5379E+01 -3.14181E+01 -1.29935E+01  0.00000E+00  0.00000E+00
    3.5417E+01 -3.14181E+01 -1.29935E+01  0.00000E+00  0.00000E+00
    3.5455E+01 -3.14181E+01 -1.29935E+01  0.00000E+00  0.00000E+00
    3.5493E+01 -3.14181E+01 -1.29935E+01  0.00000E+00  0.00000E+00
    3.5531E+01 -3.14181E+01 -1.29935E+01  0.00000E+00  0.00000E+00
    3.5569E+01 -3.14181E+01 -1.29935E+01  0.00000E+00  0.00000E+00
    3.5607E+01 -3.14181E+01 -1.29935E+01  0.00000E+00  0.00000E+00
    3.5645E+01 -3.14181E+01 -1.29935E+01  0.00000E+00  0.00000E+00
    3.5683E+01 -3.14181E+01 -1.29935E+01  0.00000E+00  0.00000E+00
    3.5721E+01 -3.14181E+01 -1.29935E+01  0.00000E+00  0.00000E+00
    3.5758E+01 -3.14181E+01 -1.29935E+01  0.00000E+00  0.00000E+00
    3.5796E+01 -3.14181E+01 -1.29935E+01  0.00000E+00  0.00000E+00
    3.5834E+01 -3.14181E+01 -1.29935E+01  0.00000E+00  0.00000E+00
    3.5872E+01 -3.14181E+01 -1.29935E+01  0.00000E+00  0.00000E+00
    3.5910E+01 -3.14181E+01 -1.29935E+01  0.00000E+00  0.00000E+00
    3.5948E+01 -3.14181E+01 -1.29935E+01  0.00000E+00  0.00000E+00
    3.5986E+01 -3.14181E+01 -1.29935E+01  0.00000E+00  0.00000E+00
    3.6024E+01 -3.14181E+01 -1.29935E+01  0.00000E+00  0.00000E+00
    3.6062E+01 -3.14181E+01 -1.29935E+01  0.00000E+00  0.00000E+00
    3.6100E+01 -3.14181E+01 -1.29935E+01  0.00000E+00  0.00000E+00
    3.6138E+01 -3.14181E+01 -1.29935E+01  0.00000E+00  0.00000E+00
    3.6176E+01 -3.14181E+01 -1.29935E+01  0.00000E+00  0.00000E+00
    3.6214E+01 -3.14181E+01 -1.29935E+01  0.00000E+00  0.00000E+00
    3.6251E+01 -3.14181E+01 -1.29935E+01  0.00000E+00  0.00000E+00
    3.6289E+01 -3.14181E+01 -1.29935E+01  0.00000E+00  0.00000E+00
    3.6327E+01 -3.14181E+01 -1.29935E+01  0.00000E+00  0.00000E+00
    3.6365E+01 -3.14181E+01 -1.29935E+01  0.00000E+00  0.00000E+00
    3.6403E+01 -3.14181E+01 -1.29935E+01  0.00000E+00  0.00000E+00
    3.6441E+01 -3.14181E+01 -1.29935E+01  0.00000E+00  0.00000E+00
    3.6479E+01 -3.14181E+01 -1.29935E+01  0.00000E+00  0.00000E+00
    3.6517E+01 -3.14181E+01 -1.29935E+01  0.00000E+00  0.00000E+00
    3.6555E+01 -3.14181E+01 -1.29935E+01  0.00000E+00  0.00000E+00
    3.6593E+01 -3.14181E+01 -1.29935E+01  0.00000E+00  0.00000E+00
    3.6631E+01 -3.14181E+01 -1.29935E+01  0.00000E+00  0.00000E+00
    3.6669E+01 -3.14181E+01 -1.29935E+01  0.00000E+00  0.00000E+00
    3.6706E+01 -3.14181E+01 -1.29935E+01  0.00000E+00  0.00000E+00
    3.6744E+01 -3.14181E+01 -1.29935E+01  0.00000E+00  0.00000E+00
    3.6782E+01 -3.14181E+01 -1.29935E+01  0.00000E+00  0.00000E+00
    3.6820E+01 -3.14181E+01 -1.29935E+01  0.00000E+00  0.00000E+00
    3.6858E+01 -3.14181E+01 -1.29935E+01  0.00000E+00  0.00000E+00
    3.6896E+01 -3.14181E+01 -1.29935E+01  0.00000E+00  0.00000E+00
    3.6934E+01 -3.14181E+01 -1.29935E+01  0.00000E+00  0.00000E+00
    3.6972E+01 -3.14181E+01 -1.29935E+01  0.00000E+00  0.00000E+00
    3.7010E+01 -3.14181E+01 -1.29935E+01  0.00000E+00  0.00000E+00
    3.7048E+01 -3.14181E+01 -1.29935E+01  0.00000E+00  0.00000E+00
    3.7086E+01 -3.14181E+01 -1.29935E+01  0.00000E+00  0.00000E+00
    3.7124E+01 -3.14181E+01 -1.29935E+01  0.00000E+00  0.00000E+00
    3.7162E+01 -3.14181E+01 -1.29935E+01  0.00000E+00  0.00000E+00
    3.7199E+01 -3.14181E+01 -1.29935E+01  0.00000E+00  0.00000E+00
    3.7237E+01 -3.14181E+01 -1.29935E+01  0.00000E+00  0.00000E+00
    3.7275E+01 -3.14181E+01 -1.29935E+01  0.00000E+00  0.00000E+00
    3.7313E+01 -3.14181E+01 -1.29935E+01  0.00000E+00  0.00000E+00
    3.7351E+01 -3.14181E+01 -1.29935E+01  0.00000E+00  0.00000E+00
    3.7389E+01 -3.14181E+01 -1.29935E+01  0.00000E+00  0.00000E+00
    3.7427E+01 -3.14181E+01 -1.29935E+01  0.00000E+00  0.00000E+00
    3.7465E+01 -3.14181E+01 -1.29935E+01  0.00000E+00  0.00000E+00
    3.7503E+01 -3.14181E+01 -1.29935E+01  0.00000E+00  0.00000E+00
    3.7541E+01 -3.14181E+01 -1.29935E+01  0.00000E+00  0.00000E+00
    3.7579E+01 -3.14181E+01 -1.29935E+01  0.00000E+00  0.00000E+00
    3.7617E+01 -3.14181E+01 -1.29935E+01  0.00000E+00  0.00000E+00
    3.7654E+01 -3.14181E+01 -1.29935E+01  0.00000E+00  0.00000E+00
    3.7692E+01 -3.14181E+01 -1.29935E+01  0.00000E+00  0.00000E+00
    3.7730E+01 -3.14181E+01 -1.29935E+01  0.00000E+00  0.00000E+00
    3.7768E+01 -3.14181E+01 -1.29935E+01  0.00000E+00  0.00000E+00
    3.7806E+01 -3.14181E+01 -1.29935E+01  0.00000E+00  0.00000E+00
    3.7844E+01 -3.14181E+01 -1.29935E+01  0.00000E+00  0.00000E+00
    3.7882E+01 -3.16175E+01 -1.29935E+01  0.00000E+00  0.00000E+00
