    0.0000E+00  0.00000E+00  0.00000E+00  0.00000E+00  0.00000E+00
    1.0482E-01  0.00000E+00  0.00000E+00  0.00000E+00  0.00000E+00
    2.0965E-01  0.00000E+00  0.00000E+00  0.00000E+00  0.00000E+00
    3.1447E-01  0.00000E+00  0.00000E+00  0.00000E+00  0.00000E+00
    4.1929E-01  0.00000E+00  0.00000E+00  0.00000E+00  0.00000E+00
    5.2412E-01  0.00000E+00  0.00000E+00  0.00000E+00  0.00000E+00
    6.2894E-01  0.00000E+00  0.00000E+00  0.00000E+00  0.00000E+00
    7.3377E-01  0.00000E+00  0.00000E+00  0.00000E+00  0.00000E+00
    8.3859E-01  0.00000E+00  0.00000E+00  0.00000E+00  0.00000E+00
    9.4341E-01  0.00000E+00  0.00000E+00  0.00000E+00  0.00000E+00
    1.0482E+00  0.00000E+00  0.00000E+00  0.00000E+00  0.00000E+00
    1.1531E+00  0.00000E+00  0.00000E+00  0.00000E+00  0.00000E+00
    1.2579E+00  0.00000E+00  0.00000E+00  0.00000E+00  0.00000E+00
    1.3627E+00  0.00000E+00  0.00000E+00  0.00000E+00  0.00000E+00
    1.4675E+00  0.00000E+00  0.00000E+00  0.00000E+00  0.00000E+00
    1.5724E+00  0.00000E+00  0.00000E+00  0.00000E+00  0.00000E+00
    1.6772E+00  0.00000E+00  0.00000E+00  0.00000E+00  0.00000E+00
    1.7820E+00 -4.79029E-04  0.00000E+00  0.00000E+00  0.00000E+00
    1.8868E+00 -4.79029E-04  0.00000E+00  0.00000E+00  0.00000E+00
    1.9917E+00 -4.79029E-04  0.00000E+00  0.00000E+00  0.00000E+00
    2.0965E+00 -4.79029E-04  0.00000E+00  0.00000E+00  0.00000E+00
    2.2013E+00 -4.79029E-04  0.00000E+00  0.00000E+00  0.00000E+00
    2.3061E+00 -4.79029E-04  0.00000E+00  0.00000E+00  0.00000E+00
    2.4109E+00 -4.79029E-04  0.00000E+00  0.00000E+00  0.00000E+00
    2.5158E+00 -4.79029E-04  0.00000E+00  0.00000E+00  0.00000E+00
    2.6206E+00 -4.79029E-04  0.00000E+00  0.00000E+00  0.00000E+00
    2.7254E+00 -4.79029E-04  0.00000E+00  0.00000E+00  0.00000E+00
    2.8302E+00 -4.79029E-04  0.00000E+00  0.00000E+00  0.00000E+00
    2.9351E+00 -4.79029E-04  0.00000E+00  0.00000E+00  0.00000E+00
    3.0399E+00 -4.79029E-04  0.00000E+00  0.00000E+00  0.00000E+00
    3.1447E+00 -4.79029E-04  0.00000E+00  0.00000E+00  0.00000E+00
    3.2495E+00 -4.79029E-04  0.00000E+00  0.00000E+00  0.00000E+00
    3.3544E+00 -1.73332E-03  0.00000E+00  0.00000E+00  0.00000E+00
    3.4592E+00 -1.73332E-03  0.00000E+00  0.00000E+00  0.00000E+00
    3.5640E+00 -1.73332E-03  0.00000E+00  0.00000E+00  0.00000E+00
    3.6688E+00 -1.73332E-03  0.00000E+00  0.00000E+00  0.00000E+00
    3.7737E+00 -1.73332E-03  0.00000E+00  0.00000E+00  0.00000E+00
    3.8785E+00 -1.73332E-03  0.00000E+00  0.00000E+00  0.00000E+00
    3.9833E+00 -1.73332E-03  0.00000E+00  0.00000E+00  0.00000E+00
    4.0881E+00 -1.73332E-03  0.00000E+00  0.00000E+00  0.00000E+00
    4.1929E+00 -1.73332E-03  0.00000E+00  0.00000E+00  0.00000E+00
    4.2978E+00 -5.08208E-03  0.00000E+00  0.00000E+00  0.00000E+00
    4.4026E+00 -5.08208E-03  0.00000E+00  0.00000E+00  0.00000E+00
    4.5074E+00 -5.08208E-03  0.00000E+00  0.00000E+00  0.00000E+00
    4.6122E+00 -6.53069E-03  0.00000E+00  0.00000E+00  0.00000E+00
    4.7171E+00 -6.53069E-03  0.00000E+00  0.00000E+00  0.00000E+00
    4.8219E+00 -6.53069E-03  0.00000E+00  0.00000E+00  0.00000E+00
    4.9267E+00 -6.53069E-03  0.00000E+00  0.00000E+00  0.00000E+00
    5.0315E+00 -6.53069E-03  0.00000E+00  0.00000E+00  0.00000E+00
    5.1364E+00 -1.26912E-02  0.00000E+00  0.00000E+00  0.00000E+00
    5.2412E+00 -1.26912E-02  0.00000E+00  0.00000E+00  0.00000E+00
    5.3460E+00 -2.09409E-02  0.00000E+00  0.00000E+00  0.00000E+00
    5.4508E+00 -2.19740E-02  0.00000E+00  0.00000E+00  0.00000E+00
    5.5557E+00 -2.19740E-02  0.00000E+00  0.00000E+00  0.00000E+00
    5.6605E+00 -2.71509E-02  0.00000E+00  0.00000E+00  0.00000E+00
    5.7653E+00 -2.71509E-02  0.00000E+00  0.00000E+00  0.00000E+00
    5.8701E+00 -2.86884E-02  0.00000E+00  0.00000E+00  0.00000E+00
    5.9750E+00 -3.77239E-02  0.00000E+00  0.00000E+00  0.00000E+00
    6.0798E+00 -4.14983E-02  0.00000E+00  0.00000E+00  0.00000E+00
    6.1846E+00 -4.90502E-02  0.00000E+00  0.00000E+00  0.00000E+00
    6.2894E+00 -4.95861E-02  0.00000E+00  0.00000E+00  0.00000E+00
    6.3942E+00 -5.63376E-02  0.00000E+00  0.00000E+00  0.00000E+00
    6.4991E+00 -6.17132E-02  0.00000E+00  0.00000E+00  0.00000E+00
    6.6039E+00 -6.26949E-02  0.00000E+00  0.00000E+00  0.00000E+00
    6.7087E+00 -6.58032E-02  0.00000E+00  0.00000E+00  0.00000E+00
    6.8135E+00 -6.58032E-02  0.00000E+00  0.00000E+00  0.00000E+00
    6.9184E+00 -6.64553E-02  0.00000E+00  0.00000E+00  0.00000E+00
    7.0232E+00 -6.86802E-02  0.00000E+00  0.00000E+00  0.00000E+00
    7.1280E+00 -6.86802E-02  0.00000E+00  0.00000E+00  0.00000E+00
    7.2328E+00 -6.86802E-02  0.00000E+00  0.00000E+00  0.00000E+00
    7.3377E+00 -6.92555E-02  0.00000E+00  0.00000E+00  0.00000E+00
    7.4425E+00 -7.19743E-02  0.00000E+00  0.00000E+00  0.00000E+00
    7.5473E+00 -7.19743E-02  0.00000E+00  0.00000E+00  0.00000E+00
    7.6521E+00 -7.81740E-02  0.00000E+00  0.00000E+00  0.00000E+00
    7.7570E+00 -7.93609E-02  0.00000E+00  0.00000E+00  0.00000E+00
    7.8618E+00 -8.72177E-02  0.00000E+00  0.00000E+00  0.00000E+00
    7.9666E+00 -9.48771E-02  0.00000E+00  0.00000E+00  0.00000E+00
    8.0714E+00 -9.57362E-02  0.00000E+00  0.00000E+00  0.00000E+00
    8.1763E+00 -1.05624E-01  0.00000E+00  0.00000E+00  0.00000E+00
    8.2811E+00 -1.05624E-01  0.00000E+00  0.00000E+00  0.00000E+00
    8.3859E+00 -1.08073E-01  0.00000E+00  0.00000E+00  0.00000E+00
    8.4907E+00 -1.08073E-01  0.00000E+00  0.00000E+00  0.00000E+00
    8.5955E+00 -1.09041E-01  0.00000E+00  0.00000E+00  0.00000E+00
    8.7004E+00 -1.09591E-01  0.00000E+00  0.00000E+00  0.00000E+00
    8.8052E+00 -1.09591E-01  0.00000E+00  0.00000E+00  0.00000E+00
    8.9100E+00 -1.09591E-01  0.00000E+00  0.00000E+00  0.00000E+00
    9.0148E+00 -1.15891E-01  0.00000E+00  0.00000E+00  0.00000E+00
    9.1197E+00 -1.34825E-01 -4.73348E-03  0.00000E+00  0.00000E+00
    9.2245E+00 -1.51343E-01 -4.73348E-03  0.00000E+00  0.00000E+00
    9.3293E+00 -1.65992E-01 -4.73348E-03  0.00000E+00  0.00000E+00
    9.4341E+00 -1.90308E-01 -4.73348E-03  0.00000E+00  0.00000E+00
    9.5390E+00 -1.92572E-01 -5.86537E-03  0.00000E+00  0.00000E+00
    9.6438E+00 -2.23359E-01 -5.86537E-03  0.00000E+00  0.00000E+00
    9.7486E+00 -2.40558E-01 -5.86537E-03  0.00000E+00  0.00000E+00
    9.8534E+00 -2.55308E-01 -5.86537E-03  0.00000E+00  0.00000E+00
    9.9583E+00 -2.62466E-01 -5.86537E-03  0.00000E+00  0.00000E+00
    1.0063E+01 -2.87838E-01 -5.86537E-03  0.00000E+00  0.00000E+00
    1.0168E+01 -2.91688E-01 -5.86537E-03  0.00000E+00  0.00000E+00
    1.0273E+01 -3.43315E-01 -9.93740E-03  0.00000E+00  0.00000E+00
    1.0378E+01 -4.17630E-01 -1.35589E-02  0.00000E+00  0.00000E+00
    1.0482E+01 -4.23919E-01 -1.35589E-02  0.00000E+00  0.00000E+00
    1.0587E+01 -4.23919E-01 -1.35589E-02  0.00000E+00  0.00000E+00
    1.0692E+01 -4.26510E-01 -1.35589E-02  0.00000E+00  0.00000E+00
    1.0797E+01 -4.67614E-01 -1.45412E-02  0.00000E+00  0.00000E+00
    1.0902E+01 -4.68830E-01 -1.45412E-02  0.00000E+00  0.00000E+00
    1.1006E+01 -5.11800E-01 -1.45412E-02  0.00000E+00  0.00000E+00
    1.1111E+01 -5.19834E-01 -1.58652E-02  0.00000E+00  0.00000E+00
    1.1216E+01 -5.19834E-01 -1.58652E-02  0.00000E+00  0.00000E+00
    1.1321E+01 -5.19834E-01 -1.58652E-02  0.00000E+00  0.00000E+00
    1.1426E+01 -5.19834E-01 -1.58652E-02  0.00000E+00  0.00000E+00
    1.1531E+01 -5.19834E-01 -1.58652E-02  0.00000E+00  0.00000E+00
    1.1635E+01 -5.19834E-01 -1.58652E-02  0.00000E+00  0.00000E+00
    1.1740E+01 -5.27531E-01 -1.97140E-02  0.00000E+00  0.00000E+00
    1.1845E+01 -5.95827E-01 -2.35318E-02  0.00000E+00  0.00000E+00
    1.1950E+01 -5.95827E-01 -2.35318E-02  0.00000E+00  0.00000E+00
    1.2055E+01 -6.14496E-01 -2.56745E-02  0.00000E+00  0.00000E+00
    1.2160E+01 -6.24719E-01 -2.56745E-02  0.00000E+00  0.00000E+00
    1.2264E+01 -6.59294E-01 -3.43181E-02  0.00000E+00  0.00000E+00
    1.2369E+01 -6.59294E-01 -3.43181E-02  0.00000E+00  0.00000E+00
    1.2474E+01 -7.25683E-01 -6.30409E-02  0.00000E+00  0.00000E+00
    1.2579E+01 -7.27322E-01 -6.38599E-02  0.00000E+00  0.00000E+00
    1.2684E+01 -7.96038E-01 -6.38599E-02  0.00000E+00  0.00000E+00
    1.2788E+01 -8.47905E-01 -7.13602E-02  0.00000E+00  0.00000E+00
    1.2893E+01 -8.52371E-01 -7.13602E-02  0.00000E+00  0.00000E+00
    1.2998E+01 -8.73649E-01 -7.13602E-02  0.00000E+00  0.00000E+00
    1.3103E+01 -9.42832E-01 -7.13602E-02  0.00000E+00  0.00000E+00
    1.3208E+01 -9.50396E-01 -7.51425E-02  0.00000E+00  0.00000E+00
    1.3313E+01 -9.50396E-01 -7.51425E-02  0.00000E+00  0.00000E+00
    1.3417E+01 -9.72889E-01 -7.68501E-02  0.00000E+00  0.00000E+00
    1.3522E+01 -1.06768E+00 -7.68501E-02  0.00000E+00  0.00000E+00
    1.3627E+01 -1.06768E+00 -7.68501E-02  0.00000E+00  0.00000E+00
    1.3732E+01 -1.12979E+00 -9.92496E-02  0.00000E+00  0.00000E+00
    1.3837E+01 -1.14391E+00 -1.06310E-01  0.00000E+00  0.00000E+00
    1.3942E+01 -1.26507E+00 -1.25258E-01  0.00000E+00  0.00000E+00
    1.4046E+01 -1.26507E+00 -1.25258E-01  0.00000E+00  0.00000E+00
    1.4151E+01 -1.27892E+00 -1.25258E-01  0.00000E+00  0.00000E+00
    1.4256E+01 -1.28202E+00 -1.25258E-01  0.00000E+00  0.00000E+00
    1.4361E+01 -1.28202E+00 -1.25258E-01  0.00000E+00  0.00000E+00
    1.4466E+01 -1.43525E+00 -1.25258E-01  0.00000E+00  0.00000E+00
    1.4570E+01 -1.55351E+00 -1.41359E-01  0.00000E+00  0.00000E+00
    1.4675E+01 -1.58960E+00 -1.44821E-01  0.00000E+00  0.00000E+00
    1.4780E+01 -1.61530E+00 -1.44821E-01  0.00000E+00  0.00000E+00
    1.4885E+01 -1.65418E+00 -1.44821E-01  0.00000E+00  0.00000E+00
    1.4990E+01 -1.65552E+00 -1.45490E-01  0.00000E+00  0.00000E+00
    1.5095E+01 -1.71575E+00 -1.52483E-01  0.00000E+00  0.00000E+00
    1.5199E+01 -1.79608E+00 -1.93983E-01  0.00000E+00  0.00000E+00
    1.5304E+01 -1.88125E+00 -1.93983E-01  0.00000E+00  0.00000E+00
    1.5409E+01 -1.88513E+00 -1.93983E-01  0.00000E+00  0.00000E+00
    1.5514E+01 -2.02057E+00 -1.96612E-01  0.00000E+00  0.00000E+00
    1.5619E+01 -2.13832E+00 -2.61955E-01  0.00000E+00  0.00000E+00
    1.5724E+01 -2.15083E+00 -2.61955E-01  0.00000E+00  0.00000E+00
    1.5828E+01 -2.25930E+00 -2.89073E-01  0.00000E+00  0.00000E+00
    1.5933E+01 -2.35867E+00 -3.52885E-01  0.00000E+00  0.00000E+00
    1.6038E+01 -2.36802E+00 -3.52885E-01  0.00000E+00  0.00000E+00
    1.6143E+01 -2.40947E+00 -3.52885E-01  0.00000E+00  0.00000E+00
    1.6248E+01 -2.59282E+00 -4.05231E-01  0.00000E+00  0.00000E+00
    1.6353E+01 -2.59875E+00 -4.08195E-01  0.00000E+00  0.00000E+00
    1.6457E+01 -2.68670E+00 -4.27282E-01  0.00000E+00  0.00000E+00
    1.6562E+01 -2.96975E+00 -5.93518E-01  0.00000E+00  0.00000E+00
    1.6667E+01 -3.24649E+00 -6.25391E-01  0.00000E+00  0.00000E+00
    1.6772E+01 -3.24649E+00 -6.25391E-01  0.00000E+00  0.00000E+00
    1.6877E+01 -3.41064E+00 -6.25391E-01  0.00000E+00  0.00000E+00
    1.6981E+01 -3.41402E+00 -6.26235E-01  0.00000E+00  0.00000E+00
    1.7086E+01 -3.62770E+00 -8.24853E-01  0.00000E+00  0.00000E+00
    1.7191E+01 -3.62770E+00 -8.24853E-01  0.00000E+00  0.00000E+00
    1.7296E+01 -3.64151E+00 -8.24853E-01  0.00000E+00  0.00000E+00
    1.7401E+01 -3.64151E+00 -8.24853E-01  0.00000E+00  0.00000E+00
    1.7506E+01 -3.65198E+00 -8.28764E-01  0.00000E+00  0.00000E+00
    1.7610E+01 -3.65198E+00 -8.28764E-01  0.00000E+00  0.00000E+00
    1.7715E+01 -3.77762E+00 -8.28764E-01  0.00000E+00  0.00000E+00
    1.7820E+01 -3.77762E+00 -8.28764E-01  0.00000E+00  0.00000E+00
    1.7925E+01 -3.91057E+00 -8.45530E-01  0.00000E+00  0.00000E+00
    1.8030E+01 -4.19533E+00 -1.08119E+00  0.00000E+00  0.00000E+00
    1.8135E+01 -4.31326E+00 -1.13554E+00  0.00000E+00  0.00000E+00
    1.8239E+01 -4.31326E+00 -1.13554E+00  0.00000E+00  0.00000E+00
    1.8344E+01 -4.31326E+00 -1.13554E+00  0.00000E+00  0.00000E+00
    1.8449E+01 -4.31326E+00 -1.13554E+00  0.00000E+00  0.00000E+00
    1.8554E+01 -4.31326E+00 -1.13554E+00  0.00000E+00  0.00000E+00
    1.8659E+01 -4.31326E+00 -1.13554E+00  0.00000E+00  0.00000E+00
    1.8763E+01 -4.34871E+00 -1.15326E+00  0.00000E+00  0.00000E+00
    1.8868E+01 -4.35552E+00 -1.15667E+00  0.00000E+00  0.00000E+00
    1.8973E+01 -4.38304E+00 -1.15667E+00  0.00000E+00  0.00000E+00
    1.9078E+01 -4.39535E+00 -1.15667E+00  0.00000E+00  0.00000E+00
    1.9183E+01 -4.59488E+00 -1.30632E+00  0.00000E+00  0.00000E+00
    1.9288E+01 -5.26585E+00 -1.40562E+00  0.00000E+00  0.00000E+00
    1.9392E+01 -5.40139E+00 -1.43906E+00  0.00000E+00  0.00000E+00
    1.9497E+01 -5.48357E+00 -1.43906E+00  0.00000E+00  0.00000E+00
    1.9602E+01 -5.78169E+00 -1.48751E+00  0.00000E+00  0.00000E+00
    1.9707E+01 -5.84564E+00 -1.48751E+00  0.00000E+00  0.00000E+00
    1.9812E+01 -6.09052E+00 -1.54873E+00  0.00000E+00  0.00000E+00
    1.9917E+01 -6.20728E+00 -1.59628E+00  0.00000E+00  0.00000E+00
    2.0021E+01 -6.36311E+00 -1.59628E+00  0.00000E+00  0.00000E+00
    2.0126E+01 -6.39409E+00 -1.60730E+00  0.00000E+00  0.00000E+00
    2.0231E+01 -6.63258E+00 -1.60730E+00  0.00000E+00  0.00000E+00
    2.0336E+01 -6.64442E+00 -1.60939E+00  0.00000E+00  0.00000E+00
    2.0441E+01 -6.72053E+00 -1.65448E+00  0.00000E+00  0.00000E+00
    2.0545E+01 -7.22490E+00 -1.67359E+00  0.00000E+00  0.00000E+00
    2.0650E+01 -7.44755E+00 -1.70007E+00  0.00000E+00  0.00000E+00
    2.0755E+01 -7.95686E+00 -1.94831E+00  0.00000E+00  0.00000E+00
    2.0860E+01 -8.03803E+00 -1.96426E+00  0.00000E+00  0.00000E+00
    2.0965E+01 -8.30754E+00 -2.15651E+00  0.00000E+00  0.00000E+00
    2.1070E+01 -8.30754E+00 -2.15651E+00  0.00000E+00  0.00000E+00
    2.1174E+01 -8.76578E+00 -2.15651E+00  0.00000E+00  0.00000E+00
    2.1279E+01 -8.87926E+00 -2.21160E+00  0.00000E+00  0.00000E+00
    2.1384E+01 -9.25146E+00 -2.21796E+00  0.00000E+00  0.00000E+00
    2.1489E+01 -9.30552E+00 -2.24499E+00  0.00000E+00  0.00000E+00
    2.1594E+01 -9.72452E+00 -2.55512E+00  0.00000E+00  0.00000E+00
    2.1699E+01 -9.80687E+00 -2.57663E+00  0.00000E+00  0.00000E+00
    2.1803E+01 -9.82410E+00 -2.57663E+00  0.00000E+00  0.00000E+00
    2.1908E+01 -1.02758E+01 -2.58555E+00  0.00000E+00  0.00000E+00
    2.2013E+01 -1.02758E+01 -2.58555E+00  0.00000E+00  0.00000E+00
    2.2118E+01 -1.04818E+01 -2.73255E+00  0.00000E+00  0.00000E+00
    2.2223E+01 -1.05628E+01 -2.73255E+00  0.00000E+00  0.00000E+00
    2.2327E+01 -1.06008E+01 -2.73537E+00  0.00000E+00  0.00000E+00
    2.2432E+01 -1.10133E+01 -2.73537E+00  0.00000E+00  0.00000E+00
    2.2537E+01 -1.11135E+01 -2.78723E+00  0.00000E+00  0.00000E+00
    2.2642E+01 -1.11502E+01 -2.78723E+00  0.00000E+00  0.00000E+00
    2.2747E+01 -1.11538E+01 -2.78723E+00  0.00000E+00  0.00000E+00
    2.2852E+01 -1.11924E+01 -2.79808E+00  0.00000E+00  0.00000E+00
    2.2956E+01 -1.12117E+01 -2.79808E+00  0.00000E+00  0.00000E+00
    2.3061E+01 -1.12168E+01 -2.79808E+00  0.00000E+00  0.00000E+00
    2.3166E+01 -1.14802E+01 -2.96695E+00  0.00000E+00  0.00000E+00
    2.3271E+01 -1.20682E+01 -3.10067E+00  0.00000E+00  0.00000E+00
    2.3376E+01 -1.21705E+01 -3.14918E+00  0.00000E+00  0.00000E+00
    2.3481E+01 -1.27572E+01 -3.14918E+00  0.00000E+00  0.00000E+00
    2.3585E+01 -1.27572E+01 -3.14918E+00  0.00000E+00  0.00000E+00
    2.3690E+01 -1.28028E+01 -3.14918E+00  0.00000E+00  0.00000E+00
    2.3795E+01 -1.31215E+01 -3.32038E+00  0.00000E+00  0.00000E+00
    2.3900E+01 -1.34839E+01 -3.58663E+00  0.00000E+00  0.00000E+00
    2.4005E+01 -1.34839E+01 -3.58663E+00  0.00000E+00  0.00000E+00
    2.4109E+01 -1.35376E+01 -3.59751E+00  0.00000E+00  0.00000E+00
    2.4214E+01 -1.40102E+01 -3.62941E+00  0.00000E+00  0.00000E+00
    2.4319E+01 -1.40102E+01 -3.62941E+00  0.00000E+00  0.00000E+00
    2.4424E+01 -1.44239E+01 -3.73463E+00  0.00000E+00  0.00000E+00
    2.4529E+01 -1.46522E+01 -3.96290E+00  0.00000E+00  0.00000E+00
    2.4634E+01 -1.50258E+01 -3.96669E+00  0.00000E+00  0.00000E+00
    2.4738E+01 -1.51837E+01 -4.03441E+00  0.00000E+00  0.00000E+00
    2.4843E+01 -1.53320E+01 -4.03441E+00  0.00000E+00  0.00000E+00
    2.4948E+01 -1.60371E+01 -4.53645E+00  0.00000E+00  0.00000E+00
    2.5053E+01 -1.68564E+01 -4.94606E+00  0.00000E+00  0.00000E+00
    2.5158E+01 -1.68564E+01 -4.94606E+00  0.00000E+00  0.00000E+00
    2.5263E+01 -1.70176E+01 -4.97136E+00  0.00000E+00  0.00000E+00
    2.5367E+01 -1.78506E+01 -5.06170E+00  0.00000E+00  0.00000E+00
    2.5472E+01 -1.79268E+01 -5.09036E+00  0.00000E+00  0.00000E+00
    2.5577E+01 -1.86068E+01 -5.54326E+00  0.00000E+00  0.00000E+00
    2.5682E+01 -1.86311E+01 -5.54326E+00  0.00000E+00  0.00000E+00
    2.5787E+01 -1.91168E+01 -5.90757E+00  0.00000E+00  0.00000E+00
    2.5891E+01 -1.91168E+01 -5.90757E+00  0.00000E+00  0.00000E+00
    2.5996E+01 -1.94329E+01 -5.91451E+00  0.00000E+00  0.00000E+00
    2.6101E+01 -1.95091E+01 -5.93354E+00  0.00000E+00  0.00000E+00
    2.6206E+01 -2.03174E+01 -6.43251E+00  0.00000E+00  0.00000E+00
    2.6311E+01 -2.06190E+01 -6.63178E+00  0.00000E+00  0.00000E+00
    2.6416E+01 -2.10121E+01 -6.87736E+00  0.00000E+00  0.00000E+00
    2.6520E+01 -2.12183E+01 -6.93771E+00  0.00000E+00  0.00000E+00
    2.6625E+01 -2.12183E+01 -6.93771E+00  0.00000E+00  0.00000E+00
    2.6730E+01 -2.15537E+01 -7.06271E+00  0.00000E+00  0.00000E+00
    2.6835E+01 -2.15537E+01 -7.06271E+00  0.00000E+00  0.00000E+00
    2.6940E+01 -2.19481E+01 -7.35853E+00  0.00000E+00  0.00000E+00
    2.7045E+01 -2.19481E+01 -7.35853E+00  0.00000E+00  0.00000E+00
    2.7149E+01 -2.22169E+01 -7.62119E+00  0.00000E+00  0.00000E+00
    2.7254E+01 -2.27090E+01 -7.99026E+00  0.00000E+00  0.00000E+00
    2.7359E+01 -2.43922E+01 -8.52452E+00  0.00000E+00  0.00000E+00
    2.7464E+01 -2.44739E+01 -8.52452E+00  0.00000E+00  0.00000E+00
    2.7569E+01 -2.47351E+01 -8.65508E+00  0.00000E+00  0.00000E+00
    2.7673E+01 -2.55445E+01 -8.91427E+00  0.00000E+00  0.00000E+00
    2.7778E+01 -2.55445E+01 -8.91427E+00  0.00000E+00  0.00000E+00
    2.7883E+01 -2.57291E+01 -9.05273E+00  0.00000E+00  0.00000E+00
    2.7988E+01 -2.57291E+01 -9.05273E+00  0.00000E+00  0.00000E+00
    2.8093E+01 -2.63051E+01 -9.05273E+00  0.00000E+00  0.00000E+00
    2.8198E+01 -2.63051E+01 -9.05273E+00  0.00000E+00  0.00000E+00
    2.8302E+01 -2.63051E+01 -9.05273E+00  0.00000E+00  0.00000E+00
    2.8407E+01 -2.70440E+01 -9.42217E+00  0.00000E+00  0.00000E+00
    2.8512E+01 -2.84557E+01 -9.77990E+00  0.00000E+00  0.00000E+00
    2.8617E+01 -2.84557E+01 -9.77990E+00  0.00000E+00  0.00000E+00
    2.8722E+01 -2.96399E+01 -9.77990E+00  0.00000E+00  0.00000E+00
    2.8827E+01 -2.96399E+01 -9.77990E+00  0.00000E+00  0.00000E+00
    2.8931E+01 -2.96399E+01 -9.77990E+00  0.00000E+00  0.00000E+00
    2.9036E+01 -3.19187E+01 -1.06204E+01  0.00000E+00  0.00000E+00
    2.9141E+01 -3.21717E+01 -1.06204E+01  0.00000E+00  0.00000E+00
    2.9246E+01 -3.21717E+01 -1.06204E+01  0.00000E+00  0.00000E+00
    2.9351E+01 -3.21717E+01 -1.06204E+01  0.00000E+00  0.00000E+00
    2.9455E+01 -3.25617E+01 -1.06204E+01  0.00000E+00  0.00000E+00
    2.9560E+01 -3.25617E+01 -1.06204E+01  0.00000E+00  0.00000E+00
    2.9665E+01 -3.31489E+01 -1.09798E+01  0.00000E+00  0.00000E+00
    2.9770E+01 -3.31489E+01 -1.09798E+01  0.00000E+00  0.00000E+00
    2.9875E+01 -3.33761E+01 -1.10934E+01  0.00000E+00  0.00000E+00
    2.9980E+01 -3.41149E+01 -1.16475E+01  0.00000E+00  0.00000E+00
    3.0084E+01 -3.41149E+01 -1.16475E+01  0.00000E+00  0.00000E+00
    3.0189E+01 -3.41149E+01 -1.16475E+01  0.00000E+00  0.00000E+00
    3.0294E+01 -3.49036E+01 -1.22390E+01  0.00000E+00  0.00000E+00
    3.0399E+01 -3.62420E+01 -1.29082E+01  0.00000E+00  0.00000E+00
    3.0504E+01 -3.70610E+01 -1.30606E+01  0.00000E+00  0.00000E+00
    3.0609E+01 -3.70610E+01 -1.30606E+01  0.00000E+00  0.00000E+00
    3.0713E+01 -3.70610E+01 -1.30606E+01  0.00000E+00  0.00000E+00
    3.0818E+01 -4.09492E+01 -1.46932E+01  0.00000E+00  0.00000E+00
    3.0923E+01 -4.11278E+01 -1.46932E+01  0.00000E+00  0.00000E+00
    3.1028E+01 -4.11278E+01 -1.46932E+01  0.00000E+00  0.00000E+00
    3.1133E+01 -4.11278E+01 -1.46932E+01  0.00000E+00  0.00000E+00
    3.1237E+01 -4.11278E+01 -1.46932E+01  0.00000E+00  0.00000E+00
    3.1342E+01 -4.11278E+01 -1.46932E+01  0.00000E+00  0.00000E+00
    3.1447E+01 -4.11278E+01 -1.46932E+01  0.00000E+00  0.00000E+00
    3.1552E+01 -4.16995E+01 -1.48361E+01  0.00000E+00  0.00000E+00
    3.1657E+01 -4.16995E+01 -1.48361E+01  0.00000E+00  0.00000E+00
    3.1762E+01 -4.30155E+01 -1.48361E+01  0.00000E+00  0.00000E+00
    3.1866E+01 -4.30155E+01 -1.48361E+01  0.00000E+00  0.00000E+00
    3.1971E+01 -4.30155E+01 -1.48361E+01  0.00000E+00  0.00000E+00
    3.2076E+01 -4.34856E+01 -1.50711E+01  0.00000E+00  0.00000E+00
    3.2181E+01 -4.34856E+01 -1.50711E+01  0.00000E+00  0.00000E+00
    3.2286E+01 -4.44559E+01 -1.60414E+01  0.00000E+00  0.00000E+00
    3.2391E+01 -4.60626E+01 -1.76481E+01  0.00000E+00  0.00000E+00
    3.2495E+01 -4.60626E+01 -1.76481E+01  0.00000E+00  0.00000E+00
    3.2600E+01 -4.60626E+01 -1.76481E+01  0.00000E+00  0.00000E+00
    3.2705E+01 -4.60626E+01 -1.76481E+01  0.00000E+00  0.00000E+00
    3.2810E+01 -4.60626E+01 -1.76481E+01  0.00000E+00  0.00000E+00
    3.2915E+01 -4.71841E+01 -1.76481E+01  0.00000E+00  0.00000E+00
    3.3019E+01 -4.71841E+01 -1.76481E+01  0.00000E+00  0.00000E+00
    3.3124E+01 -4.71841E+01 -1.76481E+01  0.00000E+00  0.00000E+00
    3.3229E+01 -4.76337E+01 -1.77605E+01  0.00000E+00  0.00000E+00
    3.3334E+01 -4.96083E+01 -1.89969E+01  0.00000E+00  0.00000E+00
    3.3439E+01 -4.96083E+01 -1.89969E+01  0.00000E+00  0.00000E+00
    3.3544E+01 -4.96083E+01 -1.89969E+01  0.00000E+00  0.00000E+00
    3.3648E+01 -4.96083E+01 -1.89969E+01  0.00000E+00  0.00000E+00
    3.3753E+01 -4.96083E+01 -1.89969E+01  0.00000E+00  0.00000E+00
    3.3858E+01 -5.14570E+01 -2.04792E+01  0.00000E+00  0.00000E+00
    3.3963E+01 -5.32900E+01 -2.15613E+01  0.00000E+00  0.00000E+00
    3.4068E+01 -5.41455E+01 -2.24168E+01  0.00000E+00  0.00000E+00
    3.4173E+01 -5.44763E+01 -2.25823E+01  0.00000E+00  0.00000E+00
    3.4277E+01 -5.44763E+01 -2.25823E+01  0.00000E+00  0.00000E+00
    3.4382E+01 -5.44763E+01 -2.25823E+01  0.00000E+00  0.00000E+00
    3.4487E+01 -5.54936E+01 -2.30909E+01  0.00000E+00  0.00000E+00
    3.4592E+01 -5.54936E+01 -2.30909E+01  0.00000E+00  0.00000E+00
    3.4697E+01 -5.54936E+01 -2.30909E+01  0.00000E+00  0.00000E+00
    3.4801E+01 -5.73459E+01 -2.46626E+01  0.00000E+00  0.00000E+00
    3.4906E+01 -5.88069E+01 -2.57583E+01  0.00000E+00  0.00000E+00
    3.5011E+01 -5.97896E+01 -2.64953E+01  0.00000E+00  0.00000E+00
    3.5116E+01 -6.09011E+01 -2.67732E+01  0.00000E+00  0.00000E+00
    3.5221E+01 -6.29059E+01 -2.87780E+01  0.00000E+00  0.00000E+00
    3.5326E+01 -6.29059E+01 -2.87780E+01  0.00000E+00  0.00000E+00
    3.5430E+01 -6.38199E+01 -2.90065E+01  0.00000E+00  0.00000E+00
    3.5535E+01 -6.38199E+01 -2.90065E+01  0.00000E+00  0.00000E+00
    3.5640E+01 -6.38199E+01 -2.90065E+01  0.00000E+00  0.00000E+00
    3.5745E+01 -6.44890E+01 -2.96756E+01  0.00000E+00  0.00000E+00
    3.5850E+01 -6.44890E+01 -2.96756E+01  0.00000E+00  0.00000E+00
    3.5955E+01 -6.52385E+01 -3.02377E+01  0.00000E+00  0.00000E+00
    3.6059E+01 -6.52385E+01 -3.02377E+01  0.00000E+00  0.00000E+00
    3.6164E+01 -6.52385E+01 -3.02377E+01  0.00000E+00  0.00000E+00
    3.6269E+01 -6.52385E+01 -3.02377E+01  0.00000E+00  0.00000E+00
    3.6374E+01 -6.52385E+01 -3.02377E+01  0.00000E+00  0.00000E+00
    3.6479E+01 -6.52385E+01 -3.02377E+01  0.00000E+00  0.00000E+00
    3.6583E+01 -6.85563E+01 -3.26572E+01  0.00000E+00  0.00000E+00
    3.6688E+01 -6.85563E+01 -3.26572E+01  0.00000E+00  0.00000E+00
    3.6793E+01 -7.25158E+01 -3.46370E+01  0.00000E+00  0.00000E+00
    3.6898E+01 -7.54775E+01 -3.53774E+01  0.00000E+00  0.00000E+00
    3.7003E+01 -7.76242E+01 -3.75240E+01  0.00000E+00  0.00000E+00
    3.7108E+01 -7.76242E+01 -3.75240E+01  0.00000E+00  0.00000E+00
    3.7212E+01 -7.76242E+01 -3.75240E+01  0.00000E+00  0.00000E+00
    3.7317E+01 -8.10710E+01 -3.97379E+01  0.00000E+00  0.00000E+00
    3.7422E+01 -8.37593E+01 -4.14734E+01  0.00000E+00  0.00000E+00
    3.7527E+01 -8.37593E+01 -4.14734E+01  0.00000E+00  0.00000E+00
    3.7632E+01 -8.48150E+01 -4.22652E+01  0.00000E+00  0.00000E+00
    3.7737E+01 -8.74596E+01 -4.42487E+01  0.00000E+00  0.00000E+00
    3.7841E+01 -8.74596E+01 -4.42487E+01  0.00000E+00  0.00000E+00
    3.7946E+01 -8.99688E+01 -4.67579E+01  0.00000E+00  0.00000E+00
    3.8051E+01 -9.19275E+01 -4.80532E+01  0.00000E+00  0.00000E+00
    3.8156E+01 -9.19275E+01 -4.80532E+01  0.00000E+00  0.00000E+00
    3.8261E+01 -9.27223E+01 -4.88481E+01  0.00000E+00  0.00000E+00
    3.8365E+01 -9.27223E+01 -4.88481E+01  0.00000E+00  0.00000E+00
    3.8470E+01 -9.27223E+01 -4.88481E+01  0.00000E+00  0.00000E+00
    3.8575E+01 -9.27223E+01 -4.88481E+01  0.00000E+00  0.00000E+00
    3.8680E+01 -9.27223E+01 -4.88481E+01  0.00000E+00  0.00000E+00
    3.8785E+01 -9.27223E+01 -4.88481E+01  0.00000E+00  0.00000E+00
    3.8890E+01 -9.51137E+01 -5.00437E+01  0.00000E+00  0.00000E+00
    3.8994E+01 -9.51137E+01 -5.00437E+01  0.00000E+00  0.00000E+00
    3.9099E+01 -9.51137E+01 -5.00437E+01  0.00000E+00  0.00000E+00
    3.9204E+01 -9.51137E+01 -5.00437E+01  0.00000E+00  0.00000E+00
    3.9309E+01 -9.87194E+01 -5.27481E+01  0.00000E+00  0.00000E+00
    3.9414E+01 -9.87194E+01 -5.27481E+01  0.00000E+00  0.00000E+00
    3.9519E+01 -9.87194E+01 -5.27481E+01  0.00000E+00  0.00000E+00
    3.9623E+01 -9.87194E+01 -5.27481E+01  0.00000E+00  0.00000E+00
    3.9728E+01 -1.00779E+02 -5.37779E+01  0.00000E+00  0.00000E+00
    3.9833E+01 -1.00779E+02 -5.37779E+01  0.00000E+00  0.00000E+00
    3.9938E+01 -1.00779E+02 -5.37779E+01  0.00000E+00  0.00000E+00
    4.0043E+01 -1.00779E+02 -5.37779E+01  0.00000E+00  0.00000E+00
    4.0147E+01 -1.00779E+02 -5.37779E+01  0.00000E+00  0.00000E+00
    4.0252E+01 -1.00779E+02 -5.37779E+01  0.00000E+00  0.00000E+00
    4.0357E+01 -1.00779E+02 -5.37779E+01  0.00000E+00  0.00000E+00
    4.0462E+01 -1.00779E+02 -5.37779E+01  0.00000E+00  0.00000E+00
    4.0567E+01 -1.00779E+02 -5.37779E+01  0.00000E+00  0.00000E+00
    4.0672E+01 -1.00779E+02 -5.37779E+01  0.00000E+00  0.00000E+00
    4.0776E+01 -1.00779E+02 -5.37779E+01  0.00000E+00  0.00000E+00
    4.0881E+01 -1.00779E+02 -5.37779E+01  0.00000E+00  0.00000E+00
    4.0986E+01 -1.00779E+02 -5.37779E+01  0.00000E+00  0.00000E+00
    4.1091E+01 -1.00779E+02 -5.37779E+01  0.00000E+00  0.00000E+00
    4.1196E+01 -1.00779E+02 -5.37779E+01  0.00000E+00  0.00000E+00
    4.1301E+01 -1.00779E+02 -5.37779E+01  0.00000E+00  0.00000E+00
    4.1405E+01 -1.00779E+02 -5.37779E+01  0.00000E+00  0.00000E+00
    4.1510E+01 -1.00779E+02 -5.37779E+01  0.00000E+00  0.00000E+00
    4.1615E+01 -1.02445E+02 -5.46108E+01  0.00000E+00  0.00000E+00
    4.1720E+01 -1.02445E+02 -5.46108E+01  0.00000E+00  0.00000E+00
    4.1825E+01 -1.02445E+02 -5.46108E+01  0.00000E+00  0.00000E+00
    4.1929E+01 -1.02445E+02 -5.46108E+01  0.00000E+00  0.00000E+00
    4.2034E+01 -1.06097E+02 -5.82629E+01  0.00000E+00  0.00000E+00
    4.2139E+01 -1.06097E+02 -5.82629E+01  0.00000E+00  0.00000E+00
    4.2244E+01 -1.06097E+02 -5.82629E+01  0.00000E+00  0.00000E+00
    4.2349E+01 -1.06097E+02 -5.82629E+01  0.00000E+00  0.00000E+00
    4.2454E+01 -1.06097E+02 -5.82629E+01  0.00000E+00  0.00000E+00
    4.2558E+01 -1.06097E+02 -5.82629E+01  0.00000E+00  0.00000E+00
    4.2663E+01 -1.06097E+02 -5.82629E+01  0.00000E+00  0.00000E+00
    4.2768E+01 -1.09110E+02 -6.05227E+01  0.00000E+00  0.00000E+00
    4.2873E+01 -1.10996E+02 -6.19374E+01  0.00000E+00  0.00000E+00
    4.2978E+01 -1.10996E+02 -6.19374E+01  0.00000E+00  0.00000E+00
    4.3083E+01 -1.10996E+02 -6.19374E+01  0.00000E+00  0.00000E+00
    4.3187E+01 -1.10996E+02 -6.19374E+01  0.00000E+00  0.00000E+00
    4.3292E+01 -1.10996E+02 -6.19374E+01  0.00000E+00  0.00000E+00
    4.3397E+01 -1.10996E+02 -6.19374E+01  0.00000E+00  0.00000E+00
    4.3502E+01 -1.10996E+02 -6.19374E+01  0.00000E+00  0.00000E+00
    4.3607E+01 -1.10996E+02 -6.19374E+01  0.00000E+00  0.00000E+00
    4.3711E+01 -1.10996E+02 -6.19374E+01  0.00000E+00  0.00000E+00
    4.3816E+01 -1.14253E+02 -6.35659E+01  0.00000E+00  0.00000E+00
    4.3921E+01 -1.14253E+02 -6.35659E+01  0.00000E+00  0.00000E+00
    4.4026E+01 -1.14253E+02 -6.35659E+01  0.00000E+00  0.00000E+00
    4.4131E+01 -1.14253E+02 -6.35659E+01  0.00000E+00  0.00000E+00
    4.4236E+01 -1.14253E+02 -6.35659E+01  0.00000E+00  0.00000E+00
    4.4340E+01 -1.14253E+02 -6.35659E+01  0.00000E+00  0.00000E+00
    4.4445E+01 -1.14253E+02 -6.35659E+01  0.00000E+00  0.00000E+00
    4.4550E+01 -1.14253E+02 -6.35659E+01  0.00000E+00  0.00000E+00
    4.4655E+01 -1.14253E+02 -6.35659E+01  0.00000E+00  0.00000E+00
    4.4760E+01 -1.14253E+02 -6.35659E+01  0.00000E+00  0.00000E+00
    4.4865E+01 -1.14253E+02 -6.35659E+01  0.00000E+00  0.00000E+00
    4.4969E+01 -1.14253E+02 -6.35659E+01  0.00000E+00  0.00000E+00
    4.5074E+01 -1.14253E+02 -6.35659E+01  0.00000E+00  0.00000E+00
    4.5179E+01 -1.14253E+02 -6.35659E+01  0.00000E+00  0.00000E+00
    4.5284E+01 -1.14253E+02 -6.35659E+01  0.00000E+00  0.00000E+00
    4.5389E+01 -1.14253E+02 -6.35659E+01  0.00000E+00  0.00000E+00
    4.5493E+01 -1.14253E+02 -6.35659E+01  0.00000E+00  0.00000E+00
    4.5598E+01 -1.18669E+02 -6.68779E+01  0.00000E+00  0.00000E+00
    4.5703E+01 -1.26249E+02 -7.30663E+01  0.00000E+00  0.00000E+00
    4.5808E+01 -1.26249E+02 -7.30663E+01  0.00000E+00  0.00000E+00
    4.5913E+01 -1.26249E+02 -7.30663E+01  0.00000E+00  0.00000E+00
    4.6018E+01 -1.27326E+02 -7.41433E+01  0.00000E+00  0.00000E+00
    4.6122E+01 -1.36875E+02 -8.36923E+01  0.00000E+00  0.00000E+00
    4.6227E+01 -1.36875E+02 -8.36923E+01  0.00000E+00  0.00000E+00
    4.6332E+01 -1.41210E+02 -8.80275E+01  0.00000E+00  0.00000E+00
    4.6437E+01 -1.41210E+02 -8.80275E+01  0.00000E+00  0.00000E+00
    4.6542E+01 -1.41210E+02 -8.80275E+01  0.00000E+00  0.00000E+00
    4.6647E+01 -1.47656E+02 -9.44730E+01  0.00000E+00  0.00000E+00
    4.6751E+01 -1.47656E+02 -9.44730E+01  0.00000E+00  0.00000E+00
    4.6856E+01 -1.47656E+02 -9.44730E+01  0.00000E+00  0.00000E+00
    4.6961E+01 -1.47656E+02 -9.44730E+01  0.00000E+00  0.00000E+00
    4.7066E+01 -1.47656E+02 -9.44730E+01  0.00000E+00  0.00000E+00
    4.7171E+01 -1.47656E+02 -9.44730E+01  0.00000E+00  0.00000E+00
    4.7276E+01 -1.47656E+02 -9.44730E+01  0.00000E+00  0.00000E+00
    4.7380E+01 -1.47656E+02 -9.44730E+01  0.00000E+00  0.00000E+00
    4.7485E+01 -1.47656E+02 -9.44730E+01  0.00000E+00  0.00000E+00
    4.7590E+01 -1.47656E+02 -9.44730E+01  0.00000E+00  0.00000E+00
    4.7695E+01 -1.52580E+02 -9.93976E+01  0.00000E+00  0.00000E+00
    4.7800E+01 -1.52580E+02 -9.93976E+01  0.00000E+00  0.00000E+00
    4.7904E+01 -1.52580E+02 -9.93976E+01  0.00000E+00  0.00000E+00
    4.8009E+01 -1.55605E+02 -1.02422E+02  0.00000E+00  0.00000E+00
    4.8114E+01 -1.55605E+02 -1.02422E+02  0.00000E+00  0.00000E+00
    4.8219E+01 -1.55605E+02 -1.02422E+02  0.00000E+00  0.00000E+00
    4.8324E+01 -1.55605E+02 -1.02422E+02  0.00000E+00  0.00000E+00
    4.8429E+01 -1.55605E+02 -1.02422E+02  0.00000E+00  0.00000E+00
    4.8533E+01 -1.55605E+02 -1.02422E+02  0.00000E+00  0.00000E+00
    4.8638E+01 -1.55605E+02 -1.02422E+02  0.00000E+00  0.00000E+00
    4.8743E+01 -1.58876E+02 -1.04875E+02  0.00000E+00  0.00000E+00
    4.8848E+01 -1.58876E+02 -1.04875E+02  0.00000E+00  0.00000E+00
    4.8953E+01 -1.58876E+02 -1.04875E+02  0.00000E+00  0.00000E+00
    4.9058E+01 -1.58876E+02 -1.04875E+02  0.00000E+00  0.00000E+00
    4.9162E+01 -1.65159E+02 -1.11159E+02  0.00000E+00  0.00000E+00
    4.9267E+01 -1.65159E+02 -1.11159E+02  0.00000E+00  0.00000E+00
    4.9372E+01 -1.65159E+02 -1.11159E+02  0.00000E+00  0.00000E+00
    4.9477E+01 -1.68252E+02 -1.14252E+02  0.00000E+00  0.00000E+00
    4.9582E+01 -1.68252E+02 -1.14252E+02  0.00000E+00  0.00000E+00
    4.9686E+01 -1.68252E+02 -1.14252E+02  0.00000E+00  0.00000E+00
    4.9791E+01 -1.68252E+02 -1.14252E+02  0.00000E+00  0.00000E+00
    4.9896E+01 -1.68252E+02 -1.14252E+02  0.00000E+00  0.00000E+00
    5.0001E+01 -1.68252E+02 -1.14252E+02  0.00000E+00  0.00000E+00
    5.0106E+01 -1.68252E+02 -1.14252E+02  0.00000E+00  0.00000E+00
    5.0211E+01 -1.68252E+02 -1.14252E+02  0.00000E+00  0.00000E+00
    5.0315E+01 -1.68252E+02 -1.14252E+02  0.00000E+00  0.00000E+00
    5.0420E+01 -1.68252E+02 -1.14252E+02  0.00000E+00  0.00000E+00
    5.0525E+01 -1.71116E+02 -1.14968E+02  0.00000E+00  0.00000E+00
    5.0630E+01 -1.71116E+02 -1.14968E+02  0.00000E+00  0.00000E+00
    5.0735E+01 -1.75506E+02 -1.19358E+02  0.00000E+00  0.00000E+00
    5.0840E+01 -1.75506E+02 -1.19358E+02  0.00000E+00  0.00000E+00
    5.0944E+01 -1.75506E+02 -1.19358E+02  0.00000E+00  0.00000E+00
    5.1049E+01 -1.75506E+02 -1.19358E+02  0.00000E+00  0.00000E+00
    5.1154E+01 -1.75506E+02 -1.19358E+02  0.00000E+00  0.00000E+00
    5.1259E+01 -1.75506E+02 -1.19358E+02  0.00000E+00  0.00000E+00
    5.1364E+01 -1.75506E+02 -1.19358E+02  0.00000E+00  0.00000E+00
    5.1468E+01 -1.75506E+02 -1.19358E+02  0.00000E+00  0.00000E+00
    5.1573E+01 -1.75506E+02 -1.19358E+02  0.00000E+00  0.00000E+00
    5.1678E+01 -1.75506E+02 -1.19358E+02  0.00000E+00  0.00000E+00
    5.1783E+01 -1.75506E+02 -1.19358E+02  0.00000E+00  0.00000E+00
    5.1888E+01 -1.75506E+02 -1.19358E+02  0.00000E+00  0.00000E+00
    5.1993E+01 -1.75506E+02 -1.19358E+02  0.00000E+00  0.00000E+00
    5.2097E+01 -1.75506E+02 -1.19358E+02  0.00000E+00  0.00000E+00
    5.2202E+01 -1.75506E+02 -1.19358E+02  0.00000E+00  0.00000E+00
    5.2307E+01 -1.75506E+02 -1.19358E+02  0.00000E+00  0.00000E+00
    5.2412E+01 -1.75506E+02 -1.19358E+02  0.00000E+00  0.00000E+00
    5.2517E+01 -1.75506E+02 -1.19358E+02  0.00000E+00  0.00000E+00
    5.2622E+01 -1.75506E+02 -1.19358E+02  0.00000E+00  0.00000E+00
    5.2726E+01 -1.75506E+02 -1.19358E+02  0.00000E+00  0.00000E+00
    5.2831E+01 -1.75506E+02 -1.19358E+02  0.00000E+00  0.00000E+00
    5.2936E+01 -1.75506E+02 -1.19358E+02  0.00000E+00  0.00000E+00
    5.3041E+01 -1.75506E+02 -1.19358E+02  0.00000E+00  0.00000E+00
    5.3146E+01 -1.75506E+02 -1.19358E+02  0.00000E+00  0.00000E+00
    5.3250E+01 -1.75506E+02 -1.19358E+02  0.00000E+00  0.00000E+00
    5.3355E+01 -1.75506E+02 -1.19358E+02  0.00000E+00  0.00000E+00
    5.3460E+01 -1.75506E+02 -1.19358E+02  0.00000E+00  0.00000E+00
    5.3565E+01 -1.75506E+02 -1.19358E+02  0.00000E+00  0.00000E+00
    5.3670E+01 -1.75506E+02 -1.19358E+02  0.00000E+00  0.00000E+00
    5.3775E+01 -1.75506E+02 -1.19358E+02  0.00000E+00  0.00000E+00
    5.3879E+01 -1.78922E+02 -1.21066E+02  0.00000E+00  0.00000E+00
    5.3984E+01 -1.78922E+02 -1.21066E+02  0.00000E+00  0.00000E+00
    5.4089E+01 -1.84271E+02 -1.26415E+02  0.00000E+00  0.00000E+00
    5.4194E+01 -1.84271E+02 -1.26415E+02  0.00000E+00  0.00000E+00
    5.4299E+01 -1.84271E+02 -1.26415E+02  0.00000E+00  0.00000E+00
    5.4404E+01 -1.84271E+02 -1.26415E+02  0.00000E+00  0.00000E+00
    5.4508E+01 -1.84271E+02 -1.26415E+02  0.00000E+00  0.00000E+00
    5.4613E+01 -1.84271E+02 -1.26415E+02  0.00000E+00  0.00000E+00
    5.4718E+01 -1.84271E+02 -1.26415E+02  0.00000E+00  0.00000E+00
    5.4823E+01 -1.84271E+02 -1.26415E+02  0.00000E+00  0.00000E+00
    5.4928E+01 -1.84271E+02 -1.26415E+02  0.00000E+00  0.00000E+00
    5.5032E+01 -1.84271E+02 -1.26415E+02  0.00000E+00  0.00000E+00
    5.5137E+01 -1.84271E+02 -1.26415E+02  0.00000E+00  0.00000E+00
    5.5242E+01 -1.84271E+02 -1.26415E+02  0.00000E+00  0.00000E+00
    5.5347E+01 -1.91655E+02 -1.31953E+02  0.00000E+00  0.00000E+00
    5.5452E+01 -1.91655E+02 -1.31953E+02  0.00000E+00  0.00000E+00
    5.5557E+01 -1.95300E+02 -1.34686E+02  0.00000E+00  0.00000E+00
    5.5661E+01 -1.95300E+02 -1.34686E+02  0.00000E+00  0.00000E+00
    5.5766E+01 -2.02969E+02 -1.42356E+02  0.00000E+00  0.00000E+00
    5.5871E+01 -2.10088E+02 -1.49475E+02  0.00000E+00  0.00000E+00
    5.5976E+01 -2.10088E+02 -1.49475E+02  0.00000E+00  0.00000E+00
    5.6081E+01 -2.10088E+02 -1.49475E+02  0.00000E+00  0.00000E+00
    5.6186E+01 -2.10088E+02 -1.49475E+02  0.00000E+00  0.00000E+00
    5.6290E+01 -2.10088E+02 -1.49475E+02  0.00000E+00  0.00000E+00
    5.6395E+01 -2.10088E+02 -1.49475E+02  0.00000E+00  0.00000E+00
    5.6500E+01 -2.10088E+02 -1.49475E+02  0.00000E+00  0.00000E+00
    5.6605E+01 -2.19784E+02 -1.59171E+02  0.00000E+00  0.00000E+00
    5.6710E+01 -2.19784E+02 -1.59171E+02  0.00000E+00  0.00000E+00
    5.6814E+01 -2.19784E+02 -1.59171E+02  0.00000E+00  0.00000E+00
    5.6919E+01 -2.19784E+02 -1.59171E+02  0.00000E+00  0.00000E+00
    5.7024E+01 -2.19784E+02 -1.59171E+02  0.00000E+00  0.00000E+00
    5.7129E+01 -2.19784E+02 -1.59171E+02  0.00000E+00  0.00000E+00
    5.7234E+01 -2.19784E+02 -1.59171E+02  0.00000E+00  0.00000E+00
    5.7339E+01 -2.19784E+02 -1.59171E+02  0.00000E+00  0.00000E+00
    5.7443E+01 -2.19784E+02 -1.59171E+02  0.00000E+00  0.00000E+00
    5.7548E+01 -2.19784E+02 -1.59171E+02  0.00000E+00  0.00000E+00
    5.7653E+01 -2.19784E+02 -1.59171E+02  0.00000E+00  0.00000E+00
    5.7758E+01 -2.19784E+02 -1.59171E+02  0.00000E+00  0.00000E+00
    5.7863E+01 -2.19784E+02 -1.59171E+02  0.00000E+00  0.00000E+00
    5.7968E+01 -2.19784E+02 -1.59171E+02  0.00000E+00  0.00000E+00
    5.8072E+01 -2.19784E+02 -1.59171E+02  0.00000E+00  0.00000E+00
    5.8177E+01 -2.19784E+02 -1.59171E+02  0.00000E+00  0.00000E+00
    5.8282E+01 -2.19784E+02 -1.59171E+02  0.00000E+00  0.00000E+00
    5.8387E+01 -2.19784E+02 -1.59171E+02  0.00000E+00  0.00000E+00
    5.8492E+01 -2.19784E+02 -1.59171E+02  0.00000E+00  0.00000E+00
    5.8596E+01 -2.19784E+02 -1.59171E+02  0.00000E+00  0.00000E+00
    5.8701E+01 -2.19784E+02 -1.59171E+02  0.00000E+00  0.00000E+00
    5.8806E+01 -2.27967E+02 -1.63262E+02  0.00000E+00  0.00000E+00
    5.8911E+01 -2.27967E+02 -1.63262E+02  0.00000E+00  0.00000E+00
    5.9016E+01 -2.27967E+02 -1.63262E+02  0.00000E+00  0.00000E+00
    5.9121E+01 -2.36293E+02 -1.71588E+02  0.00000E+00  0.00000E+00
    5.9225E+01 -2.36293E+02 -1.71588E+02  0.00000E+00  0.00000E+00
    5.9330E+01 -2.36293E+02 -1.71588E+02  0.00000E+00  0.00000E+00
    5.9435E+01 -2.36293E+02 -1.71588E+02  0.00000E+00  0.00000E+00
    5.9540E+01 -2.36293E+02 -1.71588E+02  0.00000E+00  0.00000E+00
    5.9645E+01 -2.36293E+02 -1.71588E+02  0.00000E+00  0.00000E+00
    5.9750E+01 -2.36293E+02 -1.71588E+02  0.00000E+00  0.00000E+00
    5.9854E+01 -2.36293E+02 -1.71588E+02  0.00000E+00  0.00000E+00
    5.9959E+01 -2.36293E+02 -1.71588E+02  0.00000E+00  0.00000E+00
    6.0064E+01 -2.36293E+02 -1.71588E+02  0.00000E+00  0.00000E+00
    6.0169E+01 -2.36293E+02 -1.71588E+02  0.00000E+00  0.00000E+00
    6.0274E+01 -2.36293E+02 -1.71588E+02  0.00000E+00  0.00000E+00
    6.0378E+01 -2.42545E+02 -1.77841E+02  0.00000E+00  0.00000E+00
    6.0483E+01 -2.42545E+02 -1.77841E+02  0.00000E+00  0.00000E+00
    6.0588E+01 -2.42545E+02 -1.77841E+02  0.00000E+00  0.00000E+00
    6.0693E+01 -2.42545E+02 -1.77841E+02  0.00000E+00  0.00000E+00
    6.0798E+01 -2.47535E+02 -1.82831E+02  0.00000E+00  0.00000E+00
    6.0903E+01 -2.47535E+02 -1.82831E+02  0.00000E+00  0.00000E+00
    6.1007E+01 -2.57088E+02 -1.92384E+02  0.00000E+00  0.00000E+00
    6.1112E+01 -2.57088E+02 -1.92384E+02  0.00000E+00  0.00000E+00
    6.1217E+01 -2.57088E+02 -1.92384E+02  0.00000E+00  0.00000E+00
    6.1322E+01 -2.57088E+02 -1.92384E+02  0.00000E+00  0.00000E+00
    6.1427E+01 -2.57088E+02 -1.92384E+02  0.00000E+00  0.00000E+00
    6.1532E+01 -2.57088E+02 -1.92384E+02  0.00000E+00  0.00000E+00
    6.1636E+01 -2.57088E+02 -1.92384E+02  0.00000E+00  0.00000E+00
    6.1741E+01 -2.57088E+02 -1.92384E+02  0.00000E+00  0.00000E+00
    6.1846E+01 -2.57088E+02 -1.92384E+02  0.00000E+00  0.00000E+00
    6.1951E+01 -2.57088E+02 -1.92384E+02  0.00000E+00  0.00000E+00
    6.2056E+01 -2.57088E+02 -1.92384E+02  0.00000E+00  0.00000E+00
    6.2160E+01 -2.57088E+02 -1.92384E+02  0.00000E+00  0.00000E+00
    6.2265E+01 -2.57088E+02 -1.92384E+02  0.00000E+00  0.00000E+00
    6.2370E+01 -2.57088E+02 -1.92384E+02  0.00000E+00  0.00000E+00
    6.2475E+01 -2.57088E+02 -1.92384E+02  0.00000E+00  0.00000E+00
    6.2580E+01 -2.57088E+02 -1.92384E+02  0.00000E+00  0.00000E+00
    6.2685E+01 -2.57088E+02 -1.92384E+02  0.00000E+00  0.00000E+00
    6.2789E+01 -2.57088E+02 -1.92384E+02  0.00000E+00  0.00000E+00
    6.2894E+01 -2.57088E+02 -1.92384E+02  0.00000E+00  0.00000E+00
    6.2999E+01 -2.57088E+02 -1.92384E+02  0.00000E+00  0.00000E+00
    6.3104E+01 -2.57088E+02 -1.92384E+02  0.00000E+00  0.00000E+00
    6.3209E+01 -2.57088E+02 -1.92384E+02  0.00000E+00  0.00000E+00
    6.3314E+01 -2.57088E+02 -1.92384E+02  0.00000E+00  0.00000E+00
    6.3418E+01 -2.57088E+02 -1.92384E+02  0.00000E+00  0.00000E+00
    6.3523E+01 -2.57088E+02 -1.92384E+02  0.00000E+00  0.00000E+00
    6.3628E+01 -2.57088E+02 -1.92384E+02  0.00000E+00  0.00000E+00
    6.3733E+01 -2.57088E+02 -1.92384E+02  0.00000E+00  0.00000E+00
    6.3838E+01 -2.57088E+02 -1.92384E+02  0.00000E+00  0.00000E+00
    6.3942E+01 -2.57088E+02 -1.92384E+02  0.00000E+00  0.00000E+00
    6.4047E+01 -2.57088E+02 -1.92384E+02  0.00000E+00  0.00000E+00
    6.4152E+01 -2.57088E+02 -1.92384E+02  0.00000E+00  0.00000E+00
    6.4257E+01 -2.57088E+02 -1.92384E+02  0.00000E+00  0.00000E+00
    6.4362E+01 -2.57088E+02 -1.92384E+02  0.00000E+00  0.00000E+00
    6.4467E+01 -2.57088E+02 -1.92384E+02  0.00000E+00  0.00000E+00
    6.4571E+01 -2.57088E+02 -1.92384E+02  0.00000E+00  0.00000E+00
    6.4676E+01 -2.63083E+02 -1.96880E+02  0.00000E+00  0.00000E+00
    6.4781E+01 -2.68726E+02 -2.02523E+02  0.00000E+00  0.00000E+00
    6.4886E+01 -2.68726E+02 -2.02523E+02  0.00000E+00  0.00000E+00
    6.4991E+01 -2.68726E+02 -2.02523E+02  0.00000E+00  0.00000E+00
    6.5096E+01 -2.68726E+02 -2.02523E+02  0.00000E+00  0.00000E+00
    6.5200E+01 -2.68726E+02 -2.02523E+02  0.00000E+00  0.00000E+00
    6.5305E+01 -2.79770E+02 -2.13567E+02  0.00000E+00  0.00000E+00
    6.5410E+01 -2.79770E+02 -2.13567E+02  0.00000E+00  0.00000E+00
    6.5515E+01 -2.99397E+02 -2.33194E+02  0.00000E+00  0.00000E+00
    6.5620E+01 -2.99397E+02 -2.33194E+02  0.00000E+00  0.00000E+00
    6.5724E+01 -2.99397E+02 -2.33194E+02  0.00000E+00  0.00000E+00
    6.5829E+01 -3.09958E+02 -2.43755E+02  0.00000E+00  0.00000E+00
    6.5934E+01 -3.09958E+02 -2.43755E+02  0.00000E+00  0.00000E+00
    6.6039E+01 -3.09958E+02 -2.43755E+02  0.00000E+00  0.00000E+00
    6.6144E+01 -3.09958E+02 -2.43755E+02  0.00000E+00  0.00000E+00
    6.6249E+01 -3.15588E+02 -2.49384E+02  0.00000E+00  0.00000E+00
    6.6353E+01 -3.15588E+02 -2.49384E+02  0.00000E+00  0.00000E+00
    6.6458E+01 -3.15588E+02 -2.49384E+02  0.00000E+00  0.00000E+00
    6.6563E+01 -3.15588E+02 -2.49384E+02  0.00000E+00  0.00000E+00
    6.6668E+01 -3.15588E+02 -2.49384E+02  0.00000E+00  0.00000E+00
    6.6773E+01 -3.15588E+02 -2.49384E+02  0.00000E+00  0.00000E+00
    6.6878E+01 -3.15588E+02 -2.49384E+02  0.00000E+00  0.00000E+00
    6.6982E+01 -3.15588E+02 -2.49384E+02  0.00000E+00  0.00000E+00
    6.7087E+01 -3.15588E+02 -2.49384E+02  0.00000E+00  0.00000E+00
    6.7192E+01 -3.15588E+02 -2.49384E+02  0.00000E+00  0.00000E+00
    6.7297E+01 -3.15588E+02 -2.49384E+02  0.00000E+00  0.00000E+00
    6.7402E+01 -3.15588E+02 -2.49384E+02  0.00000E+00  0.00000E+00
    6.7506E+01 -3.15588E+02 -2.49384E+02  0.00000E+00  0.00000E+00
    6.7611E+01 -3.42039E+02 -2.75835E+02  0.00000E+00  0.00000E+00
    6.7716E+01 -3.48455E+02 -2.82252E+02  0.00000E+00  0.00000E+00
    6.7821E+01 -3.48455E+02 -2.82252E+02  0.00000E+00  0.00000E+00
    6.7926E+01 -3.48455E+02 -2.82252E+02  0.00000E+00  0.00000E+00
    6.8031E+01 -3.48455E+02 -2.82252E+02  0.00000E+00  0.00000E+00
    6.8135E+01 -3.48455E+02 -2.82252E+02  0.00000E+00  0.00000E+00
    6.8240E+01 -3.48455E+02 -2.82252E+02  0.00000E+00  0.00000E+00
    6.8345E+01 -3.48455E+02 -2.82252E+02  0.00000E+00  0.00000E+00
    6.8450E+01 -3.48455E+02 -2.82252E+02  0.00000E+00  0.00000E+00
    6.8555E+01 -3.48455E+02 -2.82252E+02  0.00000E+00  0.00000E+00
    6.8660E+01 -3.48455E+02 -2.82252E+02  0.00000E+00  0.00000E+00
    6.8764E+01 -3.48455E+02 -2.82252E+02  0.00000E+00  0.00000E+00
    6.8869E+01 -3.48455E+02 -2.82252E+02  0.00000E+00  0.00000E+00
    6.8974E+01 -3.48455E+02 -2.82252E+02  0.00000E+00  0.00000E+00
    6.9079E+01 -3.48455E+02 -2.82252E+02  0.00000E+00  0.00000E+00
    6.9184E+01 -3.48455E+02 -2.82252E+02  0.00000E+00  0.00000E+00
    6.9288E+01 -3.48455E+02 -2.82252E+02  0.00000E+00  0.00000E+00
    6.9393E+01 -3.48455E+02 -2.82252E+02  0.00000E+00  0.00000E+00
    6.9498E+01 -3.48455E+02 -2.82252E+02  0.00000E+00  0.00000E+00
    6.9603E+01 -3.48455E+02 -2.82252E+02  0.00000E+00  0.00000E+00
    6.9708E+01 -3.48455E+02 -2.82252E+02  0.00000E+00  0.00000E+00
    6.9813E+01 -3.55147E+02 -2.88943E+02  0.00000E+00  0.00000E+00
    6.9917E+01 -3.55147E+02 -2.88943E+02  0.00000E+00  0.00000E+00
    7.0022E+01 -3.55147E+02 -2.88943E+02  0.00000E+00  0.00000E+00
    7.0127E+01 -3.55147E+02 -2.88943E+02  0.00000E+00  0.00000E+00
    7.0232E+01 -3.55147E+02 -2.88943E+02  0.00000E+00  0.00000E+00
    7.0337E+01 -3.55147E+02 -2.88943E+02  0.00000E+00  0.00000E+00
    7.0442E+01 -3.55147E+02 -2.88943E+02  0.00000E+00  0.00000E+00
    7.0546E+01 -3.61342E+02 -2.95139E+02  0.00000E+00  0.00000E+00
    7.0651E+01 -3.61342E+02 -2.95139E+02  0.00000E+00  0.00000E+00
    7.0756E+01 -3.61342E+02 -2.95139E+02  0.00000E+00  0.00000E+00
    7.0861E+01 -3.61342E+02 -2.95139E+02  0.00000E+00  0.00000E+00
    7.0966E+01 -3.61342E+02 -2.95139E+02  0.00000E+00  0.00000E+00
    7.1070E+01 -3.61342E+02 -2.95139E+02  0.00000E+00  0.00000E+00
    7.1175E+01 -3.61342E+02 -2.95139E+02  0.00000E+00  0.00000E+00
    7.1280E+01 -3.61342E+02 -2.95139E+02  0.00000E+00  0.00000E+00
    7.1385E+01 -3.61342E+02 -2.95139E+02  0.00000E+00  0.00000E+00
    7.1490E+01 -3.61342E+02 -2.95139E+02  0.00000E+00  0.00000E+00
    7.1595E+01 -3.61342E+02 -2.95139E+02  0.00000E+00  0.00000E+00
    7.1699E+01 -3.61342E+02 -2.95139E+02  0.00000E+00  0.00000E+00
    7.1804E+01 -3.61342E+02 -2.95139E+02  0.00000E+00  0.00000E+00
    7.1909E+01 -3.70835E+02 -3.04632E+02  0.00000E+00  0.00000E+00
    7.2014E+01 -3.70835E+02 -3.04632E+02  0.00000E+00  0.00000E+00
    7.2119E+01 -3.70835E+02 -3.04632E+02  0.00000E+00  0.00000E+00
    7.2224E+01 -3.70835E+02 -3.04632E+02  0.00000E+00  0.00000E+00
    7.2328E+01 -3.70835E+02 -3.04632E+02  0.00000E+00  0.00000E+00
    7.2433E+01 -3.70835E+02 -3.04632E+02  0.00000E+00  0.00000E+00
    7.2538E+01 -3.86134E+02 -3.19931E+02  0.00000E+00  0.00000E+00
    7.2643E+01 -3.86134E+02 -3.19931E+02  0.00000E+00  0.00000E+00
    7.2748E+01 -3.86134E+02 -3.19931E+02  0.00000E+00  0.00000E+00
    7.2852E+01 -3.86134E+02 -3.19931E+02  0.00000E+00  0.00000E+00
    7.2957E+01 -3.86134E+02 -3.19931E+02  0.00000E+00  0.00000E+00
    7.3062E+01 -3.86134E+02 -3.19931E+02  0.00000E+00  0.00000E+00
    7.3167E+01 -3.86134E+02 -3.19931E+02  0.00000E+00  0.00000E+00
    7.3272E+01 -3.86134E+02 -3.19931E+02  0.00000E+00  0.00000E+00
    7.3377E+01 -3.86134E+02 -3.19931E+02  0.00000E+00  0.00000E+00
    7.3481E+01 -3.86134E+02 -3.19931E+02  0.00000E+00  0.00000E+00
    7.3586E+01 -3.86134E+02 -3.19931E+02  0.00000E+00  0.00000E+00
    7.3691E+01 -3.86134E+02 -3.19931E+02  0.00000E+00  0.00000E+00
    7.3796E+01 -3.86134E+02 -3.19931E+02  0.00000E+00  0.00000E+00
    7.3901E+01 -3.86134E+02 -3.19931E+02  0.00000E+00  0.00000E+00
    7.4006E+01 -3.86134E+02 -3.19931E+02  0.00000E+00  0.00000E+00
    7.4110E+01 -3.86134E+02 -3.19931E+02  0.00000E+00  0.00000E+00
    7.4215E+01 -3.86134E+02 -3.19931E+02  0.00000E+00  0.00000E+00
    7.4320E+01 -3.86134E+02 -3.19931E+02  0.00000E+00  0.00000E+00
    7.4425E+01 -3.94016E+02 -3.27813E+02  0.00000E+00  0.00000E+00
    7.4530E+01 -3.94016E+02 -3.27813E+02  0.00000E+00  0.00000E+00
    7.4634E+01 -4.15617E+02 -3.49414E+02  0.00000E+00  0.00000E+00
    7.4739E+01 -4.15617E+02 -3.49414E+02  0.00000E+00  0.00000E+00
    7.4844E+01 -4.15617E+02 -3.49414E+02  0.00000E+00  0.00000E+00
    7.4949E+01 -4.15617E+02 -3.49414E+02  0.00000E+00  0.00000E+00
    7.5054E+01 -4.15617E+02 -3.49414E+02  0.00000E+00  0.00000E+00
    7.5159E+01 -4.15617E+02 -3.49414E+02  0.00000E+00  0.00000E+00
    7.5263E+01 -4.15617E+02 -3.49414E+02  0.00000E+00  0.00000E+00
    7.5368E+01 -4.15617E+02 -3.49414E+02  0.00000E+00  0.00000E+00
    7.5473E+01 -4.36692E+02 -3.70489E+02  0.00000E+00  0.00000E+00
    7.5578E+01 -4.36692E+02 -3.70489E+02  0.00000E+00  0.00000E+00
    7.5683E+01 -4.36692E+02 -3.70489E+02  0.00000E+00  0.00000E+00
    7.5788E+01 -4.36692E+02 -3.70489E+02  0.00000E+00  0.00000E+00
    7.5892E+01 -4.36692E+02 -3.70489E+02  0.00000E+00  0.00000E+00
    7.5997E+01 -4.36692E+02 -3.70489E+02  0.00000E+00  0.00000E+00
    7.6102E+01 -4.36692E+02 -3.70489E+02  0.00000E+00  0.00000E+00
    7.6207E+01 -4.36692E+02 -3.70489E+02  0.00000E+00  0.00000E+00
    7.6312E+01 -4.36692E+02 -3.70489E+02  0.00000E+00  0.00000E+00
    7.6416E+01 -4.36692E+02 -3.70489E+02  0.00000E+00  0.00000E+00
    7.6521E+01 -4.36692E+02 -3.70489E+02  0.00000E+00  0.00000E+00
    7.6626E+01 -4.36692E+02 -3.70489E+02  0.00000E+00  0.00000E+00
    7.6731E+01 -4.36692E+02 -3.70489E+02  0.00000E+00  0.00000E+00
    7.6836E+01 -4.36692E+02 -3.70489E+02  0.00000E+00  0.00000E+00
    7.6941E+01 -4.36692E+02 -3.70489E+02  0.00000E+00  0.00000E+00
    7.7045E+01 -4.36692E+02 -3.70489E+02  0.00000E+00  0.00000E+00
    7.7150E+01 -4.36692E+02 -3.70489E+02  0.00000E+00  0.00000E+00
    7.7255E+01 -4.49318E+02 -3.83115E+02  0.00000E+00  0.00000E+00
    7.7360E+01 -4.49318E+02 -3.83115E+02  0.00000E+00  0.00000E+00
    7.7465E+01 -4.49318E+02 -3.83115E+02  0.00000E+00  0.00000E+00
    7.7570E+01 -4.49318E+02 -3.83115E+02  0.00000E+00  0.00000E+00
    7.7674E+01 -4.49318E+02 -3.83115E+02  0.00000E+00  0.00000E+00
    7.7779E+01 -4.70641E+02 -4.04438E+02  0.00000E+00  0.00000E+00
    7.7884E+01 -4.70641E+02 -4.04438E+02  0.00000E+00  0.00000E+00
    7.7989E+01 -4.70641E+02 -4.04438E+02  0.00000E+00  0.00000E+00
    7.8094E+01 -4.70641E+02 -4.04438E+02  0.00000E+00  0.00000E+00
    7.8199E+01 -4.70641E+02 -4.04438E+02  0.00000E+00  0.00000E+00
    7.8303E+01 -4.70641E+02 -4.04438E+02  0.00000E+00  0.00000E+00
    7.8408E+01 -4.70641E+02 -4.04438E+02  0.00000E+00  0.00000E+00
    7.8513E+01 -4.79539E+02 -4.13336E+02  0.00000E+00  0.00000E+00
    7.8618E+01 -4.79539E+02 -4.13336E+02  0.00000E+00  0.00000E+00
    7.8723E+01 -4.93379E+02 -4.27176E+02  0.00000E+00  0.00000E+00
    7.8827E+01 -4.93379E+02 -4.27176E+02  0.00000E+00  0.00000E+00
    7.8932E+01 -4.93379E+02 -4.27176E+02  0.00000E+00  0.00000E+00
    7.9037E+01 -4.93379E+02 -4.27176E+02  0.00000E+00  0.00000E+00
    7.9142E+01 -4.93379E+02 -4.27176E+02  0.00000E+00  0.00000E+00
    7.9247E+01 -4.93379E+02 -4.27176E+02  0.00000E+00  0.00000E+00
    7.9352E+01 -4.93379E+02 -4.27176E+02  0.00000E+00  0.00000E+00
    7.9456E+01 -4.93379E+02 -4.27176E+02  0.00000E+00  0.00000E+00
    7.9561E+01 -4.93379E+02 -4.27176E+02  0.00000E+00  0.00000E+00
    7.9666E+01 -4.93379E+02 -4.27176E+02  0.00000E+00  0.00000E+00
    7.9771E+01 -4.93379E+02 -4.27176E+02  0.00000E+00  0.00000E+00
    7.9876E+01 -4.93379E+02 -4.27176E+02  0.00000E+00  0.00000E+00
    7.9981E+01 -4.93379E+02 -4.27176E+02  0.00000E+00  0.00000E+00
    8.0085E+01 -4.93379E+02 -4.27176E+02  0.00000E+00  0.00000E+00
    8.0190E+01 -4.93379E+02 -4.27176E+02  0.00000E+00  0.00000E+00
    8.0295E+01 -4.93379E+02 -4.27176E+02  0.00000E+00  0.00000E+00
    8.0400E+01 -4.93379E+02 -4.27176E+02  0.00000E+00  0.00000E+00
    8.0505E+01 -5.19581E+02 -4.53378E+02  0.00000E+00  0.00000E+00
    8.0609E+01 -5.19581E+02 -4.53378E+02  0.00000E+00  0.00000E+00
    8.0714E+01 -5.19581E+02 -4.53378E+02  0.00000E+00  0.00000E+00
    8.0819E+01 -5.19581E+02 -4.53378E+02  0.00000E+00  0.00000E+00
    8.0924E+01 -5.19581E+02 -4.53378E+02  0.00000E+00  0.00000E+00
    8.1029E+01 -5.19581E+02 -4.53378E+02  0.00000E+00  0.00000E+00
    8.1134E+01 -5.19581E+02 -4.53378E+02  0.00000E+00  0.00000E+00
    8.1238E+01 -5.19581E+02 -4.53378E+02  0.00000E+00  0.00000E+00
    8.1343E+01 -5.19581E+02 -4.53378E+02  0.00000E+00  0.00000E+00
    8.1448E+01 -5.19581E+02 -4.53378E+02  0.00000E+00  0.00000E+00
    8.1553E+01 -5.19581E+02 -4.53378E+02  0.00000E+00  0.00000E+00
    8.1658E+01 -5.19581E+02 -4.53378E+02  0.00000E+00  0.00000E+00
    8.1763E+01 -5.19581E+02 -4.53378E+02  0.00000E+00  0.00000E+00
    8.1867E+01 -5.19581E+02 -4.53378E+02  0.00000E+00  0.00000E+00
    8.1972E+01 -5.46005E+02 -4.79802E+02  0.00000E+00  0.00000E+00
    8.2077E+01 -5.46005E+02 -4.79802E+02  0.00000E+00  0.00000E+00
    8.2182E+01 -5.46005E+02 -4.79802E+02  0.00000E+00  0.00000E+00
    8.2287E+01 -5.60545E+02 -4.94341E+02  0.00000E+00  0.00000E+00
    8.2391E+01 -5.60545E+02 -4.94341E+02  0.00000E+00  0.00000E+00
    8.2496E+01 -5.60545E+02 -4.94341E+02  0.00000E+00  0.00000E+00
    8.2601E+01 -5.60545E+02 -4.94341E+02  0.00000E+00  0.00000E+00
    8.2706E+01 -5.60545E+02 -4.94341E+02  0.00000E+00  0.00000E+00
    8.2811E+01 -5.60545E+02 -4.94341E+02  0.00000E+00  0.00000E+00
    8.2916E+01 -5.60545E+02 -4.94341E+02  0.00000E+00  0.00000E+00
    8.3020E+01 -5.60545E+02 -4.94341E+02  0.00000E+00  0.00000E+00
    8.3125E+01 -5.60545E+02 -4.94341E+02  0.00000E+00  0.00000E+00
    8.3230E+01 -5.60545E+02 -4.94341E+02  0.00000E+00  0.00000E+00
    8.3335E+01 -5.60545E+02 -4.94341E+02  0.00000E+00  0.00000E+00
    8.3440E+01 -5.60545E+02 -4.94341E+02  0.00000E+00  0.00000E+00
    8.3545E+01 -5.60545E+02 -4.94341E+02  0.00000E+00  0.00000E+00
    8.3649E+01 -5.60545E+02 -4.94341E+02  0.00000E+00  0.00000E+00
    8.3754E+01 -5.60545E+02 -4.94341E+02  0.00000E+00  0.00000E+00
    8.3859E+01 -5.73946E+02 -5.07743E+02  0.00000E+00  0.00000E+00
    8.3964E+01 -5.73946E+02 -5.07743E+02  0.00000E+00  0.00000E+00
    8.4069E+01 -5.73946E+02 -5.07743E+02  0.00000E+00  0.00000E+00
    8.4173E+01 -5.73946E+02 -5.07743E+02  0.00000E+00  0.00000E+00
    8.4278E+01 -5.73946E+02 -5.07743E+02  0.00000E+00  0.00000E+00
    8.4383E+01 -5.73946E+02 -5.07743E+02  0.00000E+00  0.00000E+00
    8.4488E+01 -5.73946E+02 -5.07743E+02  0.00000E+00  0.00000E+00
    8.4593E+01 -5.73946E+02 -5.07743E+02  0.00000E+00  0.00000E+00
    8.4698E+01 -5.73946E+02 -5.07743E+02  0.00000E+00  0.00000E+00
    8.4802E+01 -5.73946E+02 -5.07743E+02  0.00000E+00  0.00000E+00
    8.4907E+01 -5.73946E+02 -5.07743E+02  0.00000E+00  0.00000E+00
    8.5012E+01 -5.73946E+02 -5.07743E+02  0.00000E+00  0.00000E+00
    8.5117E+01 -5.73946E+02 -5.07743E+02  0.00000E+00  0.00000E+00
    8.5222E+01 -5.73946E+02 -5.07743E+02  0.00000E+00  0.00000E+00
    8.5327E+01 -5.73946E+02 -5.07743E+02  0.00000E+00  0.00000E+00
    8.5431E+01 -5.73946E+02 -5.07743E+02  0.00000E+00  0.00000E+00
    8.5536E+01 -5.73946E+02 -5.07743E+02  0.00000E+00  0.00000E+00
    8.5641E+01 -5.73946E+02 -5.07743E+02  0.00000E+00  0.00000E+00
    8.5746E+01 -5.73946E+02 -5.07743E+02  0.00000E+00  0.00000E+00
    8.5851E+01 -5.73946E+02 -5.07743E+02  0.00000E+00  0.00000E+00
    8.5955E+01 -5.73946E+02 -5.07743E+02  0.00000E+00  0.00000E+00
    8.6060E+01 -5.73946E+02 -5.07743E+02  0.00000E+00  0.00000E+00
    8.6165E+01 -5.73946E+02 -5.07743E+02  0.00000E+00  0.00000E+00
    8.6270E+01 -5.73946E+02 -5.07743E+02  0.00000E+00  0.00000E+00
    8.6375E+01 -5.73946E+02 -5.07743E+02  0.00000E+00  0.00000E+00
    8.6480E+01 -5.73946E+02 -5.07743E+02  0.00000E+00  0.00000E+00
    8.6584E+01 -5.73946E+02 -5.07743E+02  0.00000E+00  0.00000E+00
    8.6689E+01 -5.73946E+02 -5.07743E+02  0.00000E+00  0.00000E+00
    8.6794E+01 -5.73946E+02 -5.07743E+02  0.00000E+00  0.00000E+00
    8.6899E+01 -5.73946E+02 -5.07743E+02  0.00000E+00  0.00000E+00
    8.7004E+01 -5.73946E+02 -5.07743E+02  0.00000E+00  0.00000E+00
    8.7109E+01 -5.73946E+02 -5.07743E+02  0.00000E+00  0.00000E+00
    8.7213E+01 -5.73946E+02 -5.07743E+02  0.00000E+00  0.00000E+00
    8.7318E+01 -5.73946E+02 -5.07743E+02  0.00000E+00  0.00000E+00
    8.7423E+01 -5.73946E+02 -5.07743E+02  0.00000E+00  0.00000E+00
    8.7528E+01 -5.73946E+02 -5.07743E+02  0.00000E+00  0.00000E+00
    8.7633E+01 -5.73946E+02 -5.07743E+02  0.00000E+00  0.00000E+00
    8.7737E+01 -5.73946E+02 -5.07743E+02  0.00000E+00  0.00000E+00
    8.7842E+01 -5.73946E+02 -5.07743E+02  0.00000E+00  0.00000E+00
    8.7947E+01 -5.73946E+02 -5.07743E+02  0.00000E+00  0.00000E+00
    8.8052E+01 -5.73946E+02 -5.07743E+02  0.00000E+00  0.00000E+00
    8.8157E+01 -5.90569E+02 -5.24365E+02  0.00000E+00  0.00000E+00
    8.8262E+01 -5.90569E+02 -5.24365E+02  0.00000E+00  0.00000E+00
    8.8366E+01 -5.90569E+02 -5.24365E+02  0.00000E+00  0.00000E+00
    8.8471E+01 -5.90569E+02 -5.24365E+02  0.00000E+00  0.00000E+00
    8.8576E+01 -6.07675E+02 -5.41472E+02  0.00000E+00  0.00000E+00
    8.8681E+01 -6.07675E+02 -5.41472E+02  0.00000E+00  0.00000E+00
    8.8786E+01 -6.07675E+02 -5.41472E+02  0.00000E+00  0.00000E+00
    8.8891E+01 -6.07675E+02 -5.41472E+02  0.00000E+00  0.00000E+00
    8.8995E+01 -6.07675E+02 -5.41472E+02  0.00000E+00  0.00000E+00
    8.9100E+01 -6.07675E+02 -5.41472E+02  0.00000E+00  0.00000E+00
    8.9205E+01 -6.07675E+02 -5.41472E+02  0.00000E+00  0.00000E+00
    8.9310E+01 -6.07675E+02 -5.41472E+02  0.00000E+00  0.00000E+00
    8.9415E+01 -6.07675E+02 -5.41472E+02  0.00000E+00  0.00000E+00
    8.9519E+01 -6.07675E+02 -5.41472E+02  0.00000E+00  0.00000E+00
    8.9624E+01 -6.07675E+02 -5.41472E+02  0.00000E+00  0.00000E+00
    8.9729E+01 -6.07675E+02 -5.41472E+02  0.00000E+00  0.00000E+00
    8.9834E+01 -6.07675E+02 -5.41472E+02  0.00000E+00  0.00000E+00
    8.9939E+01 -6.07675E+02 -5.41472E+02  0.00000E+00  0.00000E+00
    9.0044E+01 -6.07675E+02 -5.41472E+02  0.00000E+00  0.00000E+00
    9.0148E+01 -6.07675E+02 -5.41472E+02  0.00000E+00  0.00000E+00
    9.0253E+01 -6.07675E+02 -5.41472E+02  0.00000E+00  0.00000E+00
    9.0358E+01 -6.07675E+02 -5.41472E+02  0.00000E+00  0.00000E+00
    9.0463E+01 -6.07675E+02 -5.41472E+02  0.00000E+00  0.00000E+00
    9.0568E+01 -6.07675E+02 -5.41472E+02  0.00000E+00  0.00000E+00
    9.0673E+01 -6.07675E+02 -5.41472E+02  0.00000E+00  0.00000E+00
    9.0777E+01 -6.07675E+02 -5.41472E+02  0.00000E+00  0.00000E+00
    9.0882E+01 -6.07675E+02 -5.41472E+02  0.00000E+00  0.00000E+00
    9.0987E+01 -6.07675E+02 -5.41472E+02  0.00000E+00  0.00000E+00
    9.1092E+01 -6.07675E+02 -5.41472E+02  0.00000E+00  0.00000E+00
    9.1197E+01 -6.07675E+02 -5.41472E+02  0.00000E+00  0.00000E+00
    9.1301E+01 -6.07675E+02 -5.41472E+02  0.00000E+00  0.00000E+00
    9.1406E+01 -6.07675E+02 -5.41472E+02  0.00000E+00  0.00000E+00
    9.1511E+01 -6.07675E+02 -5.41472E+02  0.00000E+00  0.00000E+00
    9.1616E+01 -6.07675E+02 -5.41472E+02  0.00000E+00  0.00000E+00
    9.1721E+01 -6.07675E+02 -5.41472E+02  0.00000E+00  0.00000E+00
    9.1826E+01 -6.07675E+02 -5.41472E+02  0.00000E+00  0.00000E+00
    9.1930E+01 -6.07675E+02 -5.41472E+02  0.00000E+00  0.00000E+00
    9.2035E+01 -6.07675E+02 -5.41472E+02  0.00000E+00  0.00000E+00
    9.2140E+01 -6.07675E+02 -5.41472E+02  0.00000E+00  0.00000E+00
    9.2245E+01 -6.07675E+02 -5.41472E+02  0.00000E+00  0.00000E+00
    9.2350E+01 -6.07675E+02 -5.41472E+02  0.00000E+00  0.00000E+00
    9.2455E+01 -6.07675E+02 -5.41472E+02  0.00000E+00  0.00000E+00
    9.2559E+01 -6.07675E+02 -5.41472E+02  0.00000E+00  0.00000E+00
    9.2664E+01 -6.07675E+02 -5.41472E+02  0.00000E+00  0.00000E+00
    9.2769E+01 -6.07675E+02 -5.41472E+02  0.00000E+00  0.00000E+00
    9.2874E+01 -6.07675E+02 -5.41472E+02  0.00000E+00  0.00000E+00
    9.2979E+01 -6.07675E+02 -5.41472E+02  0.00000E+00  0.00000E+00
    9.3083E+01 -6.07675E+02 -5.41472E+02  0.00000E+00  0.00000E+00
    9.3188E+01 -6.07675E+02 -5.41472E+02  0.00000E+00  0.00000E+00
    9.3293E+01 -6.07675E+02 -5.41472E+02  0.00000E+00  0.00000E+00
    9.3398E+01 -6.07675E+02 -5.41472E+02  0.00000E+00  0.00000E+00
    9.3503E+01 -6.07675E+02 -5.41472E+02  0.00000E+00  0.00000E+00
    9.3608E+01 -6.07675E+02 -5.41472E+02  0.00000E+00  0.00000E+00
    9.3712E+01 -6.07675E+02 -5.41472E+02  0.00000E+00  0.00000E+00
    9.3817E+01 -6.07675E+02 -5.41472E+02  0.00000E+00  0.00000E+00
    9.3922E+01 -6.07675E+02 -5.41472E+02  0.00000E+00  0.00000E+00
    9.4027E+01 -6.07675E+02 -5.41472E+02  0.00000E+00  0.00000E+00
    9.4132E+01 -6.07675E+02 -5.41472E+02  0.00000E+00  0.00000E+00
    9.4237E+01 -6.07675E+02 -5.41472E+02  0.00000E+00  0.00000E+00
    9.4341E+01 -6.07675E+02 -5.41472E+02  0.00000E+00  0.00000E+00
    9.4446E+01 -6.07675E+02 -5.41472E+02  0.00000E+00  0.00000E+00
    9.4551E+01 -6.07675E+02 -5.41472E+02  0.00000E+00  0.00000E+00
    9.4656E+01 -6.07675E+02 -5.41472E+02  0.00000E+00  0.00000E+00
    9.4761E+01 -6.07675E+02 -5.41472E+02  0.00000E+00  0.00000E+00
    9.4865E+01 -6.07675E+02 -5.41472E+02  0.00000E+00  0.00000E+00
    9.4970E+01 -6.07675E+02 -5.41472E+02  0.00000E+00  0.00000E+00
    9.5075E+01 -6.07675E+02 -5.41472E+02  0.00000E+00  0.00000E+00
    9.5180E+01 -6.07675E+02 -5.41472E+02  0.00000E+00  0.00000E+00
    9.5285E+01 -6.07675E+02 -5.41472E+02  0.00000E+00  0.00000E+00
    9.5390E+01 -6.07675E+02 -5.41472E+02  0.00000E+00  0.00000E+00
    9.5494E+01 -6.07675E+02 -5.41472E+02  0.00000E+00  0.00000E+00
    9.5599E+01 -6.07675E+02 -5.41472E+02  0.00000E+00  0.00000E+00
    9.5704E+01 -6.07675E+02 -5.41472E+02  0.00000E+00  0.00000E+00
    9.5809E+01 -6.07675E+02 -5.41472E+02  0.00000E+00  0.00000E+00
    9.5914E+01 -6.07675E+02 -5.41472E+02  0.00000E+00  0.00000E+00
    9.6019E+01 -6.07675E+02 -5.41472E+02  0.00000E+00  0.00000E+00
    9.6123E+01 -6.07675E+02 -5.41472E+02  0.00000E+00  0.00000E+00
    9.6228E+01 -6.07675E+02 -5.41472E+02  0.00000E+00  0.00000E+00
    9.6333E+01 -6.07675E+02 -5.41472E+02  0.00000E+00  0.00000E+00
    9.6438E+01 -6.07675E+02 -5.41472E+02  0.00000E+00  0.00000E+00
    9.6543E+01 -6.07675E+02 -5.41472E+02  0.00000E+00  0.00000E+00
    9.6647E+01 -6.07675E+02 -5.41472E+02  0.00000E+00  0.00000E+00
    9.6752E+01 -6.07675E+02 -5.41472E+02  0.00000E+00  0.00000E+00
    9.6857E+01 -6.07675E+02 -5.41472E+02  0.00000E+00  0.00000E+00
    9.6962E+01 -6.07675E+02 -5.41472E+02  0.00000E+00  0.00000E+00
    9.7067E+01 -6.07675E+02 -5.41472E+02  0.00000E+00  0.00000E+00
    9.7172E+01 -6.07675E+02 -5.41472E+02  0.00000E+00  0.00000E+00
    9.7276E+01 -6.07675E+02 -5.41472E+02  0.00000E+00  0.00000E+00
    9.7381E+01 -6.07675E+02 -5.41472E+02  0.00000E+00  0.00000E+00
    9.7486E+01 -6.07675E+02 -5.41472E+02  0.00000E+00  0.00000E+00
    9.7591E+01 -6.07675E+02 -5.41472E+02  0.00000E+00  0.00000E+00
    9.7696E+01 -6.07675E+02 -5.41472E+02  0.00000E+00  0.00000E+00
    9.7801E+01 -6.07675E+02 -5.41472E+02  0.00000E+00  0.00000E+00
    9.7905E+01 -6.07675E+02 -5.41472E+02  0.00000E+00  0.00000E+00
    9.8010E+01 -6.07675E+02 -5.41472E+02  0.00000E+00  0.00000E+00
    9.8115E+01 -6.07675E+02 -5.41472E+02  0.00000E+00  0.00000E+00
    9.8220E+01 -6.07675E+02 -5.41472E+02  0.00000E+00  0.00000E+00
    9.8325E+01 -6.07675E+02 -5.41472E+02  0.00000E+00  0.00000E+00
    9.8429E+01 -6.07675E+02 -5.41472E+02  0.00000E+00  0.00000E+00
    9.8534E+01 -6.07675E+02 -5.41472E+02  0.00000E+00  0.00000E+00
    9.8639E+01 -6.07675E+02 -5.41472E+02  0.00000E+00  0.00000E+00
    9.8744E+01 -6.07675E+02 -5.41472E+02  0.00000E+00  0.00000E+00
    9.8849E+01 -6.07675E+02 -5.41472E+02  0.00000E+00  0.00000E+00
    9.8954E+01 -6.07675E+02 -5.41472E+02  0.00000E+00  0.00000E+00
    9.9058E+01 -6.07675E+02 -5.41472E+02  0.00000E+00  0.00000E+00
    9.9163E+01 -6.07675E+02 -5.41472E+02  0.00000E+00  0.00000E+00
    9.9268E+01 -6.07675E+02 -5.41472E+02  0.00000E+00  0.00000E+00
    9.9373E+01 -6.07675E+02 -5.41472E+02  0.00000E+00  0.00000E+00
    9.9478E+01 -6.07675E+02 -5.41472E+02  0.00000E+00  0.00000E+00
    9.9583E+01 -6.07675E+02 -5.41472E+02  0.00000E+00  0.00000E+00
    9.9687E+01 -6.07675E+02 -5.41472E+02  0.00000E+00  0.00000E+00
    9.9792E+01 -6.07675E+02 -5.41472E+02  0.00000E+00  0.00000E+00
    9.9897E+01 -6.07675E+02 -5.41472E+02  0.00000E+00  0.00000E+00
    1.0000E+02 -6.07675E+02 -5.41472E+02  0.00000E+00  0.00000E+00
    1.0011E+02 -6.07675E+02 -5.41472E+02  0.00000E+00  0.00000E+00
    1.0021E+02 -6.07675E+02 -5.41472E+02  0.00000E+00  0.00000E+00
    1.0032E+02 -6.07675E+02 -5.41472E+02  0.00000E+00  0.00000E+00
    1.0042E+02 -6.07675E+02 -5.41472E+02  0.00000E+00  0.00000E+00
    1.0053E+02 -6.07675E+02 -5.41472E+02  0.00000E+00  0.00000E+00
    1.0063E+02 -6.07675E+02 -5.41472E+02  0.00000E+00  0.00000E+00
    1.0074E+02 -6.07675E+02 -5.41472E+02  0.00000E+00  0.00000E+00
    1.0084E+02 -6.07675E+02 -5.41472E+02  0.00000E+00  0.00000E+00
    1.0095E+02 -6.07675E+02 -5.41472E+02  0.00000E+00  0.00000E+00
    1.0105E+02 -6.07675E+02 -5.41472E+02  0.00000E+00  0.00000E+00
    1.0115E+02 -6.07675E+02 -5.41472E+02  0.00000E+00  0.00000E+00
    1.0126E+02 -6.07675E+02 -5.41472E+02  0.00000E+00  0.00000E+00
    1.0136E+02 -6.07675E+02 -5.41472E+02  0.00000E+00  0.00000E+00
    1.0147E+02 -6.07675E+02 -5.41472E+02  0.00000E+00  0.00000E+00
    1.0157E+02 -6.07675E+02 -5.41472E+02  0.00000E+00  0.00000E+00
    1.0168E+02 -6.07675E+02 -5.41472E+02  0.00000E+00  0.00000E+00
    1.0178E+02 -6.07675E+02 -5.41472E+02  0.00000E+00  0.00000E+00
    1.0189E+02 -6.07675E+02 -5.41472E+02  0.00000E+00  0.00000E+00
    1.0199E+02 -6.07675E+02 -5.41472E+02  0.00000E+00  0.00000E+00
    1.0210E+02 -6.07675E+02 -5.41472E+02  0.00000E+00  0.00000E+00
    1.0220E+02 -6.07675E+02 -5.41472E+02  0.00000E+00  0.00000E+00
    1.0231E+02 -6.07675E+02 -5.41472E+02  0.00000E+00  0.00000E+00
    1.0241E+02 -6.07675E+02 -5.41472E+02  0.00000E+00  0.00000E+00
    1.0252E+02 -6.07675E+02 -5.41472E+02  0.00000E+00  0.00000E+00
    1.0262E+02 -6.07675E+02 -5.41472E+02  0.00000E+00  0.00000E+00
    1.0273E+02 -6.07675E+02 -5.41472E+02  0.00000E+00  0.00000E+00
    1.0283E+02 -6.07675E+02 -5.41472E+02  0.00000E+00  0.00000E+00
    1.0294E+02 -6.07675E+02 -5.41472E+02  0.00000E+00  0.00000E+00
    1.0304E+02 -6.07675E+02 -5.41472E+02  0.00000E+00  0.00000E+00
    1.0315E+02 -6.07675E+02 -5.41472E+02  0.00000E+00  0.00000E+00
    1.0325E+02 -6.07675E+02 -5.41472E+02  0.00000E+00  0.00000E+00
    1.0336E+02 -6.07675E+02 -5.41472E+02  0.00000E+00  0.00000E+00
    1.0346E+02 -6.07675E+02 -5.41472E+02  0.00000E+00  0.00000E+00
    1.0357E+02 -6.07675E+02 -5.41472E+02  0.00000E+00  0.00000E+00
    1.0367E+02 -6.07675E+02 -5.41472E+02  0.00000E+00  0.00000E+00
    1.0378E+02 -6.07675E+02 -5.41472E+02  0.00000E+00  0.00000E+00
    1.0388E+02 -6.07675E+02 -5.41472E+02  0.00000E+00  0.00000E+00
    1.0399E+02 -6.07675E+02 -5.41472E+02  0.00000E+00  0.00000E+00
    1.0409E+02 -6.07675E+02 -5.41472E+02  0.00000E+00  0.00000E+00
    1.0419E+02 -6.07675E+02 -5.41472E+02  0.00000E+00  0.00000E+00
    1.0430E+02 -6.07675E+02 -5.41472E+02  0.00000E+00  0.00000E+00
    1.0440E+02 -6.07675E+02 -5.41472E+02  0.00000E+00  0.00000E+00
    1.0451E+02 -6.07675E+02 -5.41472E+02  0.00000E+00  0.00000E+00
    1.0461E+02 -6.07675E+02 -5.41472E+02  0.00000E+00  0.00000E+00
    1.0472E+02 -6.25172E+02 -5.58969E+02  0.00000E+00  0.00000E+00
