        3132    5    7.6456    0.000000E+00   -3.035102E+05    0.000000E+00
        3133    5    7.6286   -8.434710E+04   -2.891101E+05   -8.434710E+04
        3134    5    7.6213   -1.654921E+05   -2.748564E+05   -1.654921E+05
        3135    5    7.6233   -2.402874E+05   -2.612861E+05   -2.402874E+05
        3136    5    7.6347   -3.055763E+05   -2.486450E+05   -3.055763E+05
        3233    5    7.6042    0.000000E+00   -2.714768E+05    0.000000E+00
        3234    5    7.5894   -8.394341E+04   -2.543357E+05   -8.394341E+04
        3235    5    7.5838   -1.643218E+05   -2.385489E+05   -1.643218E+05
        3236    5    7.5876   -2.378493E+05   -2.245680E+05   -2.378493E+05
        3237    5    7.6009   -3.011706E+05   -2.125098E+05   -3.011706E+05
        3238    5    7.6238   -3.510066E+05   -2.023427E+05   -3.510066E+05
        3334    5    7.5671    0.000000E+00   -2.343811E+05    0.000000E+00
        3335    5    7.5541   -8.328860E+04   -2.161887E+05   -8.328860E+04
        3336    5    7.5503   -1.626533E+05   -2.004734E+05   -1.626533E+05
        3337    5    7.5561   -2.346101E+05   -1.874789E+05   -2.346101E+05
        3338    5    7.5716   -2.955436E+05   -1.771277E+05   -2.955436E+05
        3339    5    7.5969   -3.419086E+05   -1.692729E+05   -3.419086E+05
        3340    5    7.6309   -3.705995E+05   -1.639809E+05   -3.705995E+05
        3435    5    7.5336    0.000000E+00   -1.957011E+05    0.000000E+00
        3436    5    7.5222   -8.243969E+04   -1.780805E+05   -8.243969E+04
        3437    5    7.5203   -1.605928E+05   -1.637600E+05   -1.605928E+05
        3438    5    7.5283   -2.307028E+05   -1.527060E+05   -2.307028E+05
        3439    5    7.5464   -2.888192E+05   -1.446507E+05   -2.888192E+05
        3440    5    7.5743   -3.310810E+05   -1.394052E+05   -3.310810E+05
        3441    5    7.6105   -3.542515E+05   -1.371509E+05   -3.542515E+05
        3442    5    7.6521   -3.566683E+05   -1.385499E+05   -3.566683E+05
        3536    5    7.5031    0.000000E+00   -1.586415E+05    0.000000E+00
        3537    5    7.4933   -8.145714E+04   -1.428063E+05   -8.145714E+04
        3538    5    7.4935   -1.582491E+05   -1.306521E+05   -1.582491E+05
        3539    5    7.5041   -2.262552E+05   -1.218739E+05   -2.262552E+05
        3540    5    7.5251   -2.811025E+05   -1.161006E+05   -2.811025E+05
        3541    5    7.5558   -3.185752E+05   -1.132511E+05   -3.185752E+05
        3542    5    7.5938   -3.354168E+05   -1.137890E+05   -3.354168E+05
        3543    5    7.6358   -3.307278E+05   -1.186369E+05   -3.307278E+05
        3637    5    7.4755    0.000000E+00   -1.254818E+05    0.000000E+00
        3638    5    7.4675   -8.040075E+04   -1.120154E+05   -8.040075E+04
        3639    5    7.4701   -1.557234E+05   -1.021320E+05   -1.557234E+05
        3640    5    7.4835   -2.213744E+05   -9.534399E+04   -2.213744E+05
        3641    5    7.5076   -2.724631E+05   -9.134009E+04   -2.724631E+05
        3642    5    7.5408   -3.044125E+05   -9.035770E+04   -3.044125E+05
        3643    5    7.5802   -3.141849E+05   -9.331907E+04   -3.141849E+05
        3644    5    7.6218   -3.022630E+05   -1.013859E+05   -3.022630E+05
        3738    5    7.4511    0.000000E+00   -9.719709E+04    0.000000E+00
        3739    5    7.4450   -7.932401E+04   -8.600522E+04   -7.932401E+04
        3740    5    7.4502   -1.530979E+05   -7.789394E+04   -1.530979E+05
        3741    5    7.4668   -2.161308E+05   -7.235062E+04   -2.161308E+05
        3742    5    7.4939   -2.629220E+05   -6.934574E+04   -2.629220E+05
        3743    5    7.5293   -2.885934E+05   -6.967478E+04   -2.885934E+05
        3744    5    7.5694   -2.907540E+05   -7.483973E+04   -2.907540E+05
        3745    5    7.6096   -2.720831E+05   -8.602044E+04   -2.720831E+05
        3746    5    7.6456   -2.413222E+05   -1.024209E+05   -2.413222E+05
        3839    5    7.4301    0.000000E+00   -7.343134E+04    0.000000E+00
        3840    5    7.4263   -7.826802E+04   -6.386719E+04   -7.826802E+04
        3841    5    7.4343   -1.504254E+05   -5.663535E+04   -1.504254E+05
        3842    5    7.4540   -2.105484E+05   -5.140239E+04   -2.105484E+05
        3843    5    7.4839   -2.524499E+05   -4.867372E+04   -2.524499E+05
        3844    5    7.5210   -2.711214E+05   -5.002998E+04   -2.711214E+05
        3845    5    7.5609   -2.654835E+05   -5.753084E+04   -2.654835E+05
        3846    5    7.5988   -2.412855E+05   -7.187034E+04   -2.412855E+05
        3847    5    7.6312   -2.101127E+05   -9.062362E+04   -2.101127E+05
        3940    5    7.4130    0.000000E+00   -5.279829E+04    0.000000E+00
        3941    5    7.4116   -7.725751E+04   -4.390757E+04   -7.725751E+04
        3942    5    7.4225   -1.477249E+05   -3.655441E+04   -1.477249E+05
        3943    5    7.4452   -2.046012E+05   -3.080706E+04   -2.046012E+05
        3944    5    7.4775   -2.409686E+05   -2.796531E+04   -2.409686E+05
        3945    5    7.5156   -2.520183E+05   -3.056093E+04   -2.520183E+05
        3946    5    7.5544   -2.388921E+05   -4.094394E+04   -2.388921E+05
        3947    5    7.5895   -2.110749E+05   -5.852679E+04   -2.110749E+05
        3948    5    7.6180   -1.819923E+05   -7.883072E+04   -1.819923E+05
        3949    5    7.6401   -1.607704E+05   -9.654198E+04   -1.607704E+05
        4041    5    7.4002    0.000000E+00   -3.339155E+04    0.000000E+00
        4042    5    7.4012   -7.630018E+04   -2.419832E+04   -7.630018E+04
        4043    5    7.4151   -1.449815E+05   -1.589108E+04   -1.449815E+05
        4044    5    7.4405   -1.982104E+05   -9.160029E+03   -1.982104E+05
        4045    5    7.4747   -2.283388E+05   -6.351271E+03   -2.283388E+05
        4046    5    7.5129   -2.313025E+05   -1.099827E+04   -2.313025E+05
        4047    5    7.5499   -2.115721E+05   -2.512666E+04   -2.115721E+05
        4048    5    7.5816   -1.824973E+05   -4.589400E+04   -1.824973E+05
        4049    5    7.6065   -1.576016E+05   -6.680906E+04   -1.576016E+05
        4050    5    7.6256   -1.427606E+05   -8.275593E+04   -1.427606E+05
        4051    5    7.6410   -1.373015E+05   -9.214492E+04   -1.373015E+05
        4142    5    7.3919    0.000000E+00   -1.334072E+04    0.000000E+00
        4143    5    7.3955   -7.538902E+04   -3.090721E+03   -7.538902E+04
        4144    5    7.4120   -1.421471E+05    6.641531E+03   -1.421471E+05
        4145    5    7.4398   -1.912271E+05    1.432742E+04   -1.912271E+05
        4146    5    7.4752   -2.143097E+05    1.632258E+04   -2.143097E+05
        4147    5    7.5129   -2.089206E+05    8.224993E+03   -2.089206E+05
        4148    5    7.5473   -1.840630E+05   -1.060804E+04   -1.840630E+05
        4149    5    7.5752   -1.562592E+05   -3.417047E+04   -1.562592E+05
        4150    5    7.5967   -1.370266E+05   -5.464432E+04   -1.370266E+05
        4151    5    7.6136   -1.284672E+05   -6.811364E+04   -1.284672E+05
        4152    5    7.6279   -1.279538E+05   -7.448799E+04   -1.279538E+05
        4153    5    7.6413   -1.323374E+05   -7.513831E+04   -1.323374E+05
        4243    5    7.3882    0.000000E+00    8.743844E+03    0.000000E+00
        4244    5    7.3943   -7.450515E+04    2.044259E+04   -7.450515E+04
        4245    5    7.4133   -1.391338E+05    3.163503E+04   -1.391338E+05
        4246    5    7.4431   -1.833837E+05    3.970956E+04   -1.833837E+05
        4247    5    7.4791   -1.984198E+05    3.943359E+04   -1.984198E+05
        4248    5    7.5153   -1.846734E+05    2.598015E+04   -1.846734E+05
        4249    5    7.5463   -1.568089E+05    1.697836E+03   -1.568089E+05
        4250    5    7.5705   -1.327683E+05   -2.376608E+04   -1.327683E+05
        4251    5    7.5890   -1.200733E+05   -4.262672E+04   -1.200733E+05
        4252    5    7.6041   -1.173387E+05   -5.299906E+04   -1.173387E+05
        4253    5    7.6177   -1.209310E+05   -5.618620E+04   -1.209310E+05
        4254    5    7.6316   -1.279336E+05   -5.402769E+04   -1.279336E+05
        4255    5    7.6466   -1.365212E+05   -4.796311E+04   -1.365212E+05
        4344    5    7.3892    0.000000E+00    3.354178E+04    0.000000E+00
        4345    5    7.3976   -7.361903E+04    4.670305E+04   -7.361903E+04
        4346    5    7.4190   -1.357903E+05    5.899257E+04   -1.357903E+05
        4347    5    7.4504   -1.741916E+05    6.635269E+04   -1.741916E+05
        4348    5    7.4862   -1.798551E+05    6.156771E+04   -1.798551E+05
        4349    5    7.5198   -1.582512E+05    4.046665E+04   -1.582512E+05
        4350    5    7.5469   -1.303230E+05    1.064388E+04   -1.303230E+05
        4351    5    7.5673   -1.123796E+05   -1.514676E+04   -1.123796E+05
        4352    5    7.5832   -1.065806E+05   -3.107556E+04   -1.065806E+05
        4353    5    7.5970   -1.090232E+05   -3.775147E+04   -1.090232E+05
        4354    5    7.6106   -1.159519E+05   -3.755883E+04   -1.159519E+05
        4355    5    7.6251   -1.249891E+05   -3.254249E+04   -1.249891E+05
        4356    5    7.6414   -1.348144E+05   -2.407307E+04   -1.348144E+05
        4445    5    7.3947    0.000000E+00    6.103574E+04    0.000000E+00
        4446    5    7.4055   -7.268802E+04    7.538538E+04   -7.268802E+04
        4447    5    7.4290   -1.318466E+05    8.810374E+04   -1.318466E+05
        4448    5    7.4614   -1.627445E+05    9.299424E+04   -1.627445E+05
        4449    5    7.4961   -1.573162E+05    8.032366E+04   -1.573162E+05
        4450    5    7.5261   -1.295765E+05    4.919368E+04   -1.295765E+05
        4451    5    7.5486   -1.055840E+05    1.509360E+04   -1.055840E+05
        4452    5    7.5654   -9.568034E+04   -8.624735E+03   -9.568034E+04
        4453    5    7.5793   -9.660565E+04   -2.017798E+04   -9.660565E+04
        4454    5    7.5924   -1.034154E+05   -2.257159E+04   -1.034154E+05
        4455    5    7.6063   -1.129438E+05   -1.879921E+04   -1.129438E+05
        4456    5    7.6219   -1.235010E+05   -1.086682E+04   -1.235010E+05
        4457    5    7.6397   -1.342370E+05    0.000000E+00   -1.342370E+05
        4546    5    7.4048    0.000000E+00    9.071826E+04    0.000000E+00
        4547    5    7.4179   -7.164710E+04    1.058420E+05   -7.164710E+04
        4548    5    7.4432   -1.267828E+05    1.180508E+05   -1.267828E+05
        4549    5    7.4760   -1.473177E+05    1.174671E+05   -1.473177E+05
        4550    5    7.5081   -1.291190E+05    9.156693E+04   -1.291190E+05
        4551    5    7.5331   -9.973457E+04    4.907171E+04   -9.973457E+04
        4552    5    7.5507   -8.448389E+04    1.433761E+04   -8.448389E+04
        4553    5    7.5644   -8.359853E+04   -4.151055E+03   -8.359853E+04
        4554    5    7.5770   -9.041381E+04   -9.901511E+03   -9.041381E+04
        4555    5    7.5902   -1.005718E+05   -7.506692E+03   -1.005718E+05
        4556    5    7.6049   -1.119334E+05    0.000000E+00   -1.119334E+05
        4647    5    7.4194    0.000000E+00    1.218945E+05    0.000000E+00
        4648    5    7.4346   -7.037980E+04    1.373780E+05   -7.037980E+04
        4649    5    7.4615   -1.194583E+05    1.475707E+05   -1.194583E+05
        4650    5    7.4935   -1.245367E+05    1.350827E+05   -1.245367E+05
        4651    5    7.5208   -9.449465E+04    8.783081E+04   -9.449465E+04
        4652    5    7.5393   -7.255595E+04    3.730255E+04   -7.255595E+04
        4653    5    7.5524   -6.985908E+04    8.696198E+03   -6.985908E+04
        4654    5    7.5640   -7.719337E+04   -1.195864E+03   -7.719337E+04
        4655    5    7.5763   -8.830622E+04    0.000000E+00   -8.830622E+04
        4748    5    7.4385    0.000000E+00    1.539700E+05    0.000000E+00
        4748    6    7.6378    0.000000E+00   -3.625651E+05    0.000000E+00
        4749    5    7.4558   -6.861428E+04    1.694453E+05   -6.861428E+04
        4749    6    7.6220   -7.195105E+04   -3.425964E+05   -7.195105E+04
        4750    5    7.4837   -1.068005E+05    1.737190E+05   -1.068005E+05
        4750    6    7.6222   -1.714351E+05   -3.107812E+05   -1.714351E+05
        4751    5    7.5123   -8.849325E+04    1.319378E+05   -8.849325E+04
        4751    6    7.6472   -3.216411E+05   -2.330666E+05   -3.216411E+05
        4752    5    7.5314   -5.890687E+04    5.801848E+04   -5.890687E+04
        4753    5    7.5431   -5.538862E+04    1.411488E+04   -5.538862E+04
        4754    5    7.5531   -6.456867E+04    0.000000E+00   -6.456867E+04
        4849    5    7.4619    0.000000E+00    1.866344E+05    0.000000E+00
        4849    6    7.5949    0.000000E+00   -3.254487E+05    0.000000E+00
        4850    5    7.4811   -6.540265E+04    2.014254E+05   -6.540265E+04
        4850    6    7.5814   -7.540240E+04   -3.050744E+05   -7.540240E+04
        4851    5    7.5082   -7.772358E+04    1.798706E+05   -7.772358E+04
        4851    6    7.5863   -2.008622E+05   -2.482355E+05   -2.008622E+05
        4852    5    7.5270   -4.141504E+04    6.671613E+04   -4.141504E+04
        4852    6    7.6249   -3.690573E+05   -1.003565E+05   -3.690573E+05
        4853    5    7.5357   -4.179913E+04    0.000000E+00   -4.179913E+04
        4950    5    7.4894    0.000000E+00    2.198986E+05    0.000000E+00
        4950    6    7.5561    0.000000E+00   -2.891550E+05    0.000000E+00
        4951    5    7.5101   -5.290282E+04    2.248356E+05   -5.290282E+04
        4951    6    7.5449   -8.801968E+04   -2.593253E+05   -8.801968E+04
        4952    5    7.5247   -2.041371E+04    0.000000E+00   -2.041371E+04
        4952    6    7.5660   -2.582872E+05    0.000000E+00   -2.582872E+05
        5051    5    7.5209    0.000000E+00    0.000000E+00    0.000000E+00
        5051    6    7.5209    0.000000E+00    0.000000E+00    0.000000E+00
       13134    5    7.6448   -2.504131E+05   -2.919163E+05   -8.087805E+04
       13135    5    7.6461   -3.261474E+05   -2.790262E+05   -1.557787E+05
       13234    5    7.6113   -1.686768E+05   -2.732423E+05    0.000000E+00
       13235    5    7.6050   -2.496179E+05   -2.579835E+05   -8.016228E+04
       13236    5    7.6081   -3.243040E+05   -2.438987E+05   -1.540514E+05
       13237    5    7.6208   -3.896098E+05   -2.311962E+05   -2.178265E+05
       13238    5    7.6430   -4.424791E+05   -2.199220E+05   -2.682075E+05
       13335    5    7.5741   -1.678261E+05   -2.365414E+05    0.000000E+00
       13336    5    7.5696   -2.478634E+05   -2.205420E+05   -7.934776E+04
       13337    5    7.5747   -3.212206E+05   -2.067489E+05   -1.518803E+05
       13338    5    7.5895   -3.845507E+05   -1.952011E+05   -2.134335E+05
       13339    5    7.6141   -4.345706E+05   -1.858216E+05   -2.604588E+05
       13340    5    7.6476   -4.683661E+05   -1.786828E+05   -2.897661E+05
       13436    5    7.5407   -1.663501E+05   -1.981487E+05    0.000000E+00
       13437    5    7.5381   -2.453098E+05   -1.828936E+05   -7.846525E+04
       13438    5    7.5453   -3.171212E+05   -1.705810E+05   -1.492851E+05
       13439    5    7.5627   -3.781585E+05   -1.610472E+05   -2.080879E+05
       13440    5    7.5898   -4.248690E+05   -1.541269E+05   -2.509971E+05
       13441    5    7.6256   -4.541896E+05   -1.499449E+05   -2.746293E+05
       13537    5    7.5106   -1.644002E+05   -1.612148E+05    0.000000E+00
       13538    5    7.5101   -2.421886E+05   -1.477641E+05   -7.749134E+04
       13539    5    7.5198   -3.122973E+05   -1.375784E+05   -1.462296E+05
       13540    5    7.5399   -3.707494E+05   -1.303362E+05   -2.016992E+05
       13541    5    7.5698   -4.136753E+05   -1.258972E+05   -2.396435E+05
       13542    5    7.6076   -4.379039E+05   -1.245877E+05   -2.565666E+05
       13543    5    7.6503   -4.419971E+05   -1.272397E+05   -2.509891E+05
       13638    5    7.4837   -1.621797E+05   -1.279948E+05    0.000000E+00
       13639    5    7.4854   -2.387732E+05   -1.167874E+05   -7.636409E+04
       13640    5    7.4979   -3.070627E+05   -1.087424E+05   -1.426416E+05
       13641    5    7.5211   -3.626336E+05   -1.035065E+05   -1.941423E+05
       13642    5    7.5536   -4.012580E+05   -1.011493E+05   -2.262043E+05
       13643    5    7.5932   -4.197706E+05   -1.023835E+05   -2.354170E+05
       13644    5    7.6358   -4.175733E+05   -1.083396E+05   -2.214715E+05
       13739    5    7.4601   -1.599086E+05   -9.947423E+04    0.000000E+00
       13740    5    7.4643   -2.353298E+05   -9.030244E+04   -7.501049E+04
       13741    5    7.4798   -3.016935E+05   -8.386086E+04   -1.384399E+05
       13742    5    7.5060   -3.540497E+05   -7.995921E+04   -1.852880E+05
       13743    5    7.5410   -3.878001E+05   -7.911059E+04   -2.105204E+05
       13744    5    7.5816   -4.000254E+05   -8.258357E+04   -2.111922E+05
       13745    5    7.6234   -3.915860E+05   -9.171258E+04   -1.890042E+05
       13840    5    7.4399   -1.577780E+05   -7.534029E+04    0.000000E+00
       13841    5    7.4469   -2.320661E+05   -6.748932E+04   -7.337465E+04
       13842    5    7.4655   -2.963748E+05   -6.178296E+04   -1.335581E+05
       13843    5    7.4947   -3.451196E+05   -5.843496E+04   -1.750280E+05
       13844    5    7.5317   -3.733808E+05   -5.864840E+04   -1.925115E+05
       13845    5    7.5726   -3.789119E+05   -6.432810E+04   -1.841568E+05
       13846    5    7.6125   -3.648172E+05   -7.666905E+04   -1.546846E+05
       13847    5    7.6474   -3.401194E+05   -9.426609E+04   -1.156096E+05
       13941    5    7.4237   -1.559108E+05   -5.427202E+04    0.000000E+00
       13942    5    7.4335   -2.290949E+05   -4.677243E+04   -7.143580E+04
       13943    5    7.4552   -2.911729E+05   -4.089099E+04   -1.279554E+05
       13944    5    7.4870   -3.358356E+05   -3.750655E+04   -1.632829E+05
       13945    5    7.5254   -3.579936E+05   -3.873040E+04   -1.721935E+05
       13946    5    7.5657   -3.567283E+05   -4.699894E+04   -1.548431E+05
       13947    5    7.6030   -3.381853E+05   -6.270939E+04   -1.199244E+05
       13948    5    7.6340   -3.138507E+05   -8.251340E+04   -8.177543E+04
       14042    5    7.4116   -1.543443E+05   -3.443576E+04    0.000000E+00
       14043    5    7.4243   -2.264264E+05   -2.634806E+04   -6.920916E+04
       14044    5    7.4489   -2.860383E+05   -1.961289E+04   -1.216052E+05
       14045    5    7.4828   -3.260744E+05   -1.603689E+04   -1.499763E+05
       14046    5    7.5219   -3.415737E+05   -1.878316E+04   -1.496446E+05
       14047    5    7.5607   -3.338349E+05   -3.042289E+04   -1.239635E+05
       14048    5    7.5948   -3.125923E+05   -4.961284E+04   -8.613797E+04
       14049    5    7.6220   -2.906812E+05   -7.076159E+04   -5.169347E+04
       14050    5    7.6428   -2.759211E+05   -8.825610E+04   -2.884181E+04
       14143    5    7.4039   -1.530392E+05   -1.402519E+04    0.000000E+00
       14144    5    7.4194   -2.239879E+05   -4.675714E+03   -6.672782E+04
       14145    5    7.4466   -2.808279E+05    3.168696E+03   -1.144566E+05
       14146    5    7.4821   -3.156082E+05    6.510015E+03   -1.349626E+05
       14147    5    7.5210   -3.239994E+05    1.116395E+03   -1.249080E+05
       14148    5    7.5576   -3.106005E+05   -1.491860E+04   -9.224064E+04
       14149    5    7.5880   -2.887421E+05   -3.744617E+04   -5.442985E+04
       14150    5    7.6115   -2.708975E+05   -5.891671E+04   -2.583735E+04
       14151    5    7.6296   -2.617363E+05   -7.435992E+04   -1.036536E+04
       14152    5    7.6444   -2.602537E+05   -8.279096E+04   -5.382813E+03
       14244    5    7.4006   -1.519067E+05    8.306960E+03    0.000000E+00
       14245    5    7.4188   -2.216560E+05    1.919524E+04   -6.400848E+04
       14246    5    7.4482   -2.753213E+05    2.789997E+04   -1.063606E+05
       14247    5    7.4847   -3.040847E+05    2.993806E+04   -1.178978E+05
       14248    5    7.5226   -3.050565E+05    2.019663E+04   -9.785993E+04
       14249    5    7.5562   -2.873419E+05   -1.238464E+03   -6.027000E+04
       14250    5    7.5828   -2.670714E+05   -2.651793E+04   -2.548838E+04
       14251    5    7.6030   -2.544136E+05   -4.714535E+04   -4.157484E+03
       14252    5    7.6189   -2.506391E+05   -5.982139E+04    4.273321E+03
       14253    5    7.6328   -2.532591E+05   -6.512221E+04    4.122709E+03
       14254    5    7.6463   -2.596336E+05   -6.472236E+04   -8.194050E+02
       14345    5    7.4018   -1.508442E+05    3.322604E+04    0.000000E+00
       14346    5    7.4224   -2.192856E+05    4.552421E+04   -6.100519E+04
       14347    5    7.4537   -2.692061E+05    5.433812E+04   -9.695354E+04
       14348    5    7.4905   -2.909547E+05    5.330424E+04   -9.805526E+04
       14349    5    7.5265   -2.844156E+05    3.700515E+04   -6.813576E+04
       14350    5    7.5564   -2.643679E+05    9.544170E+03   -2.857424E+04
       14351    5    7.5791   -2.478705E+05   -1.727065E+04    2.335294E+02
       14352    5    7.5963   -2.410379E+05   -3.573539E+04    1.354675E+04
       14353    5    7.6107   -2.421948E+05   -4.498551E+04    1.558418E+04
       14354    5    7.6242   -2.482084E+05   -4.694872E+04    1.122523E+04
       14355    5    7.6382   -2.567381E+05   -4.366495E+04    3.716296E+03
       14446    5    7.4075   -1.497631E+05    6.072687E+04    0.000000E+00
       14447    5    7.4303   -2.167187E+05    7.398506E+04   -5.754907E+04
       14448    5    7.4630   -2.620049E+05    8.164529E+04   -8.546336E+04
       14449    5    7.4994   -2.753532E+05    7.484981E+04   -7.410247E+04
       14450    5    7.5324   -2.617443E+05    4.937825E+04   -3.529688E+04
       14451    5    7.5579   -2.422174E+05    1.620774E+04    2.041647E+03
       14452    5    7.5767   -2.315247E+05   -1.010470E+04    2.216925E+04
       14453    5    7.5916   -2.307022E+05   -2.492678E+04    2.731044E+04
       14454    5    7.6049   -2.361754E+05   -3.010784E+04    2.379703E+04
       14455    5    7.6185   -2.449164E+05   -2.851325E+04    1.608434E+04
       14456    5    7.6334   -2.551023E+05   -2.227731E+04    6.612737E+03
       14457    5    7.6503   -2.657351E+05   -1.274900E+04   -3.394568E+03
       14547    5    7.4176   -1.486027E+05    9.033219E+04    0.000000E+00
       14548    5    7.4424   -2.137610E+05    1.038918E+05   -5.324717E+04
       14549    5    7.4760   -2.528945E+05    1.083871E+05   -7.033938E+04
       14550    5    7.5109   -2.559952E+05    9.156231E+04   -4.392574E+04
       14551    5    7.5395   -2.371754E+05    5.436257E+04    4.495261E+02
       14552    5    7.5602   -2.220617E+05    1.769239E+04    2.990204E+04
       14553    5    7.5755   -2.187070E+05   -5.162766E+03    3.936440E+04
       14554    5    7.5886   -2.235444E+05   -1.478312E+04    3.689029E+04
       14555    5    7.6016   -2.325398E+05   -1.530004E+04    2.888570E+04
       14556    5    7.6157   -2.433298E+05   -9.949951E+03    1.866770E+04
       14557    5    7.6319   -2.546916E+05    0.000000E+00    7.788216E+03
       14648    5    7.4320   -1.473315E+05    1.213836E+05    0.000000E+00
       14649    5    7.4588   -2.100946E+05    1.343942E+05   -4.723533E+04
       14650    5    7.4926   -2.402861E+05    1.319153E+05   -4.841815E+04
       14651    5    7.5241   -2.314083E+05    9.784543E+04   -5.020889E+03
       14652    5    7.5468   -2.124141E+05    4.847147E+04    3.656704E+04
       14653    5    7.5624   -2.060080E+05    1.364721E+04    5.202012E+04
       14654    5    7.5749   -2.103471E+05   -2.144607E+03    5.051872E+04
       14655    5    7.5871   -2.198238E+05   -5.146153E+03    4.188099E+04
       14656    5    7.6005   -2.313295E+05    0.000000E+00    3.071072E+04
       14749    5    7.4509   -1.459382E+05    1.533183E+05    0.000000E+00
       14749    6    7.6503   -1.360147E+05   -3.603782E+05    0.000000E+00
       14750    5    7.4792   -2.049966E+05    1.643161E+05   -3.736466E+04
       14750    6    7.6478   -2.146116E+05   -3.351124E+05   -9.913701E+04
       14751    5    7.5117   -2.208779E+05    1.452313E+05   -1.301394E+04
       14752    5    7.5369   -2.019714E+05    8.321640E+04    4.211924E+04
       14753    5    7.5525   -1.922338E+05    2.945242E+04    6.593170E+04
       14754    5    7.5638   -1.967864E+05    5.122013E+03    6.454513E+04
       14755    5    7.5748   -2.073166E+05    0.000000E+00    5.442484E+04
       14850    5    7.4740   -1.444216E+05    1.858461E+05    0.000000E+00
       14850    6    7.6076   -1.379098E+05   -3.235694E+05    0.000000E+00
       14851    5    7.5034   -1.961239E+05    1.898073E+05   -1.655783E+04
       14851    6    7.6081   -2.239352E+05   -2.919526E+05   -1.203849E+05
       14852    5    7.5307   -1.893341E+05    1.229677E+05    4.684900E+04
       14852    6    7.6362   -3.626105E+05   -1.899074E+05   -3.157330E+05
       14853    5    7.5455   -1.769456E+05    3.536271E+04    8.230264E+04
       14854    5    7.5547   -1.838837E+05    0.000000E+00    7.773078E+04
       14951    5    7.5014   -1.427827E+05    2.189838E+05    3.036032E-11
       14951    6    7.5687   -1.395633E+05   -2.876042E+05    0.000000E+00
       14952    5    7.5289   -1.713869E+05    1.685149E+05    5.184568E+04
       14952    6    7.5749   -2.486598E+05   -2.023773E+05   -1.892089E+05
       14953    5    7.5405   -1.617904E+05    0.000000E+00    9.980989E+04
       14953    6    7.6225   -3.900271E+05   -3.036032E-11   -3.690811E+05
       15052    5    7.5327   -1.410173E+05    0.000000E+00    0.000000E+00
       15052    6    7.5336   -1.410273E+05    0.000000E+00    0.000000E+00
       23235    5    7.6363   -3.319674E+05   -2.779250E+05    0.000000E+00
       23236    5    7.6388   -4.074511E+05   -2.640644E+05   -7.339730E+04
       23237    5    7.6511   -4.743007E+05   -2.508982E+05   -1.382449E+05
       23336    5    7.5986   -3.304551E+05   -2.424100E+05    0.000000E+00
       23337    5    7.6032   -4.049345E+05   -2.280356E+05   -7.237537E+04
       23338    5    7.6177   -4.703040E+05   -2.153098E+05   -1.352648E+05
       23339    5    7.6422   -5.235911E+05   -2.042504E+05   -1.837977E+05
       23437    5    7.5653   -3.277950E+05   -2.049087E+05    0.000000E+00
       23438    5    7.5722   -4.011116E+05   -1.913559E+05   -7.120597E+04
       23439    5    7.5893   -4.647800E+05   -1.801366E+05   -1.315540E+05
       23440    5    7.6164   -5.155876E+05   -1.711511E+05   -1.761247E+05
       23538    5    7.5360   -3.242562E+05   -1.684460E+05    0.000000E+00
       23539    5    7.5454   -3.963289E+05   -1.566272E+05   -6.979941E+04
       23540    5    7.5653   -4.581272E+05   -1.474667E+05   -1.269603E+05
       23541    5    7.5953   -5.061446E+05   -1.408210E+05   -1.666355E+05
       23542    5    7.6340   -5.373381E+05   -1.369335E+05   -1.850378E+05
       23639    5    7.5104   -3.201764E+05   -1.352180E+05    0.000000E+00
       23640    5    7.5226   -3.909913E+05   -1.254526E+05   -6.802656E+04
       23641    5    7.5456   -4.507799E+05   -1.183226E+05   -1.212943E+05
       23642    5    7.5785   -4.956768E+05   -1.137930E+05   -1.550448E+05
       23643    5    7.6192   -5.224702E+05   -1.124184E+05   -1.653981E+05
       23740    5    7.4885   -3.159139E+05   -1.062282E+05    0.000000E+00
       23741    5    7.5037   -3.854981E+05   -9.823685E+04   -6.575247E+04
       23742    5    7.5298   -4.431309E+05   -9.262548E+04   -1.143651E+05
       23743    5    7.5655   -4.845223E+05   -8.968453E+04   -1.410912E+05
       23744    5    7.6077   -5.063770E+05   -9.048766E+04   -1.422298E+05
       23745    5    7.6523   -5.080030E+05   -9.653189E+04   -1.180851E+05
       23841    5    7.4704   -3.117854E+05   -8.125342E+04    0.000000E+00
       23842    5    7.4887   -3.801729E+05   -7.430853E+04   -6.286957E+04
       23843    5    7.5179   -4.354609E+05   -6.944665E+04   -1.060133E+05
       23844    5    7.5559   -4.728869E+05   -6.753985E+04   -1.245831E+05
       23845    5    7.5990   -4.892792E+05   -7.035949E+04   -1.155601E+05
       23846    5    7.6423   -4.853551E+05   -7.962905E+04   -8.195135E+04
       23942    5    7.4561   -3.080119E+05   -5.911527E+04    0.000000E+00
       23943    5    7.4775   -3.752136E+05   -5.229382E+04   -5.931750E+04
       23944    5    7.5097   -4.278995E+05   -4.744083E+04   -9.612384E+04
       23945    5    7.5496   -4.608328E+05   -4.627533E+04   -1.054213E+05
       23946    5    7.5926   -4.713517E+05   -5.133964E+04   -8.568902E+04
       23947    5    7.6336   -4.623855E+05   -6.413107E+04   -4.391239E+04
       24043    5    7.4458   -3.046906E+05   -3.814644E+04    0.000000E+00
       24044    5    7.4703   -3.706768E+05   -3.060670E+04   -5.507982E+04
       24045    5    7.5050   -4.204266E+05   -2.531704E+04   -8.460799E+04
       24046    5    7.5460   -4.483033E+05   -2.508727E+04   -8.357642E+04
       24047    5    7.5881   -4.527702E+05   -3.310077E+04   -5.315466E+04
       24048    5    7.6262   -4.398127E+05   -4.980316E+04   -5.490321E+03
       24144    5    7.4396   -3.018039E+05   -1.669868E+04    0.000000E+00
       24145    5    7.4669   -3.664995E+05   -7.903404E+03   -5.015259E+04
       24146    5    7.5037   -4.128994E+05   -2.212712E+03   -7.133993E+04
       24147    5    7.5451   -4.351525E+05   -3.722437E+03   -5.900095E+04
       24148    5    7.5855   -4.337217E+05   -1.580346E+04   -1.859743E+04
       24149    5    7.6199   -4.183010E+05   -3.667391E+04    3.189271E+04
       24150    5    7.6466   -4.019038E+05   -5.933454E+04    7.373404E+04
       24245    5    7.4375   -2.992548E+05    6.453541E+03    0.000000E+00
       24246    5    7.4673   -3.625389E+05    1.661764E+04   -4.448443E+04
       24247    5    7.5056   -4.050756E+05    2.210355E+04   -5.603612E+04
       24248    5    7.5467   -4.211477E+05    1.740981E+04   -3.147738E+04
       24249    5    7.5845   -4.143737E+05   -8.662165E+01    1.741238E+04
       24250    5    7.6149   -3.983412E+05   -2.500236E+04    6.717333E+04
       24251    5    7.6378   -3.857284E+05   -4.805278E+04    1.015117E+05
       24346    5    7.4394   -2.969131E+05    3.190755E+04    0.000000E+00
       24347    5    7.4715   -3.586078E+05    4.312175E+04   -3.788635E+04
       24348    5    7.5107   -3.966023E+05    4.719107E+04   -3.806419E+04
       24349    5    7.5506   -4.059403E+05    3.722015E+04   -4.493665E+02
       24350    5    7.5850   -3.948642E+05    1.300688E+04    5.443118E+04
       24351    5    7.6113   -3.802516E+05   -1.520879E+04    9.962421E+04
       24352    5    7.6306   -3.724133E+05   -3.723035E+04    1.248218E+05
       24353    5    7.6459   -3.723160E+05   -5.000646E+04    1.339605E+05
       24447    5    7.4454   -2.946544E+05    5.964657E+04    0.000000E+00
       24448    5    7.4794   -3.544838E+05    7.122317E+04   -2.989575E+04
       24449    5    7.5190   -3.869512E+05    7.195082E+04   -1.615609E+04
       24450    5    7.5568   -3.890561E+05    5.388985E+04    3.503791E+04
       24451    5    7.5870   -3.754155E+05    2.213365E+04    9.189493E+04
       24452    5    7.6089   -3.643331E+05   -7.749999E+03    1.285371E+05
       24453    5    7.6253   -3.618235E+05   -2.708209E+04    1.436931E+05
       24454    5    7.6390   -3.660348E+05   -3.596779E+04    1.455271E+05
       24455    5    7.6522   -3.740859E+05   -3.713327E+04    1.406157E+05
       24548    5    7.4555   -2.923812E+05    8.922731E+04    0.000000E+00
       24549    5    7.4911   -3.498752E+05    1.001471E+05   -1.952734E+04
       24550    5    7.5303   -3.752830E+05    9.445470E+04    1.202930E+04
       24551    5    7.5647   -3.700369E+05    6.465414E+04    7.600300E+04
       24552    5    7.5899   -3.566440E+05    2.583659E+04    1.284594E+05
       24553    5    7.6077   -3.510853E+05   -2.926150E+03    1.528136E+05
       24554    5    7.6217   -3.539771E+05   -1.771613E+04    1.578739E+05
       24555    5    7.6346   -3.618439E+05   -2.194874E+04    1.534755E+05
       24556    5    7.6481   -3.720794E+05   -1.922497E+04    1.450204E+05
       24649    5    7.4697   -2.900261E+05    1.200515E+05    0.000000E+00
       24650    5    7.5066   -3.443013E+05    1.287610E+05   -4.680305E+03
       24651    5    7.5443   -3.602544E+05    1.110606E+05    5.050913E+04
       24652    5    7.5736   -3.490307E+05    6.545770E+04    1.221351E+05
       24653    5    7.5931   -3.399996E+05    2.298673E+04    1.610900E+05
       24654    5    7.6072   -3.413119E+05   -6.492298E+02    1.707845E+05
       24655    5    7.6196   -3.490586E+05   -9.039384E+03    1.668376E+05
       24656    5    7.6324   -3.597199E+05   -7.976677E+03    1.576463E+05
       24657    5    7.6468   -3.714514E+05    0.000000E+00    1.466873E+05
       24750    5    7.4882   -2.875434E+05    1.516215E+05    0.000000E+00
       24751    5    7.5259   -3.367396E+05    1.548719E+05    1.962410E+04
       24752    5    7.5597   -3.400856E+05    1.135422E+05    1.048598E+05
       24753    5    7.5817   -3.282806E+05    5.136667E+04    1.682896E+05
       24754    5    7.5957   -3.279532E+05    1.364857E+04    1.846844E+05
       24755    5    7.6072   -3.359643E+05   -2.661056E+02    1.805373E+05
       24756    5    7.6190   -3.472973E+05    0.000000E+00    1.700312E+05
       24851    5    7.5109   -2.848973E+05    1.837011E+05    0.000000E+00
       24851    6    7.6439   -2.726772E+05   -3.187677E+05    0.000000E+00
       24852    5    7.5481   -3.243970E+05    1.703765E+05    6.756324E+04
       24853    5    7.5736   -3.153261E+05    8.319508E+04    1.741196E+05
       24854    5    7.5868   -3.139073E+05    2.042970E+04    2.002846E+05
       24855    5    7.5967   -3.232635E+05    0.000000E+00    1.936008E+05
       24952    5    7.5378   -2.820521E+05    2.163411E+05    0.000000E+00
       24952    6    7.6052   -2.760012E+05   -2.835501E+05    0.000000E+00
       24953    5    7.5692   -2.999383E+05    1.203771E+05    1.777469E+05
       24953    6    7.6307   -3.901808E+05   -1.532892E+05   -3.088886E+05
       24954    5    7.5799   -3.003678E+05    0.000000E+00    2.163347E+05
       25053    5    7.5687   -2.789575E+05    0.000000E+00    0.000000E+00
       25053    6    7.5703   -2.789900E+05    0.000000E+00    0.000000E+00
       33337    5    7.6419   -4.831457E+05   -2.500293E+05    0.000000E+00
       33438    5    7.6088   -4.797443E+05   -2.140435E+05    0.000000E+00
       33439    5    7.6260   -5.457370E+05   -2.012262E+05   -6.112480E+04
       33539    5    7.5805   -4.750039E+05   -1.784751E+05    0.000000E+00
       33540    5    7.6007   -5.397498E+05   -1.672735E+05   -5.907402E+04
       33541    5    7.6314   -5.922842E+05   -1.581508E+05   -1.015778E+05
       33640    5    7.5568   -4.693777E+05   -1.454223E+05    0.000000E+00
       33641    5    7.5802   -5.328789E+05   -1.360693E+05   -5.635225E+04
       33642    5    7.6141   -5.833644E+05   -1.289150E+05   -9.325351E+04
       33741    5    7.5373   -4.633557E+05   -1.159054E+05    0.000000E+00
       33742    5    7.5640   -5.256513E+05   -1.080968E+05   -5.275097E+04
       33743    5    7.6010   -5.739266E+05   -1.024828E+05   -8.285534E+04
       33744    5    7.6456   -6.047851E+05   -9.993072E+04   -8.666470E+04
       33842    5    7.5218   -4.573874E+05   -8.982594E+04    0.000000E+00
       33843    5    7.5519   -5.185144E+05   -8.287604E+04   -4.809786E+04
       33844    5    7.5917   -5.643547E+05   -7.819541E+04   -7.011470E+04
       33845    5    7.6378   -5.912414E+05   -7.734102E+04   -6.301329E+04
       33943    5    7.5103   -4.518094E+05   -6.621043E+04    0.000000E+00
       33944    5    7.5436   -5.117686E+05   -5.929916E+04   -4.227670E+04
       33945    5    7.5857   -5.548618E+05   -5.504268E+04   -5.483281E+04
       33946    5    7.6326   -5.772694E+05   -5.591121E+04   -3.554875E+04
       34044    5    7.5026   -4.468057E+05   -4.363538E+04    0.000000E+00
       34045    5    7.5388   -5.055425E+05   -3.607003E+04   -3.521851E+04
       34046    5    7.5827   -5.454890E+05   -3.207880E+04   -3.686247E+04
       34047    5    7.6295   -5.629408E+05   -3.518685E+04   -4.444071E+03
       34145    5    7.4986   -4.424097E+05   -2.068836E+04    0.000000E+00
       34146    5    7.5373   -4.998117E+05   -1.210959E+04   -2.685582E+04
       34147    5    7.5824   -5.361365E+05   -8.749420E+03   -1.603218E+04
       34148    5    7.6281   -5.482720E+05   -1.516520E+04    3.000836E+04
       34246    5    7.4981   -4.385427E+05    3.669492E+03    0.000000E+00
       34247    5    7.5389   -4.944414E+05    1.317982E+04   -1.703446E+04
       34248    5    7.5846   -5.265961E+05    1.493114E+04    8.002979E+03
       34249    5    7.6284   -5.332417E+05    3.643527E+03    6.755522E+04
       34347    5    7.5011   -4.350670E+05    2.992413E+04    0.000000E+00
       34348    5    7.5437   -4.892262E+05    3.983085E+04   -5.373452E+03
       34349    5    7.5891   -5.165517E+05    3.833065E+04    3.598737E+04
       34350    5    7.6301   -5.177821E+05    2.023969E+04    1.081218E+05
       34448    5    7.5076   -4.318325E+05    5.802878E+04    0.000000E+00
       34449    5    7.5515   -4.839008E+05    6.737103E+04    8.959014E+03
       34450    5    7.5961   -5.055430E+05    6.016718E+04    6.934619E+04
       34451    5    7.6334   -5.018106E+05    3.316334E+04    1.517376E+05
       34549    5    7.5177   -4.287049E+05    8.757822E+04    0.000000E+00
       34550    5    7.5627   -4.781016E+05    9.490656E+04    2.765717E+04
       34551    5    7.6052   -4.929174E+05    7.828838E+04    1.104326E+05
       34552    5    7.6377   -4.854059E+05    4.050850E+04    1.979683E+05
       34650    5    7.5316   -4.255730E+05    1.180541E+05    0.000000E+00
       34651    5    7.5771   -4.712441E+05    1.209652E+05    5.419225E+04
       34652    5    7.6162   -4.778886E+05    8.893567E+04    1.623359E+05
       34653    5    7.6427   -4.692382E+05    4.008222E+04    2.445755E+05
       34751    5    7.5495   -4.223426E+05    1.490514E+05    0.000000E+00
       34752    5    7.5946   -4.622025E+05    1.422778E+05    9.616311E+04
       34753    5    7.6279   -4.601540E+05    8.524110E+04    2.264907E+05
       34754    5    7.6473   -4.551847E+05    3.018812E+04    2.856216E+05
       34852    5    7.5715   -4.189259E+05    1.804147E+05    0.000000E+00
       34853    5    7.6143   -4.485600E+05    1.475756E+05    1.711268E+05
       34854    5    7.6377   -4.423166E+05    5.692739E+04    2.930173E+05
       34855    5    7.6501   -4.464656E+05    1.152010E+04    3.110851E+05
       34953    5    7.5977   -4.152335E+05    2.122483E+05    0.000000E+00
       34954    5    7.6313   -4.281643E+05    8.780447E+04    2.980691E+05
       34955    5    7.6419   -4.334270E+05    0.000000E+00    3.263056E+05
       35054    5    7.6279   -4.111602E+05    0.000000E+00    0.000000E+00
       35054    6    7.6301   -4.112107E+05    0.000000E+00    0.000000E+00
       43540    5    7.6458   -6.130766E+05   -1.888600E+05    0.000000E+00
       43641    5    7.6241   -6.063923E+05   -1.563278E+05    0.000000E+00
       43742    5    7.6073   -5.990253E+05   -1.264550E+05    0.000000E+00
       43743    5    7.6460   -6.532346E+05   -1.179772E+05   -3.656458E+04
       43843    5    7.5950   -5.915534E+05   -9.928627E+04    0.000000E+00
       43844    5    7.6369   -6.447232E+05   -9.158981E+04   -2.971492E+04
       43944    5    7.5866   -5.844383E+05   -7.409520E+04    0.000000E+00
       43945    5    7.6315   -6.365651E+05   -6.650916E+04   -2.109491E+04
       44045    5    7.5818   -5.779699E+05   -4.975587E+04    0.000000E+00
       44046    5    7.6292   -6.289785E+05   -4.177445E+04   -1.056177E+04
       44146    5    7.5801   -5.722595E+05   -2.514554E+04    0.000000E+00
       44147    5    7.6296   -6.220027E+05   -1.661350E+04    2.040115E+03
       44247    5    7.5815   -5.672744E+05    5.441799E+02    0.000000E+00
       44248    5    7.6325   -6.155399E+05    9.334386E+03    1.699203E+04
       44348    5    7.5856   -5.628922E+05    2.766026E+04    0.000000E+00
       44349    5    7.6377   -6.093950E+05    3.594704E+04    3.488768E+04
       44449    5    7.5926   -5.589525E+05    5.611600E+04    0.000000E+00
       44450    5    7.6453   -6.032874E+05    6.265170E+04    5.693827E+04
       44550    5    7.6027   -5.552897E+05    8.554948E+04    0.000000E+00
       44651    5    7.6161   -5.517449E+05    1.155375E+05    0.000000E+00
       44752    5    7.6332   -5.481645E+05    1.457862E+05   -6.072063E-11
