        1038    5    7.7829    1.3466E+00    4.2029E-01    1.3203E+00    1.1331E-01    3.9812E-02    3.5031E-01    2.5734E+00    1.1058E+00    5.9787E+00    2.4890E+00    1.2718E+00    1.5115E+01
        1039    5    7.7487    1.8990E+00    5.9676E-01    2.1009E+00    2.1107E-01    7.4565E-02    7.0426E-01    3.0899E+00    1.2404E+00    6.7266E+00    2.3500E+00    1.3670E+00    1.4951E+01
        1040    5    7.7442    1.9031E+00    6.2614E-01    2.1684E+00    2.1541E-01    8.8400E-02    7.4897E-01    3.0968E+00    1.3123E+00    6.7176E+00    2.2217E+00    1.5316E+00    1.4534E+01
        1041    5    7.7662    1.5704E+00    5.6076E-01    1.6445E+00    1.3648E-01    6.9661E-02    4.7161E-01    2.8814E+00    1.3706E+00    6.2389E+00    2.2123E+00    1.7771E+00    1.4239E+01
        1099    5    7.6914    2.2612E+00    6.9252E-01    2.8232E+00    3.4720E-01    1.2362E-01    1.3640E+00    3.1808E+00    1.1641E+00    6.9486E+00    1.9484E+00    1.1158E+00    1.3493E+01
        1100    5    7.6647    2.1328E+00    6.5900E-01    2.9118E+00    3.5178E-01    1.3921E-01    1.4579E+00    2.9169E+00    1.0781E+00    6.6668E+00    1.5981E+00    1.0002E+00    1.2190E+01
        1101    5    7.6652    1.9712E+00    6.8786E-01    2.8221E+00    3.4041E-01    1.5934E-01    1.4173E+00    2.7360E+00    1.1547E+00    6.4706E+00    1.5588E+00    1.2258E+00    1.1858E+01
        1102    5    7.6915    1.9229E+00    7.7206E-01    2.6133E+00    3.2189E-01    1.7210E-01    1.2571E+00    2.7749E+00    1.3736E+00    6.4740E+00    1.8394E+00    1.6913E+00    1.2423E+01
        1103    5    7.7424    1.7470E+00    7.7008E-01    2.0187E+00    2.1174E-01    1.2048E-01    6.9383E-01    2.7833E+00    1.6584E+00    6.3529E+00    2.2825E+00    2.1131E+00    1.3006E+01
        1160    5    7.6167    1.9197E+00    5.5899E-01    2.8775E+00    3.2528E-01    1.4200E-01    1.4398E+00    2.4385E+00    7.8431E-01    5.8444E+00    1.1331E+00    7.0009E-01    9.9240E+00
        1161    5    7.5962    1.6417E+00    4.9228E-01    2.7036E+00    3.0439E-01    1.6012E-01    1.3811E+00    2.0634E+00    6.8663E-01    5.2251E+00    9.0368E-01    5.7318E-01    8.5670E+00
        1162    5    7.6015    1.4934E+00    5.4602E-01    2.5846E+00    3.0540E-01    1.7552E-01    1.3445E+00    1.8952E+00    7.8676E-01    5.0398E+00    9.9458E-01    8.1156E-01    8.5687E+00
        1163    5    7.6330    1.6097E+00    7.2132E-01    2.5889E+00    3.3021E-01    2.0671E-01    1.3288E+00    2.0891E+00    1.1217E+00    5.4071E+00    1.3448E+00    1.3564E+00    9.7350E+00
        1164    5    7.6892    1.7930E+00    9.1176E-01    2.4616E+00    3.4491E-01    2.1183E-01    1.1588E+00    2.4692E+00    1.6132E+00    6.1517E+00    2.0692E+00    1.9776E+00    1.1311E+01
        1165    5    7.7620    1.3873E+00    8.1376E-01    1.5926E+00    1.6436E-01    9.7789E-02    4.3014E-01    2.2645E+00    1.9165E+00    6.3096E+00    2.7839E+00    2.4607E+00    1.1906E+01
        1221    5    7.5549    1.3726E+00    3.7606E-01    2.4037E+00    2.4943E-01    1.3392E-01    1.2395E+00    1.6110E+00    4.3903E-01    3.9200E+00    5.2537E-01    1.3778E-01    5.9434E+00
        1222    5    7.5392    1.1564E+00    3.4448E-01    2.1890E+00    2.3413E-01    1.3777E-01    1.1666E+00    1.3285E+00    3.9383E-01    3.2027E+00    3.9441E-01    9.8164E-02    4.8430E+00
        1223    5    7.5501    1.0812E+00    4.2886E-01    2.0848E+00    2.5023E-01    1.6183E-01    1.1526E+00    1.2383E+00    5.2335E-01    3.2124E+00    5.0665E-01    2.1885E-01    5.4188E+00
        1224    5    7.5882    1.3402E+00    6.4037E-01    2.2123E+00    3.1128E-01    2.1112E-01    1.2174E+00    1.6010E+00    9.2486E-01    4.2033E+00    9.3233E-01    7.5661E-01    7.2535E+00
        1225    5    7.6498    1.6802E+00    9.1854E-01    2.4691E+00    3.8132E-01    2.4732E-01    1.2031E+00    2.1508E+00    1.4949E+00    5.5611E+00    1.7831E+00    1.6396E+00    9.6701E+00
        1226    5    7.7227    1.6137E+00    1.0634E+00    2.3565E+00    3.2724E-01    2.0014E-01    7.9372E-01    2.2718E+00    2.0348E+00    6.8736E+00    2.9071E+00    2.4028E+00    1.0938E+01
        1227    5    7.7893    8.2545E-01    6.5507E-01    1.1234E+00    1.0925E-01    6.2846E-02    2.0843E-01    1.4899E+00    1.9023E+00    6.6170E+00    3.2977E+00    2.8165E+00    1.0206E+01
        1282    5    7.5024    9.4759E-01    2.3938E-01    1.7622E+00    2.0149E-01    1.0451E-01    1.0905E+00    1.0213E+00    2.3865E-01    2.1350E+00    2.2739E-01    2.3845E-02    2.4880E+00
        1283    5    7.4916    7.9899E-01    2.3476E-01    1.5502E+00    1.9100E-01    9.5152E-02    1.0604E+00    8.4380E-01    2.3421E-01    1.7063E+00    2.0142E-01    1.8433E-02    1.9040E+00
        1284    5    7.5093    8.1723E-01    3.5079E-01    1.5120E+00    2.2645E-01    1.3168E-01    1.0395E+00    8.7678E-01    3.7043E-01    1.7964E+00    3.3202E-01    5.5720E-02    2.8246E+00
        1285    5    7.5551    1.1839E+00    5.9719E-01    1.8980E+00    2.9221E-01    1.8612E-01    1.0772E+00    1.3143E+00    7.6619E-01    3.0108E+00    7.8830E-01    3.5428E-01    5.2670E+00
        1286    5    7.6209    1.5855E+00    9.0993E-01    2.4349E+00    4.0139E-01    2.5361E-01    1.1281E+00    1.9217E+00    1.3548E+00    5.0634E+00    1.6697E+00    1.3190E+00    8.2385E+00
        1287    5    7.6901    1.6068E+00    1.1510E+00    2.7724E+00    4.3535E-01    2.6974E-01    9.5738E-01    2.0938E+00    1.9427E+00    7.1319E+00    2.9645E+00    2.1756E+00    9.6557E+00
        1288    5    7.7455    1.2106E+00    1.0809E+00    2.3600E+00    2.9568E-01    1.6467E-01    4.6651E-01    1.7618E+00    2.2050E+00    8.3968E+00    3.7744E+00    2.9253E+00    9.5259E+00
        1289    5    7.7811    7.8625E-01    7.5965E-01    1.5396E+00    1.6561E-01    8.0563E-02    2.0297E-01    1.3218E+00    1.9935E+00    8.4380E+00    4.1734E+00    3.2704E+00    8.5451E+00
        1343    5    7.4582    6.6391E-01    1.5368E-01    1.2630E+00    1.8680E-01    4.2616E-02    1.1260E+00    6.4340E-01    1.3141E-01    1.1050E+00    8.7044E-02    6.3169E-04    1.7368E-01
        1344    5    7.4530    6.1445E-01    1.8794E-01    1.3613E+00    1.8819E-01    4.6592E-02    1.1327E+00    5.8227E-01    1.4475E-01    8.5769E-01    6.5025E-02    2.8774E-04    4.9211E-02
        1345    5    7.4788    7.1087E-01    3.1244E-01    1.0865E+00    2.1650E-01    8.4461E-02    1.0046E+00    7.2508E-01    3.1852E-01    1.1567E+00    2.1160E-01    1.5855E-02    1.1541E+00
        1346    5    7.5321    1.1553E+00    5.4805E-01    1.7251E+00    2.9881E-01    1.6071E-01    9.9861E-01    1.2255E+00    6.6792E-01    2.2631E+00    6.5970E-01    1.8967E-01    3.8883E+00
        1347    5    7.5994    1.5004E+00    8.6324E-01    2.4559E+00    4.3638E-01    2.4474E-01    1.0418E+00    1.7944E+00    1.2417E+00    4.8108E+00    1.6542E+00    9.9674E-01    6.9813E+00
        1348    5    7.6610    1.5009E+00    1.1168E+00    3.0406E+00    5.1693E-01    3.0270E-01    9.5155E-01    1.9383E+00    1.7838E+00    7.2947E+00    2.9954E+00    1.8559E+00    8.2083E+00
        1349    5    7.7046    1.3331E+00    1.1988E+00    3.2140E+00    5.1984E-01    2.8838E-01    7.0262E-01    1.7592E+00    2.0511E+00    9.0630E+00    4.0154E+00    2.7767E+00    8.2168E+00
        1350    5    7.7320    1.1856E+00    1.1047E+00    3.0089E+00    4.4741E-01    2.1477E-01    4.7339E-01    1.6802E+00    2.0625E+00    9.9197E+00    4.7135E+00    3.3139E+00    7.5201E+00
        1351    5    7.7516    1.0772E+00    9.2586E-01    2.6284E+00    3.5136E-01    1.4972E-01    3.1483E-01    1.6667E+00    1.9118E+00    1.0208E+01    5.3484E+00    3.5424E+00    7.0256E+00
        1352    5    7.7709    9.1103E-01    7.1292E-01    2.0821E+00    2.5004E-01    1.0044E-01    2.0133E-01    1.5824E+00    1.6799E+00    9.9185E+00    5.7364E+00    3.4463E+00    6.8416E+00
        1404    5    7.4232    3.9312E-01    8.6596E-02    1.0356E+00    2.3395E-01    1.7209E-02    1.2991E+00    3.5599E-01    5.9778E-02    6.0087E-01    0.0000E+00    0.0000E+00    0.0000E+00
        1405    5    7.4248    4.4728E-01    1.6527E-01    8.8070E-01    2.4799E-01    2.1185E-02    1.2574E+00    4.0678E-01    1.1587E-01    4.4271E-01    0.0000E+00    0.0000E+00    0.0000E+00
        1406    5    7.4592    7.4659E-01    3.1521E-01    9.2908E-01    2.6787E-01    6.4781E-02    1.0124E+00    7.0839E-01    2.8229E-01    7.2229E-01    1.4337E-01    3.0043E-03    1.9658E-01
        1407    5    7.5182    1.1109E+00    5.1293E-01    1.6098E+00    3.3644E-01    1.4270E-01    9.2442E-01    1.2044E+00    6.1472E-01    1.9962E+00    6.7984E-01    1.3201E-01    3.0296E+00
        1408    5    7.5830    1.3779E+00    8.1353E-01    2.5532E+00    4.7546E-01    2.3136E-01    9.3900E-01    1.5947E+00    1.1042E+00    4.7104E+00    1.6722E+00    7.9426E-01    5.7340E+00
        1409    5    7.6348    1.3519E+00    1.0315E+00    3.2592E+00    5.8687E-01    3.1145E-01    8.5237E-01    1.6315E+00    1.4978E+00    7.2083E+00    3.0893E+00    1.6190E+00    6.8063E+00
        1410    5    7.6688    1.2987E+00    1.1096E+00    3.5292E+00    6.5181E-01    3.4062E-01    7.3412E-01    1.6582E+00    1.7272E+00    8.9556E+00    4.1253E+00    2.4766E+00    6.4695E+00
        1411    5    7.6921    1.3127E+00    1.0912E+00    3.6268E+00    6.7186E-01    3.2269E-01    6.1939E-01    1.7373E+00    1.7394E+00    9.8709E+00    4.9908E+00    3.1948E+00    6.1173E+00
        1412    5    7.7129    1.2991E+00    1.0082E+00    3.5183E+00    6.3180E-01    2.7041E-01    5.1589E-01    1.8562E+00    1.6791E+00    1.0382E+01    5.7222E+00    3.6542E+00    5.9217E+00
        1413    5    7.7372    1.2101E+00    9.0095E-01    3.1335E+00    4.9283E-01    1.9292E-01    3.7149E-01    1.9096E+00    1.6177E+00    1.0676E+01    6.1774E+00    3.5976E+00    6.0152E+00
        1414    5    7.7689    9.6669E-01    6.6934E-01    2.2174E+00    2.7402E-01    1.0251E-01    1.9869E-01    1.7612E+00    1.4598E+00    1.0221E+01    6.2385E+00    3.3756E+00    6.4192E+00
        1465    5    7.3995    8.0869E-02    2.5823E-02    4.1205E-01    3.2477E-01    1.1705E-02    1.4904E+00    2.6947E-02    7.7289E-03    6.5751E-02    0.0000E+00    0.0000E+00    0.0000E+00
        1466    5    7.4084    2.9713E-01    1.3385E-01    5.2432E-01    3.3659E-01    1.7104E-02    1.3873E+00    1.9749E-01    9.2538E-02    1.3506E-01    0.0000E+00    0.0000E+00    0.0000E+00
        1467    5    7.4504    7.9712E-01    3.0007E-01    8.5620E-01    2.9596E-01    6.1775E-02    1.0149E+00    6.4793E-01    2.5793E-01    5.4019E-01    6.3480E-02    4.0309E-04    1.7363E-02
        1468    5    7.5122    1.0700E+00    4.8298E-01    1.6795E+00    3.7935E-01    1.3472E-01    8.5565E-01    1.1399E+00    5.6457E-01    2.0586E+00    7.4481E-01    1.2877E-01    2.7812E+00
        1469    5    7.5711    1.1729E+00    7.5290E-01    2.6579E+00    5.3213E-01    2.2414E-01    8.1392E-01    1.3543E+00    9.8434E-01    4.7880E+00    1.8055E+00    7.3150E-01    4.7174E+00
        1470    5    7.6127    1.1821E+00    8.9955E-01    3.2744E+00    6.5781E-01    3.1465E-01    7.2690E-01    1.4008E+00    1.2388E+00    7.1121E+00    3.1356E+00    1.4827E+00    5.3699E+00
        1471    5    7.6403    1.2616E+00    9.7443E-01    3.6285E+00    7.3826E-01    3.6616E-01    6.5055E-01    1.5539E+00    1.3660E+00    8.4305E+00    4.2664E+00    2.2890E+00    5.0454E+00
        1472    5    7.6626    1.3345E+00    9.5891E-01    3.7289E+00    7.7620E-01    3.6269E-01    6.1619E-01    1.7612E+00    1.3997E+00    9.4256E+00    4.9667E+00    3.1083E+00    4.7056E+00
        1473    5    7.6864    1.3842E+00    9.4070E-01    3.7953E+00    7.6584E-01    3.2051E-01    5.8265E-01    1.9188E+00    1.4069E+00    1.0189E+01    5.7607E+00    3.5218E+00    4.8129E+00
        1474    5    7.7161    1.3446E+00    9.1199E-01    3.5610E+00    6.5335E-01    2.5366E-01    4.8014E-01    2.0267E+00    1.4467E+00    1.0736E+01    6.3534E+00    3.6272E+00    5.4033E+00
        1475    5    7.7541    1.1152E+00    7.8051E-01    2.7254E+00    3.7222E-01    1.3777E-01    2.6587E-01    1.9553E+00    1.4402E+00    1.0698E+01    6.4350E+00    3.4327E+00    6.1246E+00
        1526    5    7.3882    6.2901E-04    1.6366E-03    1.4934E-01    4.1679E-01    8.9876E-03    1.4882E+00    9.7794E-24    4.8317E-24    0.0000E+00    0.0000E+00    0.0000E+00    0.0000E+00
        1527    5    7.4043    1.3062E-01    1.3828E-01    3.7155E-01    4.1054E-01    1.5379E-02    1.3404E+00    6.7102E-02    8.5656E-02    3.8815E-02    0.0000E+00    0.0000E+00    0.0000E+00
        1528    5    7.4524    6.7144E-01    2.8658E-01    9.6521E-01    3.4804E-01    5.8539E-02    9.3935E-01    6.1989E-01    2.5746E-01    6.4711E-01    9.6518E-02    9.0427E-04    3.7874E-02
        1529    5    7.5135    9.4956E-01    4.8305E-01    1.8387E+00    4.4374E-01    1.3591E-01    7.7320E-01    1.0247E+00    5.4256E-01    2.4189E+00    9.1230E-01    1.6133E-01    2.4180E+00
        1530    5    7.5635    1.0161E+00    7.0639E-01    2.7480E+00    5.9910E-01    2.3840E-01    6.8162E-01    1.1593E+00    8.9405E-01    4.9575E+00    2.0187E+00    7.5705E-01    3.8081E+00
        1531    5    7.5962    1.1148E+00    7.8417E-01    3.2400E+00    7.2494E-01    3.3873E-01    6.0386E-01    1.3311E+00    1.0304E+00    6.8194E+00    3.1513E+00    1.5196E+00    4.0864E+00
        1532    5    7.6201    1.2472E+00    8.2563E-01    3.5594E+00    7.8415E-01    3.7197E-01    5.6531E-01    1.5513E+00    1.0918E+00    8.0328E+00    4.4361E+00    2.2718E+00    3.7128E+00
        1533    5    7.6433    1.3811E+00    8.4295E-01    3.7455E+00    8.3230E-01    3.7115E-01    5.7118E-01    1.7700E+00    1.1410E+00    8.9307E+00    5.0510E+00    2.9712E+00    3.8211E+00
        1534    5    7.6711    1.4094E+00    8.7258E-01    3.8248E+00    8.2359E-01    3.3773E-01    5.8756E-01    1.9735E+00    1.2326E+00    9.9410E+00    5.7152E+00    3.3838E+00    4.1723E+00
        1535    5    7.7061    1.3996E+00    8.9647E-01    3.7012E+00    7.1115E-01    2.7531E-01    5.1808E-01    2.0858E+00    1.3425E+00    1.0707E+01    6.4657E+00    3.5639E+00    5.0758E+00
        1536    5    7.7494    1.1696E+00    8.0251E-01    2.8709E+00    4.0735E-01    1.5045E-01    2.8969E-01    2.0226E+00    1.4103E+00    1.0811E+01    6.4807E+00    3.4370E+00    6.0106E+00
        1587    5    7.3898    2.5026E-03    2.5631E-03    1.7657E-01    4.6986E-01    8.7910E-03    1.3990E+00    3.1500E-06    2.1982E-06    0.0000E+00    0.0000E+00    0.0000E+00    0.0000E+00
        1588    5    7.4125    3.4558E-01    1.6281E-01    6.6734E-01    4.5445E-01    1.5782E-02    1.1722E+00    2.8246E-01    1.1770E-01    3.1932E-01    0.0000E+00    0.0000E+00    0.0000E+00
        1589    5    7.4647    7.3976E-01    3.0258E-01    1.2153E+00    4.0622E-01    6.0020E-02    8.1579E-01    6.4235E-01    2.7684E-01    1.1002E+00    2.9987E-01    1.1231E-02    3.9349E-01
        1590    5    7.5211    8.4157E-01    5.1479E-01    2.1213E+00    5.2583E-01    1.7148E-01    6.5741E-01    9.2230E-01    5.7439E-01    2.9486E+00    1.1943E+00    2.5595E-01    2.3762E+00
        1591    5    7.5600    1.0026E+00    6.7619E-01    2.8733E+00    6.6819E-01    2.7559E-01    5.4433E-01    1.1509E+00    8.2264E-01    5.2742E+00    2.2777E+00    9.3113E-01    3.0083E+00
        1592    5    7.5856    1.1596E+00    7.0975E-01    3.2197E+00    7.6049E-01    3.4150E-01    5.1501E-01    1.3994E+00    8.7755E-01    6.5603E+00    3.2256E+00    1.7363E+00    2.9058E+00
        1593    5    7.6081    1.2717E+00    7.3725E-01    3.4935E+00    8.1672E-01    3.6950E-01    5.1124E-01    1.6020E+00    9.3419E-01    7.7401E+00    4.4193E+00    2.2069E+00    2.9413E+00
        1594    5    7.6339    1.3753E+00    7.8539E-01    3.7191E+00    8.5355E-01    3.7278E-01    5.3961E-01    1.7791E+00    1.0207E+00    8.6947E+00    5.1505E+00    2.7956E+00    3.3303E+00
        1595    5    7.6660    1.4235E+00    8.4838E-01    3.8252E+00    8.3811E-01    3.4236E-01    5.8250E-01    1.9966E+00    1.1672E+00    9.8391E+00    5.7079E+00    3.3391E+00    3.9623E+00
        1648    5    7.4041    2.0539E-01    4.3772E-02    7.5262E-01    5.2510E-01    9.4991E-03    1.2211E+00    9.3245E-02    1.2520E-02    1.7380E-01    0.0000E+00    0.0000E+00    0.0000E+00
        1648    6    7.7384    1.2105E+00    1.5695E+00    3.9714E+00    6.2523E-01    1.8738E-01    1.8450E-01    1.6362E+00    2.5933E+00    1.3777E+01    6.8647E+00    3.1351E+00    3.1371E+00
        1649    5    7.4329    4.7194E-01    1.9896E-01    1.0460E+00    4.6890E-01    1.9802E-02    9.5910E-01    4.4069E-01    1.4748E-01    5.9399E-01    0.0000E+00    0.0000E+00    0.0000E+00
        1649    6    7.7105    1.4147E+00    1.7439E+00    4.4305E+00    8.1073E-01    2.7327E-01    2.8469E-01    1.8622E+00    2.5888E+00    1.3001E+01    6.5320E+00    3.0698E+00    3.1093E+00
        1650    5    7.4865    6.8275E-01    3.6263E-01    1.5567E+00    4.6185E-01    1.1975E-01    6.6431E-01    7.1274E-01    3.6492E-01    1.6749E+00    6.7780E-01    5.2657E-02    1.0742E+00
        1650    6    7.7319    1.5004E+00    1.7286E+00    3.7724E+00    6.2344E-01    2.4055E-01    2.4144E-01    2.0972E+00    2.6920E+00    1.2083E+01    6.6317E+00    3.3415E+00    3.6076E+00
        1651    5    7.5323    8.9075E-01    5.7783E-01    2.4329E+00    6.1532E-01    2.3935E-01    5.1595E-01    9.9384E-01    6.3713E-01    3.7863E+00    1.5517E+00    5.8260E-01    2.2264E+00
        1652    5    7.5594    1.1289E+00    6.5235E-01    2.9864E+00    7.2066E-01    2.8516E-01    4.6448E-01    1.3217E+00    7.6352E-01    5.5691E+00    2.4689E+00    1.3314E+00    2.2897E+00
        1653    5    7.5806    1.2275E+00    6.6646E-01    3.2135E+00    7.8436E-01    3.3621E-01    4.6686E-01    1.4877E+00    7.9554E-01    6.4532E+00    3.2874E+00    1.8345E+00    2.3731E+00
        1654    5    7.6042    1.2877E+00    7.0857E-01    3.4680E+00    8.2846E-01    3.6846E-01    4.9265E-01    1.6281E+00    8.7998E-01    7.5981E+00    4.4182E+00    2.1698E+00    2.7469E+00
        1709    5    7.4310    4.5032E-01    1.1120E-01    1.1916E+00    4.9646E-01    1.7325E-02    9.3286E-01    3.9633E-01    7.9493E-02    6.6888E-01    0.0000E+00    0.0000E+00    0.0000E+00
        1709    6    7.6523    1.5180E+00    1.7186E+00    4.5731E+00    9.2663E-01    3.2967E-01    3.8143E-01    1.8689E+00    2.2759E+00    1.1211E+01    5.2606E+00    2.5527E+00    2.5629E+00
        1710    5    7.4651    6.3919E-01    2.9990E-01    1.4617E+00    4.7384E-01    1.0283E-01    6.7044E-01    6.4122E-01    2.4659E-01    1.5015E+00    4.0504E-01    5.5240E-03    3.6918E-01
        1710    6    7.6331    1.5303E+00    1.7130E+00    4.3052E+00    8.8747E-01    3.2917E-01    4.0368E-01    1.8445E+00    2.1719E+00    9.9027E+00    4.7986E+00    2.3553E+00    2.5578E+00
        1711    5    7.5140    8.3243E-01    5.4760E-01    2.1920E+00    5.8492E-01    2.2246E-01    4.8572E-01    9.1007E-01    5.8549E-01    3.1922E+00    1.2487E+00    4.1437E-01    1.6698E+00
        1711    6    7.6714    1.8144E+00    1.9284E+00    4.0389E+00    8.2927E-01    3.7249E-01    4.3034E-01    2.3138E+00    2.6194E+00    9.9789E+00    5.4280E+00    2.8337E+00    3.5710E+00
        1712    5    7.5415    1.1084E+00    6.1176E-01    2.7632E+00    6.8416E-01    2.5778E-01    4.3546E-01    1.2523E+00    6.8085E-01    4.5718E+00    1.8583E+00    1.0656E+00    1.8431E+00
        1713    5    7.5595    1.2241E+00    6.3046E-01    3.0343E+00    7.4146E-01    2.8626E-01    4.3716E-01    1.4401E+00    7.3063E-01    5.6914E+00    2.5726E+00    1.4642E+00    2.0429E+00
        1770    5    7.4699    6.7866E-01    2.6088E-01    1.6230E+00    4.7647E-01    1.5315E-01    5.7520E-01    6.9590E-01    2.5303E-01    1.5655E+00    4.6338E-01    1.7317E-02    5.1487E-01
        1770    6    7.5809    1.2613E+00    1.3371E+00    3.7238E+00    7.9371E-01    2.9426E-01    3.9355E-01    1.4540E+00    1.5794E+00    7.2940E+00    3.0905E+00    1.7351E+00    1.9835E+00
        1771    5    7.5073    8.3914E-01    6.0653E-01    2.1058E+00    5.6691E-01    2.2075E-01    4.5373E-01    9.2241E-01    6.5148E-01    2.9214E+00    1.1286E+00    4.0649E-01    1.2981E+00
        1771    6    7.5697    1.3558E+00    1.3665E+00    3.3375E+00    7.4116E-01    2.8756E-01    4.1928E-01    1.5542E+00    1.6092E+00    6.1212E+00    2.7166E+00    1.4716E+00    2.1842E+00
        1772    5    7.5305    1.0541E+00    6.4480E-01    2.6184E+00    6.4820E-01    2.4929E-01    4.2258E-01    1.1711E+00    7.0083E-01    4.1366E+00    1.5855E+00    9.0120E-01    1.6477E+00
        1772    6    7.6441    1.8907E+00    1.9844E+00    3.7320E+00    8.1705E-01    3.7534E-01    4.8621E-01    2.3339E+00    2.5724E+00    8.3578E+00    4.5943E+00    2.5567E+00    3.7158E+00
        1831    5    7.5202    9.6092E-01    7.8162E-01    2.4690E+00    6.2617E-01    2.4854E-01    4.0078E-01    1.0487E+00    8.4836E-01    3.6253E+00    1.4307E+00    7.9408E-01    1.3093E+00
        1831    6    7.5202    9.4857E-01    7.4141E-01    2.4903E+00    6.1256E-01    2.2629E-01    4.2909E-01    1.0349E+00    8.0325E-01    3.7304E+00    1.2923E+00    5.5668E-01    1.5746E+00
        4700    5    7.7158    2.0913E+00    6.8904E-01    2.5845E+00    3.0553E-01    1.1939E-01    1.1359E+00    3.1319E+00    1.2906E+00    6.9269E+00    2.0674E+00    1.3293E+00    1.4212E+01
        4701    5    7.7138    2.0299E+00    7.1550E-01    2.5486E+00    2.9738E-01    1.3429E-01    1.1291E+00    3.0621E+00    1.3576E+00    6.7882E+00    1.9766E+00    1.5341E+00    1.3768E+01
        4702    5    7.7387    1.8678E+00    7.1532E-01    2.1567E+00    2.1994E-01    1.1337E-01    7.8517E-01    3.0098E+00    1.4931E+00    6.5021E+00    2.1064E+00    1.8618E+00    1.3690E+01
        4703    5    7.7887    1.1527E+00    4.7879E-01    1.0690E+00    8.1389E-02    5.1621E-02    2.7578E-01    2.4305E+00    1.4451E+00    5.4227E+00    2.2559E+00    2.0274E+00    1.3086E+01
        4761    5    7.6388    1.9128E+00    6.2111E-01    2.8430E+00    3.3527E-01    1.5821E-01    1.4483E+00    2.5391E+00    9.4009E-01    6.0738E+00    1.3019E+00    9.7622E-01    1.0872E+01
        4762    5    7.6423    1.7900E+00    6.7530E-01    2.7248E+00    3.2991E-01    1.7852E-01    1.4064E+00    2.3990E+00    1.0592E+00    5.8972E+00    1.3390E+00    1.1997E+00    1.0694E+01
        4763    5    7.6725    1.8421E+00    8.0880E-01    2.5998E+00    3.3304E-01    1.9170E-01    1.3132E+00    2.5705E+00    1.3872E+00    6.1522E+00    1.6607E+00    1.6393E+00    1.1376E+01
        4764    5    7.7281    1.8286E+00    8.8748E-01    2.1676E+00    2.6311E-01    1.5360E-01    8.4959E-01    2.7532E+00    1.7722E+00    6.3060E+00    2.2536E+00    2.1710E+00    1.2430E+01
        4822    5    7.5761    1.4121E+00    4.4212E-01    2.4395E+00    2.7293E-01    1.5902E-01    1.2917E+00    1.7415E+00    5.9252E-01    4.4328E+00    6.8307E-01    4.1005E-01    7.1940E+00
        4823    5    7.5853    1.3486E+00    5.4545E-01    2.3406E+00    2.8775E-01    1.8469E-01    1.2793E+00    1.6640E+00    7.6450E-01    4.4133E+00    8.0191E-01    6.2694E-01    7.4262E+00
        4824    5    7.6220    1.5458E+00    7.6949E-01    2.4015E+00    3.2951E-01    2.1744E-01    1.2783E+00    1.9651E+00    1.1509E+00    4.9749E+00    1.2724E+00    1.2772E+00    9.0293E+00
        4825    5    7.6836    1.7868E+00    1.0247E+00    2.4228E+00    3.5893E-01    2.2750E-01    1.1519E+00    2.4183E+00    1.7337E+00    5.9764E+00    2.0665E+00    1.9917E+00    1.0836E+01
        4826    5    7.7601    1.4113E+00    9.3891E-01    1.6115E+00    1.7515E-01    1.0550E-01    4.3578E-01    2.2451E+00    2.0752E+00    6.3501E+00    2.8877E+00    2.5582E+00    1.1561E+01
        4883    5    7.5248    9.9747E-01    3.2559E-01    1.8324E+00    2.3092E-01    1.3682E-01    1.1103E+00    1.1278E+00    3.6673E-01    2.5250E+00    3.4636E-01    7.7162E-02    4.0421E+00
        4884    5    7.5406    1.0354E+00    4.8435E-01    1.8660E+00    2.4682E-01    1.6283E-01    1.1001E+00    1.1742E+00    5.7307E-01    2.6643E+00    4.7819E-01    1.9245E-01    4.6504E+00
        4885    5    7.5849    1.3882E+00    7.2360E-01    2.0915E+00    3.1703E-01    2.1954E-01    1.1715E+00    1.6364E+00    1.0222E+00    3.9032E+00    9.4233E-01    7.3452E-01    6.9224E+00
        4886    5    7.6520    1.7387E+00    1.0592E+00    2.4316E+00    3.9783E-01    2.5895E-01    1.1659E+00    2.2384E+00    1.6693E+00    5.5044E+00    1.9060E+00    1.6898E+00    9.5136E+00
        4887    5    7.7270    1.6225E+00    1.1892E+00    2.3149E+00    3.2551E-01    1.9953E-01    7.2406E-01    2.2785E+00    2.2096E+00    6.9706E+00    3.0740E+00    2.5029E+00    1.0640E+01
        4888    5    7.7915    8.1352E-01    7.0392E-01    1.0890E+00    1.0802E-01    6.1630E-02    1.9203E-01    1.4420E+00    1.9712E+00    6.7036E+00    3.4495E+00    2.9337E+00    9.7145E+00
        4944    5    7.4833    7.5160E-01    2.4100E-01    1.2123E+00    1.8761E-01    8.3718E-02    1.0414E+00    8.0279E-01    2.3448E-01    1.3148E+00    2.0747E-01    1.3976E-02    1.3426E+00
        4945    5    7.5069    8.7940E-01    4.2034E-01    1.3673E+00    2.3402E-01    1.2802E-01    1.0141E+00    9.4454E-01    4.2959E-01    1.5466E+00    3.6144E-01    6.4258E-02    2.5973E+00
        4946    5    7.5592    1.3188E+00    7.1933E-01    1.8604E+00    3.1194E-01    1.9542E-01    1.0606E+00    1.4787E+00    9.5655E-01    3.0120E+00    8.8998E-01    4.1683E-01    5.3157E+00
        4947    5    7.6296    1.7129E+00    1.0823E+00    2.4837E+00    4.2923E-01    2.6657E-01    1.0978E+00    2.1070E+00    1.5881E+00    5.2190E+00    1.9005E+00    1.4525E+00    8.3789E+00
        4948    5    7.6990    1.6317E+00    1.3221E+00    2.7718E+00    4.4775E-01    2.7463E-01    8.6546E-01    2.1479E+00    2.1895E+00    7.3965E+00    3.2912E+00    2.3318E+00    9.5269E+00
        4949    5    7.7510    1.2154E+00    1.1556E+00    2.2555E+00    2.8466E-01    1.5337E-01    3.9789E-01    1.7947E+00    2.3048E+00    8.5310E+00    4.0576E+00    3.0663E+00    9.0586E+00
        4950    5    7.7834    8.0759E-01    7.9798E-01    1.4898E+00    1.6360E-01    7.7029E-02    1.8522E-01    1.3816E+00    2.0168E+00    8.4207E+00    4.4840E+00    3.3470E+00    8.0313E+00
        5005    5    7.4517    7.1784E-01    2.2717E-01    9.0067E-01    2.0820E-01    5.4749E-02    1.1096E+00    6.4825E-01    1.5106E-01    6.3312E-01    6.9181E-02    1.6827E-04    3.0998E-02
        5006    5    7.4839    8.8642E-01    3.5696E-01    1.0658E+00    2.3554E-01    9.4479E-02    9.7277E-01    8.9602E-01    3.5994E-01    1.0275E+00    2.9766E-01    2.3992E-02    1.3631E+00
        5007    5    7.5433    1.3383E+00    7.3643E-01    1.7989E+00    3.3595E-01    1.7534E-01    9.8098E-01    1.4687E+00    8.5344E-01    2.5206E+00    8.3065E-01    2.9014E-01    4.2953E+00
        5008    5    7.6135    1.6644E+00    1.0743E+00    2.5791E+00    4.7420E-01    2.6227E-01    1.0065E+00    1.9992E+00    1.4949E+00    5.2439E+00    2.0406E+00    1.2112E+00    7.2887E+00
        5009    5    7.6735    1.5699E+00    1.3116E+00    3.0941E+00    5.4665E-01    3.1399E-01    8.6869E-01    2.0158E+00    2.0157E+00    7.6439E+00    3.4749E+00    2.0657E+00    8.0692E+00
        5010    5    7.7137    1.4018E+00    1.3008E+00    3.1393E+00    5.2310E-01    2.7701E-01    6.0745E-01    1.8896E+00    2.1940E+00    9.1694E+00    4.4651E+00    2.9630E+00    7.8190E+00
        5011    5    7.7392    1.2593E+00    1.1621E+00    2.8306E+00    4.2827E-01    1.9476E-01    3.9932E-01    1.8438E+00    2.1239E+00    9.8259E+00    5.1823E+00    3.4384E+00    7.0951E+00
        5012    5    7.7588    1.1090E+00    9.7938E-01    2.3670E+00    3.2189E-01    1.3385E-01    2.5850E-01    1.7913E+00    1.9588E+00    9.8942E+00    5.7195E+00    3.6185E+00    6.6947E+00
        5013    5    7.7801    8.7514E-01    7.3669E-01    1.7380E+00    2.1368E-01    8.2805E-02    1.5999E-01    1.6275E+00    1.6828E+00    9.3905E+00    5.8890E+00    3.4353E+00    6.5644E+00
        5066    5    7.4312    6.0962E-01    1.6490E-01    6.9472E-01    2.6542E-01    3.0003E-02    1.1927E+00    4.9998E-01    1.3620E-01    3.2098E-01    0.0000E+00    0.0000E+00    0.0000E+00
        5067    5    7.4717    8.9542E-01    3.5068E-01    9.7971E-01    2.7244E-01    7.7073E-02    9.4465E-01    9.4349E-01    3.4533E-01    8.0990E-01    2.4053E-01    1.3690E-02    8.3104E-01
        5068    5    7.5357    1.3485E+00    6.9378E-01    1.8412E+00    3.8028E-01    1.6435E-01    9.1389E-01    1.4544E+00    8.1124E-01    2.4885E+00    9.2713E-01    2.5296E-01    3.7263E+00
        5069    5    7.6017    1.5515E+00    1.0325E+00    2.6895E+00    5.4582E-01    2.6015E-01    9.0282E-01    1.8584E+00    1.3985E+00    5.3991E+00    2.2261E+00    1.0538E+00    6.2799E+00
        5070    5    7.6508    1.5085E+00    1.2386E+00    3.2693E+00    6.4228E-01    3.2892E-01    7.9062E-01    1.8829E+00    1.7843E+00    7.6713E+00    3.6606E+00    1.9386E+00    6.7306E+00
        5071    5    7.6821    1.4722E+00    1.2591E+00    3.5015E+00    6.8335E-01    3.4329E-01    6.5430E-01    1.9124E+00    1.8947E+00    9.1280E+00    4.7160E+00    2.8017E+00    6.2318E+00
        5072    5    7.7045    1.4633E+00    1.2018E+00    3.4754E+00    6.6630E-01    3.0549E-01    5.4223E-01    2.0232E+00    1.8786E+00    9.8678E+00    5.5568E+00    3.4601E+00    5.9035E+00
        5073    5    7.7262    1.4146E+00    1.1007E+00    3.2438E+00    5.7665E-01    2.3421E-01    4.2989E-01    2.0995E+00    1.8044E+00    1.0267E+01    6.0556E+00    3.7503E+00    5.7125E+00
        5074    5    7.7527    1.2494E+00    9.4129E-01    2.6380E+00    3.8834E-01    1.4572E-01    2.7325E-01    2.0630E+00    1.7100E+00    1.0313E+01    6.3901E+00    3.6095E+00    6.0256E+00
        5075    5    7.7872    8.3869E-01    6.0099E-01    1.5772E+00    1.8587E-01    6.9347E-02    1.3032E-01    1.6662E+00    1.4049E+00    9.2234E+00    6.0794E+00    3.2497E+00    6.3272E+00
        5127    5    7.4222    4.9852E-01    1.7923E-01    6.5698E-01    3.3327E-01    2.5155E-02    1.1903E+00    3.8969E-01    1.3616E-01    2.5511E-01    0.0000E+00    0.0000E+00    0.0000E+00
        5128    5    7.4698    8.8881E-01    3.5933E-01    1.0567E+00    3.2066E-01    7.2067E-02    8.9584E-01    9.7097E-01    3.5882E-01    8.6703E-01    2.7793E-01    1.3636E-02    7.0304E-01
        5129    5    7.5355    1.2926E+00    7.1141E-01    1.9568E+00    4.4265E-01    1.6347E-01    8.3642E-01    1.3961E+00    8.1707E-01    2.7460E+00    1.1157E+00    2.6904E-01    3.4454E+00
        5130    5    7.5937    1.4257E+00    9.9970E-01    2.7936E+00    6.1747E-01    2.7093E-01    7.8371E-01    1.7023E+00    1.3016E+00    5.5924E+00    2.4468E+00    1.0286E+00    5.2921E+00
        5131    5    7.6323    1.4686E+00    1.1428E+00    3.3541E+00    7.2276E-01    3.5002E-01    6.7180E-01    1.8077E+00    1.5389E+00    7.5847E+00    3.8651E+00    1.9478E+00    5.3152E+00
        5132    5    7.6579    1.5371E+00    1.1623E+00    3.5574E+00    7.7609E-01    3.7216E-01    6.1179E-01    2.0096E+00    1.6488E+00    8.7551E+00    4.8603E+00    2.7833E+00    4.8402E+00
        5133    5    7.6801    1.5768E+00    1.1300E+00    3.6666E+00    7.7895E-01    3.4705E-01    5.7357E-01    2.1269E+00    1.6199E+00    9.5716E+00    5.6170E+00    3.3757E+00    4.7179E+00
        5134    5    7.7053    1.5745E+00    1.0835E+00    3.5721E+00    7.1423E-01    2.8732E-01    5.1083E-01    2.2525E+00    1.6204E+00    1.0190E+01    6.3147E+00    3.7079E+00    5.0368E+00
        5135    5    7.7372    1.4334E+00    9.9044E-01    3.0831E+00    5.1125E-01    1.9079E-01    3.5625E-01    2.2577E+00    1.6175E+00    1.0529E+01    6.5455E+00    3.6149E+00    5.6068E+00
        5136    5    7.7777    9.7941E-01    7.0140E-01    1.8827E+00    2.3080E-01    8.6101E-02    1.5747E-01    1.8625E+00    1.4513E+00    9.7210E+00    6.2772E+00    3.3325E+00    6.2815E+00
        5188    5    7.4249    4.5667E-01    2.2502E-01    7.1469E-01    3.8709E-01    2.5347E-02    1.1051E+00    3.3036E-01    1.6943E-01    3.1436E-01    0.0000E+00    0.0000E+00    0.0000E+00
        5189    5    7.4782    8.5328E-01    3.8918E-01    1.2705E+00    3.7329E-01    7.5622E-02    8.2726E-01    8.5133E-01    4.0101E-01    1.1493E+00    4.2124E-01    2.2527E-02    9.4699E-01
        5190    5    7.5419    1.2490E+00    7.9504E-01    2.1561E+00    5.2495E-01    1.8393E-01    7.3536E-01    1.3583E+00    8.9734E-01    3.2647E+00    1.4312E+00    3.4812E-01    3.3526E+00
        5191    5    7.5897    1.3944E+00    9.6637E-01    2.9111E+00    6.9265E-01    3.1023E-01    6.4101E-01    1.6644E+00    1.2172E+00    5.8728E+00    2.7495E+00    1.2150E+00    4.3054E+00
        5192    5    7.6193    1.5216E+00    1.0342E+00    3.3683E+00    7.7708E-01    3.6157E-01    5.7168E-01    1.8778E+00    1.3294E+00    7.5217E+00    4.1665E+00    2.1610E+00    3.9771E+00
        5193    5    7.6420    1.6271E+00    1.0669E+00    3.6073E+00    8.2483E-01    3.7649E-01    5.5627E-01    2.0708E+00    1.3972E+00    8.3724E+00    5.0901E+00    2.7415E+00    3.8724E+00
        5194    5    7.6658    1.6486E+00    1.0666E+00    3.6821E+00    8.2702E-01    3.6149E-01    5.6127E-01    2.2281E+00    1.4732E+00    9.2949E+00    5.6420E+00    3.2709E+00    4.0477E+00
        5195    5    7.6952    1.6453E+00    1.0653E+00    3.6887E+00    7.6285E-01    3.0773E-01    5.3049E-01    2.3108E+00    1.5256E+00    1.0147E+01    6.3079E+00    3.6386E+00    4.5972E+00
        5196    5    7.7324    1.4794E+00    1.0058E+00    3.2082E+00    5.4946E-01    2.0536E-01    3.8090E-01    2.3004E+00    1.5893E+00    1.0563E+01    6.5778E+00    3.6213E+00    5.4618E+00
        5249    5    7.4394    4.9170E-01    2.5166E-01    1.0037E+00    4.1952E-01    2.9759E-02    9.4229E-01    4.4094E-01    2.2199E-01    6.0516E-01    5.5579E-03    0.0000E+00    0.0000E+00
        5249    6    7.7720    9.4198E-01    1.2448E+00    2.7115E+00    3.3258E-01    1.0526E-01    9.8985E-02    1.4292E+00    2.3627E+00    1.2842E+01    6.9096E+00    3.3514E+00    3.2440E+00
        5250    5    7.4965    8.6488E-01    4.6495E-01    1.4974E+00    4.5977E-01    1.0822E-01    7.2710E-01    9.0678E-01    4.9422E-01    1.7104E+00    7.7750E-01    5.8580E-02    1.5642E+00
        5250    6    7.7819    9.5252E-01    1.1863E+00    2.2056E+00    2.6144E-01    9.0299E-02    9.1170E-02    1.5669E+00    2.2839E+00    1.1566E+01    6.6884E+00    3.5390E+00    3.4563E+00
        5251    5    7.5537    1.3207E+00    8.8687E-01    2.4604E+00    6.2172E-01    2.5548E-01    5.8903E-01    1.4849E+00    1.0666E+00    4.2613E+00    1.8751E+00    6.2125E-01    3.2950E+00
        5252    5    7.5889    1.4802E+00    9.3962E-01    3.0548E+00    7.5556E-01    3.3067E-01    5.3548E-01    1.7863E+00    1.1506E+00    6.1996E+00    3.1554E+00    1.6877E+00    3.2557E+00
        5253    5    7.6119    1.6035E+00    9.7012E-01    3.3750E+00    8.1266E-01    3.6240E-01    5.1070E-01    1.9897E+00    1.2174E+00    7.4105E+00    4.3877E+00    2.2473E+00    3.1406E+00
        5254    5    7.6342    1.6760E+00    1.0064E+00    3.5840E+00    8.4598E-01    3.7902E-01    5.2073E-01    2.1263E+00    1.2926E+00    8.2114E+00    5.2398E+00    2.6272E+00    3.3766E+00
        5255    5    7.6613    1.6731E+00    1.0508E+00    3.6913E+00    8.4089E-01    3.6565E-01    5.5276E-01    2.2567E+00    1.4055E+00    9.2145E+00    5.6609E+00    3.2346E+00    3.8356E+00
        5310    5    7.4656    6.8253E-01    3.3994E-01    1.3549E+00    4.5534E-01    6.5478E-02    7.4498E-01    6.4584E-01    2.9443E-01    1.3068E+00    3.8815E-01    5.8477E-03    4.1317E-01
        5310    6    7.6864    1.4856E+00    1.7814E+00    4.4970E+00    8.7674E-01    3.2696E-01    3.5312E-01    1.9015E+00    2.4925E+00    1.1980E+01    6.1545E+00    2.8906E+00    3.0243E+00
        5311    5    7.5242    1.0873E+00    7.5235E-01    2.0186E+00    5.6908E-01    2.2187E-01    5.6214E-01    1.1965E+00    8.2883E-01    2.8631E+00    1.3808E+00    2.9732E-01    2.3813E+00
        5311    6    7.7086    1.6583E+00    1.8697E+00    4.0646E+00    7.5658E-01    3.1807E-01    3.2966E-01    2.2394E+00    2.6972E+00    1.1387E+01    6.3448E+00    3.2604E+00    3.6505E+00
        5312    5    7.5670    1.4375E+00    9.3175E-01    2.8545E+00    7.1517E-01    2.9112E-01    4.9144E-01    1.6923E+00    1.1052E+00    5.2858E+00    2.5369E+00    1.3350E+00    2.7029E+00
        5313    5    7.5895    1.5747E+00    9.2099E-01    3.1729E+00    7.9414E-01    3.3557E-01    4.8167E-01    1.9105E+00    1.1152E+00    6.4336E+00    3.5202E+00    1.9050E+00    2.6949E+00
        5314    5    7.6096    1.6335E+00    9.4208E-01    3.3888E+00    8.2740E-01    3.6344E-01    4.8854E-01    2.0289E+00    1.1758E+00    7.3884E+00    4.4891E+00    2.2200E+00    2.9167E+00
        5371    5    7.5038    9.1158E-01    6.1605E-01    1.8346E+00    5.3745E-01    2.0485E-01    5.1641E-01    9.5249E-01    5.8787E-01    2.4103E+00    1.0693E+00    1.9948E-01    1.4554E+00
        5371    6    7.6152    1.4817E+00    1.5563E+00    3.9557E+00    8.5813E-01    3.2709E-01    4.2096E-01    1.7715E+00    1.9399E+00    8.7235E+00    4.2746E+00    2.1701E+00    2.5709E+00
        5372    5    7.5546    1.3378E+00    1.0023E+00    2.7364E+00    6.8591E-01    2.7408E-01    4.5954E-01    1.5500E+00    1.1736E+00    4.8546E+00    2.1111E+00    1.1297E+00    2.3769E+00
        5372    6    7.6561    1.8551E+00    1.9577E+00    3.8604E+00    8.2594E-01    3.8264E-01    4.6723E-01    2.3253E+00    2.6231E+00    9.0370E+00    4.9973E+00    2.7020E+00    3.6646E+00
        5373    5    7.5735    1.4670E+00    9.4197E-01    3.0583E+00    7.5541E-01    3.0145E-01    4.5468E-01    1.7488E+00    1.1029E+00    5.7929E+00    2.9171E+00    1.6129E+00    2.4066E+00
        5432    5    7.5533    1.2792E+00    1.2026E+00    2.8666E+00    6.8469E-01    2.7231E-01    4.3318E-01    1.4761E+00    1.3750E+00    4.9534E+00    2.0983E+00    1.1473E+00    2.1744E+00
        5432    6    7.5548    1.2214E+00    1.2005E+00    2.8701E+00    6.8637E-01    2.7418E-01    4.3831E-01    1.4100E+00    1.3401E+00    4.9804E+00    2.1673E+00    1.1595E+00    2.2414E+00
        8362    5    7.7135    2.0003E+00    7.8563E-01    2.4803E+00    2.8986E-01    1.4718E-01    1.1025E+00    3.0158E+00    1.4941E+00    6.5824E+00    1.9254E+00    1.7657E+00    1.3349E+01
        8363    5    7.7433    1.8309E+00    7.8999E-01    2.0078E+00    2.0149E-01    1.1225E-01    7.0488E-01    2.9678E+00    1.6483E+00    6.2637E+00    2.1150E+00    2.0759E+00    1.3298E+01
        8423    5    7.6486    1.7826E+00    7.8551E-01    2.5943E+00    3.3099E-01    1.9797E-01    1.3587E+00    2.4115E+00    1.2541E+00    5.7403E+00    1.3879E+00    1.4226E+00    1.0622E+01
        8424    5    7.6859    1.8833E+00    9.7132E-01    2.4450E+00    3.3004E-01    2.0230E-01    1.2117E+00    2.6437E+00    1.6387E+00    5.9931E+00    1.8052E+00    1.9448E+00    1.1473E+01
        8425    5    7.7506    1.6742E+00    9.7725E-01    1.7468E+00    1.8778E-01    1.1666E-01    5.6631E-01    2.6625E+00    2.0039E+00    5.9821E+00    2.4174E+00    2.4214E+00    1.2279E+01
        8484    5    7.5992    1.4495E+00    6.9856E-01    2.2772E+00    3.0876E-01    2.0996E-01    1.2549E+00    1.8323E+00    1.0115E+00    4.4292E+00    9.9741E-01    8.9144E-01    8.0086E+00
        8485    5    7.6450    1.7492E+00    1.0016E+00    2.3576E+00    3.5418E-01    2.4018E-01    1.2447E+00    2.2714E+00    1.5520E+00    5.1856E+00    1.5173E+00    1.5839E+00    9.7549E+00
        8486    5    7.7170    1.8537E+00    1.2303E+00    2.1786E+00    3.1561E-01    2.0367E-01    8.9378E-01    2.6073E+00    2.1948E+00    6.0923E+00    2.4354E+00    2.4066E+00    1.1388E+01
        8545    5    7.5632    1.2628E+00    6.7449E-01    1.8783E+00    2.8128E-01    1.9801E-01    1.1196E+00    1.4698E+00    9.1685E-01    3.1367E+00    7.3995E-01    4.6139E-01    5.8175E+00
        8546    5    7.6182    1.6806E+00    1.0489E+00    2.2041E+00    3.6419E-01    2.5332E-01    1.1687E+00    2.0815E+00    1.4880E+00    4.4892E+00    1.4695E+00    1.2578E+00    8.3812E+00
        8547    5    7.6961    1.8821E+00    1.4203E+00    2.3569E+00    3.8699E-01    2.5849E-01    9.8881E-01    2.5177E+00    2.2743E+00    6.0731E+00    2.5758E+00    2.2729E+00    1.0465E+01
        8548    5    7.7789    1.1305E+00    1.0199E+00    1.2501E+00    1.3443E-01    8.2135E-02    2.6737E-01    1.8940E+00    2.3119E+00    6.3223E+00    3.3239E+00    2.9020E+00    1.0412E+01
        8606    5    7.5392    1.2308E+00    6.9568E-01    1.6434E+00    2.8156E-01    1.7105E-01    1.0312E+00    1.3796E+00    8.0328E-01    2.2092E+00    6.2887E-01    2.5455E-01    4.2830E+00
        8607    5    7.6028    1.7374E+00    1.0947E+00    2.1467E+00    3.9601E-01    2.4985E-01    1.1043E+00    2.1181E+00    1.5080E+00    4.1339E+00    1.4689E+00    1.0233E+00    7.4423E+00
        8608    5    7.6836    1.9049E+00    1.5514E+00    2.5428E+00    4.4641E-01    2.9056E-01    9.7746E-01    2.4878E+00    2.3247E+00    6.2020E+00    2.8090E+00    2.1333E+00    9.6174E+00
        8609    5    7.7590    1.3489E+00    1.3385E+00    1.8533E+00    2.3043E-01    1.3303E-01    3.6338E-01    2.0522E+00    2.5279E+00    7.3602E+00    3.8423E+00    3.0063E+00    9.6374E+00
        8667    5    7.5258    1.3053E+00    6.4283E-01    1.4982E+00    3.1052E-01    1.5355E-01    9.7614E-01    1.4448E+00    7.2684E-01    1.8822E+00    6.6001E-01    1.8777E-01    3.5417E+00
        8668    5    7.5966    1.8348E+00    1.1778E+00    2.1941E+00    4.4099E-01    2.5066E-01    1.0403E+00    2.2237E+00    1.5707E+00    4.1242E+00    1.6501E+00    9.1303E-01    6.8553E+00
        8669    5    7.6763    1.8895E+00    1.6316E+00    2.7359E+00    5.1791E-01    3.1145E-01    9.1271E-01    2.4481E+00    2.3662E+00    6.5612E+00    3.2053E+00    2.0671E+00    8.7280E+00
        8670    5    7.7405    1.5226E+00    1.5047E+00    2.4289E+00    3.6908E-01    1.9778E-01    4.4901E-01    2.1900E+00    2.5615E+00    8.2086E+00    4.4430E+00    3.0254E+00    8.4907E+00
        8671    5    7.7805    1.0319E+00    1.0067E+00    1.5382E+00    1.8774E-01    8.6730E-02    1.8202E-01    1.7549E+00    2.1566E+00    8.1921E+00    5.0375E+00    3.4438E+00    7.3952E+00
        8728    5    7.5223    1.3867E+00    6.5962E-01    1.5363E+00    3.5908E-01    1.4597E-01    9.1783E-01    1.5098E+00    7.6257E-01    1.8953E+00    7.6711E-01    1.7241E-01    3.1660E+00
        8729    5    7.5979    1.8732E+00    1.2933E+00    2.3206E+00    5.1269E-01    2.5347E-01    9.5539E-01    2.2690E+00    1.6790E+00    4.4112E+00    1.9966E+00    9.0771E-01    6.5179E+00
        8730    5    7.6725    1.8534E+00    1.6719E+00    2.9186E+00    6.0204E-01    3.2779E-01    8.1625E-01    2.4000E+00    2.3739E+00    7.0102E+00    3.7220E+00    2.1133E+00    7.7313E+00
        8731    5    7.7238    1.6837E+00    1.5537E+00    2.8893E+00    5.2262E-01    2.6621E-01    4.9382E-01    2.3357E+00    2.4568E+00    8.6839E+00    5.0785E+00    3.0795E+00    7.2436E+00
        8732    5    7.7541    1.4473E+00    1.3007E+00    2.3587E+00    3.5902E-01    1.6197E-01    2.6910E-01    2.2353E+00    2.2798E+00    9.2102E+00    5.8229E+00    3.5927E+00    6.4431E+00
        8733    5    7.7757    1.1927E+00    1.0055E+00    1.7687E+00    2.4376E-01    9.9017E-02    1.6506E-01    2.0583E+00    1.9718E+00    8.9419E+00    6.0823E+00    3.7153E+00    6.0542E+00
        8789    5    7.5279    1.4662E+00    7.3484E-01    1.6757E+00    4.1883E-01    1.5058E-01    8.6198E-01    1.5728E+00    8.5632E-01    2.1572E+00    9.8963E-01    1.9550E-01    3.2475E+00
        8790    5    7.6059    1.8423E+00    1.4441E+00    2.4984E+00    5.9441E-01    2.7688E-01    8.5119E-01    2.2266E+00    1.8510E+00    4.9371E+00    2.5485E+00    1.0314E+00    6.2638E+00
        8791    5    7.6716    1.8588E+00    1.6672E+00    3.0927E+00    6.8814E-01    3.6169E-01    6.9043E-01    2.4139E+00    2.3193E+00    7.5254E+00    4.3492E+00    2.3596E+00    6.5658E+00
        8792    5    7.7105    1.8118E+00    1.5704E+00    3.1897E+00    6.4784E-01    3.1946E-01    4.8761E-01    2.4970E+00    2.3409E+00    8.9987E+00    5.6309E+00    3.3195E+00    5.9776E+00
        8793    5    7.7347    1.7148E+00    1.4236E+00    2.9038E+00    5.3005E-01    2.3299E-01    3.4546E-01    2.5414E+00    2.2247E+00    9.5665E+00    6.2574E+00    3.6365E+00    5.5280E+00
        8794    5    7.7563    1.5324E+00    1.2256E+00    2.3842E+00    3.7945E-01    1.4930E-01    2.3181E-01    2.4809E+00    2.0530E+00    9.6059E+00    6.5179E+00    3.7907E+00    5.5141E+00
        8795    5    7.7820    1.1594E+00    8.8641E-01    1.6262E+00    2.2187E-01    8.1889E-02    1.3602E-01    2.1372E+00    1.7148E+00    8.9489E+00    6.3594E+00    3.6129E+00    5.7066E+00
        8850    5    7.5429    1.5885E+00    9.4679E-01    1.8856E+00    5.0705E-01    1.7885E-01    7.8092E-01    1.7244E+00    1.0611E+00    2.7214E+00    1.4070E+00    2.6165E-01    3.6294E+00
        8851    5    7.6206    1.8433E+00    1.6285E+00    2.7497E+00    6.8565E-01    3.4566E-01    7.0539E-01    2.2367E+00    2.0547E+00    5.7526E+00    3.4179E+00    1.4875E+00    5.7909E+00
        8852    5    7.6735    1.9049E+00    1.6439E+00    3.2852E+00    7.5551E-01    3.8376E-01    5.8111E-01    2.4945E+00    2.2465E+00    8.1260E+00    5.0429E+00    2.8293E+00    5.2540E+00
        8853    5    7.7017    1.9139E+00    1.5804E+00    3.3820E+00    7.2505E-01    3.4466E-01    4.6859E-01    2.6397E+00    2.2377E+00    9.2442E+00    6.0750E+00    3.3857E+00    4.9776E+00
        8854    5    7.7231    1.8773E+00    1.4517E+00    3.1752E+00    6.3400E-01    2.7543E-01    3.8136E-01    2.7405E+00    2.1316E+00    9.6645E+00    6.5052E+00    3.6333E+00    4.9582E+00
        8855    5    7.7469    1.7161E+00    1.2778E+00    2.6728E+00    4.5830E-01    1.7943E-01    2.6843E-01    2.7138E+00    2.0011E+00    9.8302E+00    6.6753E+00    3.8044E+00    5.1777E+00
        8856    5    7.7772    1.2503E+00    9.5556E-01    1.7839E+00    2.4797E-01    9.1243E-02    1.4802E-01    2.2567E+00    1.7606E+00    9.1864E+00    6.4749E+00    3.6593E+00    5.6329E+00
        8911    5    7.5679    1.6045E+00    1.3700E+00    2.2629E+00    6.2027E-01    2.7983E-01    6.5011E-01    1.8851E+00    1.6110E+00    3.9004E+00    2.1890E+00    6.0937E-01    4.2243E+00
        8911    6    7.7838    9.7127E-01    1.1565E+00    2.0299E+00    2.4122E-01    8.7421E-02    8.9423E-02    1.6388E+00    2.2399E+00    1.0885E+01    6.5928E+00    3.7092E+00    3.5959E+00
        8912    5    7.6409    1.9164E+00    1.6910E+00    3.1344E+00    7.6809E-01    3.8708E-01    5.8970E-01    2.3963E+00    2.1837E+00    6.9555E+00    4.3687E+00    2.3562E+00    4.7751E+00
        8913    5    7.6769    1.9123E+00    1.6484E+00    3.4744E+00    7.9498E-01    3.8677E-01    5.0892E-01    2.5479E+00    2.2244E+00    8.7287E+00    5.6210E+00    3.0356E+00    4.3951E+00
        8914    5    7.6976    1.9534E+00    1.5898E+00    3.4939E+00    7.6091E-01    3.5513E-01    4.5139E-01    2.7152E+00    2.1865E+00    9.4234E+00    6.2721E+00    3.3942E+00    4.4705E+00
        8915    5    7.7195    1.9284E+00    1.4512E+00    3.2635E+00    6.6312E-01    2.8840E-01    3.8660E-01    2.8128E+00    2.0848E+00    9.7164E+00    6.5813E+00    3.6342E+00    4.7652E+00
        8972    5    7.6042    1.7874E+00    1.6655E+00    2.8969E+00    7.4340E-01    3.4749E-01    5.6074E-01    2.1573E+00    2.0561E+00    5.9110E+00    3.4518E+00    1.7622E+00    3.9919E+00
        8972    6    7.7134    1.6407E+00    1.8613E+00    3.8243E+00    7.1926E-01    3.1450E-01    3.3106E-01    2.2470E+00    2.6988E+00    1.0893E+01    6.3877E+00    3.4386E+00    3.8345E+00
        8973    5    7.6602    1.8546E+00    1.6779E+00    3.4802E+00    8.1064E-01    3.9953E-01    5.0771E-01    2.4152E+00    2.2326E+00    8.3575E+00    5.2699E+00    2.7673E+00    4.0259E+00
        8974    5    7.6787    1.8864E+00    1.6530E+00    3.5709E+00    8.0901E-01    3.8587E-01    4.8038E-01    2.5461E+00    2.2177E+00    9.0302E+00    5.8552E+00    3.0940E+00    4.0960E+00
        9033    5    7.6519    1.8700E+00    1.8262E+00    3.5949E+00    8.1397E-01    3.9082E-01    4.8890E-01    2.3877E+00    2.4024E+00    8.3610E+00    4.9950E+00    2.6601E+00    3.7817E+00
        9033    6    7.6541    1.7803E+00    1.8604E+00    3.6763E+00    8.1972E-01    3.9432E-01    4.8988E-01    2.2798E+00    2.4413E+00    8.5260E+00    5.0137E+00    2.6959E+00    3.8626E+00
       12024    5    7.7804    1.3294E+00    6.6831E-01    1.1931E+00    9.6390E-02    6.3472E-02    3.2579E-01    2.5733E+00    1.7220E+00    5.4722E+00    2.2311E+00    2.2340E+00    1.2851E+01
       12085    5    7.7329    1.8448E+00    1.1220E+00    2.0186E+00    2.4507E-01    1.5434E-01    7.7276E-01    2.7854E+00    2.0941E+00    5.9932E+00    2.2320E+00    2.4052E+00    1.2094E+01
       12146    5    7.7030    1.8996E+00    1.3525E+00    2.2286E+00    3.3897E-01    2.2662E-01    1.0119E+00    2.6347E+00    2.2462E+00    5.7987E+00    2.2333E+00    2.3673E+00    1.1155E+01
       12147    5    7.7901    1.0697E+00    8.8018E-01    9.1754E-01    8.9120E-02    6.2932E-02    2.3431E-01    1.9777E+00    2.1326E+00    5.1755E+00    2.7441E+00    2.7444E+00    1.1067E+01
       12207    5    7.6873    1.9424E+00    1.5324E+00    2.3147E+00    3.8786E-01    2.6951E-01    1.0434E+00    2.5830E+00    2.3348E+00    5.6298E+00    2.3534E+00    2.2060E+00    1.0359E+01
       12208    5    7.7812    1.2171E+00    1.1144E+00    1.1236E+00    1.2064E-01    8.1149E-02    2.6763E-01    2.0803E+00    2.3991E+00    5.6043E+00    3.1168E+00    2.9573E+00    1.0689E+01
       12268    5    7.6820    2.0271E+00    1.6802E+00    2.4216E+00    4.3430E-01    2.9621E-01    1.0004E+00    2.6383E+00    2.4692E+00    5.7285E+00    2.6467E+00    2.1479E+00    9.7883E+00
       12269    5    7.7799    1.2475E+00    1.2416E+00    1.2241E+00    1.3978E-01    8.8627E-02    2.5539E-01    2.0842E+00    2.5071E+00    5.9757E+00    3.5442E+00    3.1478E+00    9.9718E+00
       12329    5    7.6845    2.0809E+00    1.8434E+00    2.5585E+00    4.8819E-01    3.1397E-01    9.0941E-01    2.6882E+00    2.6336E+00    6.0555E+00    3.1475E+00    2.1982E+00    9.2621E+00
       12330    5    7.7829    1.1967E+00    1.2829E+00    1.2364E+00    1.5035E-01    8.5547E-02    2.1777E-01    2.0326E+00    2.5126E+00    6.3003E+00    4.0976E+00    3.3400E+00    8.9631E+00
       12390    5    7.6931    2.1016E+00    1.9929E+00    2.6701E+00    5.4747E-01    3.2358E-01    7.8050E-01    2.7314E+00    2.8171E+00    6.5564E+00    3.8272E+00    2.4093E+00    8.6309E+00
       12391    5    7.7891    1.1746E+00    1.1444E+00    1.1730E+00    1.5082E-01    7.9909E-02    1.6532E-01    2.0232E+00    2.2731E+00    6.5338E+00    4.6989E+00    3.5451E+00    7.7274E+00
       12451    5    7.7081    2.1354E+00    2.0110E+00    2.7106E+00    5.7868E-01    3.3822E-01    5.9637E-01    2.8378E+00    2.9118E+00    7.1477E+00    4.5960E+00    2.9424E+00    7.7572E+00
       12512    5    7.7313    2.1356E+00    1.8675E+00    2.6069E+00    5.1222E-01    2.8303E-01    3.9375E-01    2.9439E+00    2.8146E+00    7.8677E+00    5.4135E+00    3.6790E+00    6.4295E+00
       12573    5    7.7646    1.7299E+00    1.6253E+00    2.0679E+00    3.1450E-01    1.5464E-01    1.9372E-01    2.6349E+00    2.6807E+00    8.3701E+00    5.9843E+00    4.1375E+00    5.4421E+00
