    0.0000E+00  0.00000E+00  0.00000E+00  0.00000E+00  0.00000E+00
    5.1090E-02  0.00000E+00  0.00000E+00  0.00000E+00  0.00000E+00
    1.0218E-01  0.00000E+00  0.00000E+00  0.00000E+00  0.00000E+00
    1.5327E-01  0.00000E+00  0.00000E+00  0.00000E+00  0.00000E+00
    2.0436E-01  0.00000E+00  0.00000E+00  0.00000E+00  0.00000E+00
    2.5545E-01  0.00000E+00  0.00000E+00  0.00000E+00  0.00000E+00
    3.0654E-01  0.00000E+00  0.00000E+00  0.00000E+00  0.00000E+00
    3.5763E-01  0.00000E+00  0.00000E+00  0.00000E+00  0.00000E+00
    4.0872E-01  0.00000E+00  0.00000E+00  0.00000E+00  0.00000E+00
    4.5981E-01  0.00000E+00  0.00000E+00  0.00000E+00  0.00000E+00
    5.1090E-01  0.00000E+00  0.00000E+00  0.00000E+00  0.00000E+00
    5.6200E-01  0.00000E+00  0.00000E+00  0.00000E+00  0.00000E+00
    6.1309E-01  7.01711E-05  7.01711E-05  0.00000E+00  0.00000E+00
    6.6418E-01  7.01711E-05  7.01711E-05  0.00000E+00  0.00000E+00
    7.1527E-01  7.01711E-05  7.01711E-05  0.00000E+00  0.00000E+00
    7.6636E-01  7.01711E-05  7.01711E-05  0.00000E+00  0.00000E+00
    8.1745E-01  7.01711E-05  7.01711E-05  0.00000E+00  0.00000E+00
    8.6854E-01  7.01711E-05  7.01711E-05  0.00000E+00  0.00000E+00
    9.1963E-01  7.01711E-05  7.01711E-05  0.00000E+00  0.00000E+00
    9.7072E-01  7.01711E-05  7.01711E-05  0.00000E+00  0.00000E+00
    1.0218E+00  7.01711E-05  7.01711E-05  0.00000E+00  0.00000E+00
    1.0729E+00  7.01711E-05  7.01711E-05  0.00000E+00  0.00000E+00
    1.1240E+00  7.01711E-05  7.01711E-05  0.00000E+00  0.00000E+00
    1.1751E+00  7.01711E-05  7.01711E-05  0.00000E+00  0.00000E+00
    1.2262E+00  7.01711E-05  7.01711E-05  0.00000E+00  0.00000E+00
    1.2773E+00  7.01711E-05  7.01711E-05  0.00000E+00  0.00000E+00
    1.3284E+00  7.01711E-05  7.01711E-05  0.00000E+00  0.00000E+00
    1.3794E+00  7.01711E-05  7.01711E-05  0.00000E+00  0.00000E+00
    1.4305E+00  7.01711E-05  7.01711E-05  0.00000E+00  0.00000E+00
    1.4816E+00  7.01711E-05  7.01711E-05  0.00000E+00  0.00000E+00
    1.5327E+00  7.01711E-05  7.01711E-05  0.00000E+00  0.00000E+00
    1.5838E+00  7.01711E-05  7.01711E-05  0.00000E+00  0.00000E+00
    1.6349E+00  7.01711E-05  7.01711E-05  0.00000E+00  0.00000E+00
    1.6860E+00  7.01711E-05  7.01711E-05  0.00000E+00  0.00000E+00
    1.7371E+00  7.01711E-05  7.01711E-05  0.00000E+00  0.00000E+00
    1.7882E+00  7.01711E-05  7.01711E-05  0.00000E+00  0.00000E+00
    1.8393E+00  7.01711E-05  7.01711E-05  0.00000E+00  0.00000E+00
    1.8903E+00  7.01711E-05  7.01711E-05  0.00000E+00  0.00000E+00
    1.9414E+00  7.01711E-05  7.01711E-05  0.00000E+00  0.00000E+00
    1.9925E+00  7.01711E-05  7.01711E-05  0.00000E+00  0.00000E+00
    2.0436E+00  7.01711E-05  7.01711E-05  0.00000E+00  0.00000E+00
    2.0947E+00  7.01711E-05  7.01711E-05  0.00000E+00  0.00000E+00
    2.1458E+00  7.01711E-05  7.01711E-05  0.00000E+00  0.00000E+00
    2.1969E+00  7.01711E-05  7.01711E-05  0.00000E+00  0.00000E+00
    2.2480E+00  7.01711E-05  7.01711E-05  0.00000E+00  0.00000E+00
    2.2991E+00  7.01711E-05  7.01711E-05  0.00000E+00  0.00000E+00
    2.3502E+00  7.01711E-05  7.01711E-05  0.00000E+00  0.00000E+00
    2.4013E+00  7.01711E-05  7.01711E-05  0.00000E+00  0.00000E+00
    2.4523E+00  7.01711E-05  7.01711E-05  0.00000E+00  0.00000E+00
    2.5034E+00  7.01711E-05  7.01711E-05  0.00000E+00  0.00000E+00
    2.5545E+00  7.01711E-05  7.01711E-05  0.00000E+00  0.00000E+00
    2.6056E+00  7.01711E-05  7.01711E-05  0.00000E+00  0.00000E+00
    2.6567E+00  7.01711E-05  7.01711E-05  0.00000E+00  0.00000E+00
    2.7078E+00  7.01711E-05  7.01711E-05  0.00000E+00  0.00000E+00
    2.7589E+00  7.01711E-05  7.01711E-05  0.00000E+00  0.00000E+00
    2.8100E+00  7.01711E-05  7.01711E-05  0.00000E+00  0.00000E+00
    2.8611E+00  7.01711E-05  7.01711E-05  0.00000E+00  0.00000E+00
    2.9122E+00  7.01711E-05  7.01711E-05  0.00000E+00  0.00000E+00
    2.9632E+00  7.01711E-05  7.01711E-05  0.00000E+00  0.00000E+00
    3.0143E+00  7.01711E-05  7.01711E-05  0.00000E+00  0.00000E+00
    3.0654E+00  7.01711E-05  7.01711E-05  0.00000E+00  0.00000E+00
    3.1165E+00  7.01711E-05  7.01711E-05  0.00000E+00  0.00000E+00
    3.1676E+00  7.01711E-05  7.01711E-05  0.00000E+00  0.00000E+00
    3.2187E+00  7.01711E-05  7.01711E-05  0.00000E+00  0.00000E+00
    3.2698E+00 -1.13930E-02  7.01711E-05  0.00000E+00  0.00000E+00
    3.3209E+00 -1.13930E-02  7.01711E-05  0.00000E+00  0.00000E+00
    3.3720E+00 -1.13930E-02  7.01711E-05  0.00000E+00  0.00000E+00
    3.4231E+00 -1.13930E-02  7.01711E-05  0.00000E+00  0.00000E+00
    3.4742E+00 -1.13930E-02  7.01711E-05  0.00000E+00  0.00000E+00
    3.5252E+00 -1.13930E-02  7.01711E-05  0.00000E+00  0.00000E+00
    3.5763E+00 -1.13930E-02  7.01711E-05  0.00000E+00  0.00000E+00
    3.6274E+00 -1.13930E-02  7.01711E-05  0.00000E+00  0.00000E+00
    3.6785E+00 -1.13930E-02  7.01711E-05  0.00000E+00  0.00000E+00
    3.7296E+00 -1.13930E-02  7.01711E-05  0.00000E+00  0.00000E+00
    3.7807E+00 -1.13930E-02  7.01711E-05  0.00000E+00  0.00000E+00
    3.8318E+00 -1.13930E-02  7.01711E-05  0.00000E+00  0.00000E+00
    3.8829E+00 -1.13930E-02  7.01711E-05  0.00000E+00  0.00000E+00
    3.9340E+00 -1.13930E-02  7.01711E-05  0.00000E+00  0.00000E+00
    3.9851E+00 -1.13930E-02  7.01711E-05  0.00000E+00  0.00000E+00
    4.0361E+00 -1.13930E-02  7.01711E-05  0.00000E+00  0.00000E+00
    4.0872E+00 -5.08763E-03  6.37551E-03  0.00000E+00  0.00000E+00
    4.1383E+00 -5.08763E-03  6.37551E-03  0.00000E+00  0.00000E+00
    4.1894E+00 -5.08763E-03  6.37551E-03  0.00000E+00  0.00000E+00
    4.2405E+00 -5.08763E-03  6.37551E-03  0.00000E+00  0.00000E+00
    4.2916E+00 -5.08763E-03  6.37551E-03  0.00000E+00  0.00000E+00
    4.3427E+00 -5.08763E-03  6.37551E-03  0.00000E+00  0.00000E+00
    4.3938E+00 -5.08763E-03  6.37551E-03  0.00000E+00  0.00000E+00
    4.4449E+00 -5.08763E-03  6.37551E-03  0.00000E+00  0.00000E+00
    4.4960E+00  1.04615E-02  2.19246E-02  0.00000E+00  0.00000E+00
    4.5471E+00  1.04615E-02  2.19246E-02  0.00000E+00  0.00000E+00
    4.5981E+00  1.04615E-02  2.19246E-02  0.00000E+00  0.00000E+00
    4.6492E+00  1.04615E-02  2.19246E-02  0.00000E+00  0.00000E+00
    4.7003E+00  1.04615E-02  2.19246E-02  0.00000E+00  0.00000E+00
    4.7514E+00  1.04615E-02  2.19246E-02  0.00000E+00  0.00000E+00
    4.8025E+00  1.04615E-02  2.19246E-02  0.00000E+00  0.00000E+00
    4.8536E+00  1.04615E-02  2.19246E-02  0.00000E+00  0.00000E+00
    4.9047E+00  1.04615E-02  2.19246E-02  0.00000E+00  0.00000E+00
    4.9558E+00  1.04615E-02  2.19246E-02  0.00000E+00  0.00000E+00
    5.0069E+00  1.04615E-02  2.19246E-02  0.00000E+00  0.00000E+00
    5.0580E+00  1.04615E-02  2.19246E-02  0.00000E+00  0.00000E+00
    5.1090E+00  1.04615E-02  2.19246E-02  0.00000E+00  0.00000E+00
    5.1601E+00 -5.95342E-03  2.19246E-02  0.00000E+00  0.00000E+00
    5.2112E+00 -5.42732E-02  2.19246E-02  0.00000E+00  0.00000E+00
    5.2623E+00 -5.42732E-02  2.19246E-02  0.00000E+00  0.00000E+00
    5.3134E+00 -5.42732E-02  2.19246E-02  0.00000E+00  0.00000E+00
    5.3645E+00 -5.42732E-02  2.19246E-02  0.00000E+00  0.00000E+00
    5.4156E+00 -5.42732E-02  2.19246E-02  0.00000E+00  0.00000E+00
    5.4667E+00 -5.42732E-02  2.19246E-02  0.00000E+00  0.00000E+00
    5.5178E+00 -5.42732E-02  2.19246E-02  0.00000E+00  0.00000E+00
    5.5689E+00 -5.42732E-02  2.19246E-02  0.00000E+00  0.00000E+00
    5.6200E+00 -5.42732E-02  2.19246E-02  0.00000E+00  0.00000E+00
    5.6710E+00 -5.42732E-02  2.19246E-02  0.00000E+00  0.00000E+00
    5.7221E+00 -5.42732E-02  2.19246E-02  0.00000E+00  0.00000E+00
    5.7732E+00 -5.42732E-02  2.19246E-02  0.00000E+00  0.00000E+00
    5.8243E+00 -7.92958E-02  2.19246E-02  0.00000E+00  0.00000E+00
    5.8754E+00 -7.92958E-02  2.19246E-02  0.00000E+00  0.00000E+00
    5.9265E+00 -1.22851E-01  2.19246E-02  0.00000E+00  0.00000E+00
    5.9776E+00 -1.29925E-01  2.19246E-02  0.00000E+00  0.00000E+00
    6.0287E+00 -1.29925E-01  2.19246E-02  0.00000E+00  0.00000E+00
    6.0798E+00 -1.29925E-01  2.19246E-02  0.00000E+00  0.00000E+00
    6.1309E+00 -1.50771E-01  2.19246E-02  0.00000E+00  0.00000E+00
    6.1819E+00 -1.50771E-01  2.19246E-02  0.00000E+00  0.00000E+00
    6.2330E+00 -1.50771E-01  2.19246E-02  0.00000E+00  0.00000E+00
    6.2841E+00 -1.52875E-01  2.19246E-02  0.00000E+00  0.00000E+00
    6.3352E+00 -1.58623E-01  2.19246E-02  0.00000E+00  0.00000E+00
    6.3863E+00 -1.58623E-01  2.19246E-02  0.00000E+00  0.00000E+00
    6.4374E+00 -1.85077E-01  2.19246E-02  0.00000E+00  0.00000E+00
    6.4885E+00 -1.85077E-01  2.19246E-02  0.00000E+00  0.00000E+00
    6.5396E+00 -1.97124E-01  2.19246E-02  0.00000E+00  0.00000E+00
    6.5907E+00 -1.97124E-01  2.19246E-02  0.00000E+00  0.00000E+00
    6.6418E+00 -1.97650E-01  2.19246E-02  0.00000E+00  0.00000E+00
    6.6929E+00 -2.00736E-01  2.19246E-02  0.00000E+00  0.00000E+00
    6.7439E+00 -2.00736E-01  2.19246E-02  0.00000E+00  0.00000E+00
    6.7950E+00 -2.00736E-01  2.19246E-02  0.00000E+00  0.00000E+00
    6.8461E+00 -2.00736E-01  2.19246E-02  0.00000E+00  0.00000E+00
    6.8972E+00 -2.00736E-01  2.19246E-02  0.00000E+00  0.00000E+00
    6.9483E+00 -2.00736E-01  2.19246E-02  0.00000E+00  0.00000E+00
    6.9994E+00 -2.00736E-01  2.19246E-02  0.00000E+00  0.00000E+00
    7.0505E+00 -2.08269E-01  2.19246E-02  0.00000E+00  0.00000E+00
    7.1016E+00 -2.08269E-01  2.19246E-02  0.00000E+00  0.00000E+00
    7.1527E+00 -2.09614E-01  2.19246E-02  0.00000E+00  0.00000E+00
    7.2038E+00 -2.09614E-01  2.19246E-02  0.00000E+00  0.00000E+00
    7.2548E+00 -2.09772E-01  2.19246E-02  0.00000E+00  0.00000E+00
    7.3059E+00 -2.10071E-01  2.19246E-02  0.00000E+00  0.00000E+00
    7.3570E+00 -2.36121E-01  2.19246E-02  0.00000E+00  0.00000E+00
    7.4081E+00 -2.36121E-01  2.19246E-02  0.00000E+00  0.00000E+00
    7.4592E+00 -2.36121E-01  2.19246E-02  0.00000E+00  0.00000E+00
    7.5103E+00 -2.36121E-01  2.19246E-02  0.00000E+00  0.00000E+00
    7.5614E+00 -2.36121E-01  2.19246E-02  0.00000E+00  0.00000E+00
    7.6125E+00 -2.36121E-01  2.19246E-02  0.00000E+00  0.00000E+00
    7.6636E+00 -2.36121E-01  2.19246E-02  0.00000E+00  0.00000E+00
    7.7147E+00 -2.36121E-01  2.19246E-02  0.00000E+00  0.00000E+00
    7.7658E+00 -2.39454E-01  2.19246E-02  0.00000E+00  0.00000E+00
    7.8168E+00 -2.39454E-01  2.19246E-02  0.00000E+00  0.00000E+00
    7.8679E+00 -2.39454E-01  2.19246E-02  0.00000E+00  0.00000E+00
    7.9190E+00 -2.39454E-01  2.19246E-02  0.00000E+00  0.00000E+00
    7.9701E+00 -2.39454E-01  2.19246E-02  0.00000E+00  0.00000E+00
    8.0212E+00 -2.39454E-01  2.19246E-02  0.00000E+00  0.00000E+00
    8.0723E+00 -3.16578E-01  2.19246E-02  0.00000E+00  0.00000E+00
    8.1234E+00 -3.17121E-01  2.19246E-02  0.00000E+00  0.00000E+00
    8.1745E+00 -3.17338E-01  2.19246E-02  0.00000E+00  0.00000E+00
    8.2256E+00 -3.17338E-01  2.19246E-02  0.00000E+00  0.00000E+00
    8.2767E+00 -3.17338E-01  2.19246E-02  0.00000E+00  0.00000E+00
    8.3277E+00 -3.17338E-01  2.19246E-02  0.00000E+00  0.00000E+00
    8.3788E+00 -3.17338E-01  2.19246E-02  0.00000E+00  0.00000E+00
    8.4299E+00 -3.17338E-01  2.19246E-02  0.00000E+00  0.00000E+00
    8.4810E+00 -3.17338E-01  2.19246E-02  0.00000E+00  0.00000E+00
    8.5321E+00 -3.39147E-01  2.19246E-02  0.00000E+00  0.00000E+00
    8.5832E+00 -3.39147E-01  2.19246E-02  0.00000E+00  0.00000E+00
    8.6343E+00 -3.39147E-01  2.19246E-02  0.00000E+00  0.00000E+00
    8.6854E+00 -3.39147E-01  2.19246E-02  0.00000E+00  0.00000E+00
    8.7365E+00 -3.52707E-01  1.52033E-02  0.00000E+00  0.00000E+00
    8.7876E+00 -3.54018E-01  1.52033E-02  0.00000E+00  0.00000E+00
    8.8387E+00 -3.54018E-01  1.52033E-02  0.00000E+00  0.00000E+00
    8.8897E+00 -3.54018E-01  1.52033E-02  0.00000E+00  0.00000E+00
    8.9408E+00 -3.54018E-01  1.52033E-02  0.00000E+00  0.00000E+00
    8.9919E+00 -3.54018E-01  1.52033E-02  0.00000E+00  0.00000E+00
    9.0430E+00 -3.54018E-01  1.52033E-02  0.00000E+00  0.00000E+00
    9.0941E+00 -3.54018E-01  1.52033E-02  0.00000E+00  0.00000E+00
    9.1452E+00 -3.54018E-01  1.52033E-02  0.00000E+00  0.00000E+00
    9.1963E+00 -3.54018E-01  1.52033E-02  0.00000E+00  0.00000E+00
    9.2474E+00 -3.54018E-01  1.52033E-02  0.00000E+00  0.00000E+00
    9.2985E+00 -3.54018E-01  1.52033E-02  0.00000E+00  0.00000E+00
    9.3496E+00 -3.54018E-01  1.52033E-02  0.00000E+00  0.00000E+00
    9.4006E+00 -3.54612E-01  1.52033E-02  0.00000E+00  0.00000E+00
    9.4517E+00 -3.54612E-01  1.52033E-02  0.00000E+00  0.00000E+00
    9.5028E+00 -2.42957E-01  1.26858E-01  0.00000E+00  0.00000E+00
    9.5539E+00 -2.42957E-01  1.26858E-01  0.00000E+00  0.00000E+00
    9.6050E+00 -2.42957E-01  1.26858E-01  0.00000E+00  0.00000E+00
    9.6561E+00 -2.42957E-01  1.26858E-01  0.00000E+00  0.00000E+00
    9.7072E+00 -2.42957E-01  1.26858E-01  0.00000E+00  0.00000E+00
    9.7583E+00 -2.42957E-01  1.26858E-01  0.00000E+00  0.00000E+00
    9.8094E+00 -2.42957E-01  1.26858E-01  0.00000E+00  0.00000E+00
    9.8605E+00 -2.42957E-01  1.26858E-01  0.00000E+00  0.00000E+00
    9.9116E+00 -3.57951E-01  6.93614E-02  0.00000E+00  0.00000E+00
    9.9626E+00 -3.57951E-01  6.93614E-02  0.00000E+00  0.00000E+00
    1.0014E+01 -5.64484E-01  1.77281E-02  0.00000E+00  0.00000E+00
    1.0065E+01 -5.64484E-01  1.77281E-02  0.00000E+00  0.00000E+00
    1.0116E+01 -5.69576E-01  1.77281E-02  0.00000E+00  0.00000E+00
    1.0167E+01 -5.73227E-01  1.77281E-02  0.00000E+00  0.00000E+00
    1.0218E+01 -5.73227E-01  1.77281E-02  0.00000E+00  0.00000E+00
    1.0269E+01 -5.80416E-01  1.77281E-02  0.00000E+00  0.00000E+00
    1.0320E+01 -5.80416E-01  1.77281E-02  0.00000E+00  0.00000E+00
    1.0371E+01 -5.81147E-01  1.77281E-02  0.00000E+00  0.00000E+00
    1.0422E+01 -5.96663E-01  1.48223E-02  0.00000E+00  0.00000E+00
    1.0474E+01 -6.10825E-01  1.48223E-02  0.00000E+00  0.00000E+00
    1.0525E+01 -6.22188E-01  1.48223E-02  0.00000E+00  0.00000E+00
    1.0576E+01 -6.22188E-01  1.48223E-02  0.00000E+00  0.00000E+00
    1.0627E+01 -6.22188E-01  1.48223E-02  0.00000E+00  0.00000E+00
    1.0678E+01 -6.22302E-01  1.48223E-02  0.00000E+00  0.00000E+00
    1.0729E+01 -6.22302E-01  1.48223E-02  0.00000E+00  0.00000E+00
    1.0780E+01 -6.31115E-01  1.46484E-02  0.00000E+00  0.00000E+00
    1.0831E+01 -6.50268E-01  1.46484E-02  0.00000E+00  0.00000E+00
    1.0882E+01 -6.50268E-01  1.46484E-02  0.00000E+00  0.00000E+00
    1.0933E+01 -6.52147E-01  1.27691E-02  0.00000E+00  0.00000E+00
    1.0984E+01 -6.85142E-01  1.27691E-02  0.00000E+00  0.00000E+00
    1.1036E+01 -6.85920E-01  1.27691E-02  0.00000E+00  0.00000E+00
    1.1087E+01 -7.29381E-01  1.27691E-02  0.00000E+00  0.00000E+00
    1.1138E+01 -7.32529E-01  1.27691E-02  0.00000E+00  0.00000E+00
    1.1189E+01 -7.32529E-01  1.27691E-02  0.00000E+00  0.00000E+00
    1.1240E+01 -7.41012E-01  1.27691E-02  0.00000E+00  0.00000E+00
    1.1291E+01 -7.41012E-01  1.27691E-02  0.00000E+00  0.00000E+00
    1.1342E+01 -7.41012E-01  1.27691E-02  0.00000E+00  0.00000E+00
    1.1393E+01 -7.41012E-01  1.27691E-02  0.00000E+00  0.00000E+00
    1.1444E+01 -8.82873E-01 -5.81619E-02  0.00000E+00  0.00000E+00
    1.1495E+01 -1.00752E+00 -6.16415E-02  0.00000E+00  0.00000E+00
    1.1546E+01 -1.10468E+00 -6.16415E-02  0.00000E+00  0.00000E+00
    1.1598E+01 -1.10468E+00 -6.16415E-02  0.00000E+00  0.00000E+00
    1.1649E+01 -1.13034E+00 -6.80581E-02  0.00000E+00  0.00000E+00
    1.1700E+01 -1.13034E+00 -6.80581E-02  0.00000E+00  0.00000E+00
    1.1751E+01 -1.13034E+00 -6.80581E-02  0.00000E+00  0.00000E+00
    1.1802E+01 -1.34556E+00 -6.80581E-02  0.00000E+00  0.00000E+00
    1.1853E+01 -1.34556E+00 -6.80581E-02  0.00000E+00  0.00000E+00
    1.1904E+01 -1.39522E+00 -6.80581E-02  0.00000E+00  0.00000E+00
    1.1955E+01 -1.39522E+00 -6.80581E-02  0.00000E+00  0.00000E+00
    1.2006E+01 -1.39522E+00 -6.80581E-02  0.00000E+00  0.00000E+00
    1.2057E+01 -6.92943E-01  6.34565E-01  0.00000E+00  0.00000E+00
    1.2108E+01 -7.21867E-01  6.27334E-01  0.00000E+00  0.00000E+00
    1.2160E+01 -7.23584E-01  6.27334E-01  0.00000E+00  0.00000E+00
    1.2211E+01 -7.72199E-01  6.27334E-01  0.00000E+00  0.00000E+00
    1.2262E+01 -7.72199E-01  6.27334E-01  0.00000E+00  0.00000E+00
    1.2313E+01 -7.72199E-01  6.27334E-01  0.00000E+00  0.00000E+00
    1.2364E+01 -7.72199E-01  6.27334E-01  0.00000E+00  0.00000E+00
    1.2415E+01 -7.72199E-01  6.27334E-01  0.00000E+00  0.00000E+00
    1.2466E+01 -8.03483E-01  6.27334E-01  0.00000E+00  0.00000E+00
    1.2517E+01 -8.03483E-01  6.27334E-01  0.00000E+00  0.00000E+00
    1.2568E+01 -8.03483E-01  6.27334E-01  0.00000E+00  0.00000E+00
    1.2619E+01 -8.03827E-01  6.27334E-01  0.00000E+00  0.00000E+00
    1.2670E+01 -9.85737E-01  5.61856E-01  0.00000E+00  0.00000E+00
    1.2722E+01 -9.85737E-01  5.61856E-01  0.00000E+00  0.00000E+00
    1.2773E+01 -9.86790E-01  5.61856E-01  0.00000E+00  0.00000E+00
    1.2824E+01 -1.18836E+00  5.61856E-01  0.00000E+00  0.00000E+00
    1.2875E+01 -1.18863E+00  5.61856E-01  0.00000E+00  0.00000E+00
    1.2926E+01 -1.18863E+00  5.61856E-01  0.00000E+00  0.00000E+00
    1.2977E+01 -1.18863E+00  5.61856E-01  0.00000E+00  0.00000E+00
    1.3028E+01 -1.18863E+00  5.61856E-01  0.00000E+00  0.00000E+00
    1.3079E+01 -1.18863E+00  5.61856E-01  0.00000E+00  0.00000E+00
    1.3130E+01 -1.18863E+00  5.61856E-01  0.00000E+00  0.00000E+00
    1.3181E+01 -1.18863E+00  5.61856E-01  0.00000E+00  0.00000E+00
    1.3232E+01 -1.27182E+00  5.61856E-01  0.00000E+00  0.00000E+00
    1.3284E+01 -1.28024E+00  5.61856E-01  0.00000E+00  0.00000E+00
    1.3335E+01 -1.50595E+00  5.61856E-01  0.00000E+00  0.00000E+00
    1.3386E+01 -2.03150E+00  5.61856E-01  0.00000E+00  0.00000E+00
    1.3437E+01 -2.03179E+00  5.61568E-01  0.00000E+00  0.00000E+00
    1.3488E+01 -2.05761E+00  5.61568E-01  0.00000E+00  0.00000E+00
    1.3539E+01 -2.05761E+00  5.61568E-01  0.00000E+00  0.00000E+00
    1.3590E+01 -2.26933E+00  4.55708E-01  0.00000E+00  0.00000E+00
    1.3641E+01 -2.26933E+00  4.55708E-01  0.00000E+00  0.00000E+00
    1.3692E+01 -2.26933E+00  4.55708E-01  0.00000E+00  0.00000E+00
    1.3743E+01 -2.44460E+00  4.55708E-01  0.00000E+00  0.00000E+00
    1.3794E+01 -2.44460E+00  4.55708E-01  0.00000E+00  0.00000E+00
    1.3846E+01 -2.44460E+00  4.55708E-01  0.00000E+00  0.00000E+00
    1.3897E+01 -2.45095E+00  4.54119E-01  0.00000E+00  0.00000E+00
    1.3948E+01 -2.45363E+00  4.54119E-01  0.00000E+00  0.00000E+00
    1.3999E+01 -2.45363E+00  4.54119E-01  0.00000E+00  0.00000E+00
    1.4050E+01 -2.46158E+00  4.54119E-01  0.00000E+00  0.00000E+00
    1.4101E+01 -2.65000E+00  3.59907E-01  0.00000E+00  0.00000E+00
    1.4152E+01 -2.65144E+00  3.59546E-01  0.00000E+00  0.00000E+00
    1.4203E+01 -2.88547E+00  3.01040E-01  0.00000E+00  0.00000E+00
    1.4254E+01 -2.88547E+00  3.01040E-01  0.00000E+00  0.00000E+00
    1.4305E+01 -2.88547E+00  3.01040E-01  0.00000E+00  0.00000E+00
    1.4356E+01 -2.88633E+00  3.01040E-01  0.00000E+00  0.00000E+00
    1.4408E+01 -2.99257E+00  2.47923E-01  0.00000E+00  0.00000E+00
    1.4459E+01 -3.21763E+00  2.47923E-01  0.00000E+00  0.00000E+00
    1.4510E+01 -3.21763E+00  2.47923E-01  0.00000E+00  0.00000E+00
    1.4561E+01 -4.68912E+00 -4.87825E-01  0.00000E+00  0.00000E+00
    1.4612E+01 -4.68912E+00 -4.87825E-01  0.00000E+00  0.00000E+00
    1.4663E+01 -4.68912E+00 -4.87825E-01  0.00000E+00  0.00000E+00
    1.4714E+01 -4.68912E+00 -4.87825E-01  0.00000E+00  0.00000E+00
    1.4765E+01 -5.15594E+00 -4.87825E-01  0.00000E+00  0.00000E+00
    1.4816E+01 -5.16934E+00 -4.87825E-01  0.00000E+00  0.00000E+00
    1.4867E+01 -5.16934E+00 -4.87825E-01  0.00000E+00  0.00000E+00
    1.4918E+01 -5.16934E+00 -4.87825E-01  0.00000E+00  0.00000E+00
    1.4970E+01 -5.32141E+00 -5.63860E-01  0.00000E+00  0.00000E+00
    1.5021E+01 -5.49535E+00 -5.63860E-01  0.00000E+00  0.00000E+00
    1.5072E+01 -5.50094E+00 -5.63860E-01  0.00000E+00  0.00000E+00
    1.5123E+01 -5.50094E+00 -5.63860E-01  0.00000E+00  0.00000E+00
    1.5174E+01 -5.50094E+00 -5.63860E-01  0.00000E+00  0.00000E+00
    1.5225E+01 -5.50094E+00 -5.63860E-01  0.00000E+00  0.00000E+00
    1.5276E+01 -5.51418E+00 -5.63860E-01  0.00000E+00  0.00000E+00
    1.5327E+01 -5.51418E+00 -5.63860E-01  0.00000E+00  0.00000E+00
    1.5378E+01 -5.51418E+00 -5.63860E-01  0.00000E+00  0.00000E+00
    1.5429E+01 -8.25176E+00 -2.61692E+00  0.00000E+00  0.00000E+00
    1.5480E+01 -8.25176E+00 -2.61692E+00  0.00000E+00  0.00000E+00
    1.5532E+01 -8.25385E+00 -2.61692E+00  0.00000E+00  0.00000E+00
    1.5583E+01 -8.25385E+00 -2.61692E+00  0.00000E+00  0.00000E+00
    1.5634E+01 -8.25385E+00 -2.61692E+00  0.00000E+00  0.00000E+00
    1.5685E+01 -8.25385E+00 -2.61692E+00  0.00000E+00  0.00000E+00
    1.5736E+01 -8.25385E+00 -2.61692E+00  0.00000E+00  0.00000E+00
    1.5787E+01 -8.25385E+00 -2.61692E+00  0.00000E+00  0.00000E+00
    1.5838E+01 -8.49724E+00 -2.86031E+00  0.00000E+00  0.00000E+00
    1.5889E+01 -9.23029E+00 -2.86031E+00  0.00000E+00  0.00000E+00
    1.5940E+01 -9.23029E+00 -2.86031E+00  0.00000E+00  0.00000E+00
    1.5991E+01 -9.23029E+00 -2.86031E+00  0.00000E+00  0.00000E+00
    1.6042E+01 -9.23415E+00 -2.86031E+00  0.00000E+00  0.00000E+00
    1.6093E+01 -9.23415E+00 -2.86031E+00  0.00000E+00  0.00000E+00
    1.6145E+01 -9.25223E+00 -2.86031E+00  0.00000E+00  0.00000E+00
    1.6196E+01 -9.26730E+00 -2.86031E+00  0.00000E+00  0.00000E+00
    1.6247E+01 -9.42844E+00 -2.88723E+00  0.00000E+00  0.00000E+00
    1.6298E+01 -9.42844E+00 -2.88723E+00  0.00000E+00  0.00000E+00
    1.6349E+01 -1.11980E+01 -4.65172E+00  0.00000E+00  0.00000E+00
    1.6400E+01 -1.11980E+01 -4.65172E+00  0.00000E+00  0.00000E+00
    1.6451E+01 -1.11980E+01 -4.65172E+00  0.00000E+00  0.00000E+00
    1.6502E+01 -1.12014E+01 -4.65172E+00  0.00000E+00  0.00000E+00
    1.6553E+01 -1.12014E+01 -4.65172E+00  0.00000E+00  0.00000E+00
    1.6604E+01 -1.12014E+01 -4.65172E+00  0.00000E+00  0.00000E+00
    1.6655E+01 -1.12649E+01 -4.65826E+00  0.00000E+00  0.00000E+00
    1.6707E+01 -1.12928E+01 -4.65826E+00  0.00000E+00  0.00000E+00
    1.6758E+01 -1.25758E+01 -5.94130E+00  0.00000E+00  0.00000E+00
    1.6809E+01 -1.25758E+01 -5.94130E+00  0.00000E+00  0.00000E+00
    1.6860E+01 -1.25785E+01 -5.94130E+00  0.00000E+00  0.00000E+00
    1.6911E+01 -1.26084E+01 -5.94878E+00  0.00000E+00  0.00000E+00
    1.6962E+01 -1.26796E+01 -5.94892E+00  0.00000E+00  0.00000E+00
    1.7013E+01 -1.26796E+01 -5.94892E+00  0.00000E+00  0.00000E+00
    1.7064E+01 -1.39832E+01 -6.92443E+00  0.00000E+00  0.00000E+00
    1.7115E+01 -1.40288E+01 -6.92443E+00  0.00000E+00  0.00000E+00
    1.7166E+01 -1.42593E+01 -6.92443E+00  0.00000E+00  0.00000E+00
    1.7217E+01 -1.42813E+01 -6.92994E+00  0.00000E+00  0.00000E+00
    1.7269E+01 -1.42830E+01 -6.92994E+00  0.00000E+00  0.00000E+00
    1.7320E+01 -1.42830E+01 -6.92994E+00  0.00000E+00  0.00000E+00
    1.7371E+01 -1.43132E+01 -6.93747E+00  0.00000E+00  0.00000E+00
    1.7422E+01 -1.43412E+01 -6.93747E+00  0.00000E+00  0.00000E+00
    1.7473E+01 -1.55104E+01 -7.75034E+00  0.00000E+00  0.00000E+00
    1.7524E+01 -1.55104E+01 -7.75034E+00  0.00000E+00  0.00000E+00
    1.7575E+01 -1.55142E+01 -7.75034E+00  0.00000E+00  0.00000E+00
    1.7626E+01 -1.55142E+01 -7.75034E+00  0.00000E+00  0.00000E+00
    1.7677E+01 -1.60649E+01 -7.75034E+00  0.00000E+00  0.00000E+00
    1.7728E+01 -1.60649E+01 -7.75034E+00  0.00000E+00  0.00000E+00
    1.7779E+01 -1.60649E+01 -7.75034E+00  0.00000E+00  0.00000E+00
    1.7831E+01 -1.69597E+01 -8.19772E+00  0.00000E+00  0.00000E+00
    1.7882E+01 -1.69597E+01 -8.19772E+00  0.00000E+00  0.00000E+00
    1.7933E+01 -1.70883E+01 -8.19772E+00  0.00000E+00  0.00000E+00
    1.7984E+01 -1.70883E+01 -8.19772E+00  0.00000E+00  0.00000E+00
    1.8035E+01 -1.93297E+01 -8.99570E+00  0.00000E+00  0.00000E+00
    1.8086E+01 -1.93297E+01 -8.99570E+00  0.00000E+00  0.00000E+00
    1.8137E+01 -1.81614E+01 -7.82736E+00  0.00000E+00  0.00000E+00
    1.8188E+01 -1.81614E+01 -7.82736E+00  0.00000E+00  0.00000E+00
    1.8239E+01 -1.81614E+01 -7.82736E+00  0.00000E+00  0.00000E+00
    1.8290E+01 -1.81637E+01 -7.82736E+00  0.00000E+00  0.00000E+00
    1.8341E+01 -1.81671E+01 -7.82736E+00  0.00000E+00  0.00000E+00
    1.8393E+01 -1.76440E+01 -7.30427E+00  0.00000E+00  0.00000E+00
    1.8444E+01 -1.76494E+01 -7.30696E+00  0.00000E+00  0.00000E+00
    1.8495E+01 -1.78579E+01 -7.30696E+00  0.00000E+00  0.00000E+00
    1.8546E+01 -1.78579E+01 -7.30696E+00  0.00000E+00  0.00000E+00
    1.8597E+01 -1.78602E+01 -7.30696E+00  0.00000E+00  0.00000E+00
    1.8648E+01 -1.79490E+01 -7.30696E+00  0.00000E+00  0.00000E+00
    1.8699E+01 -1.79490E+01 -7.30696E+00  0.00000E+00  0.00000E+00
    1.8750E+01 -1.79490E+01 -7.30696E+00  0.00000E+00  0.00000E+00
    1.8801E+01 -1.79490E+01 -7.30696E+00  0.00000E+00  0.00000E+00
    1.8852E+01 -1.79495E+01 -7.30696E+00  0.00000E+00  0.00000E+00
    1.8903E+01 -1.79847E+01 -7.30696E+00  0.00000E+00  0.00000E+00
    1.8955E+01 -1.80186E+01 -7.30696E+00  0.00000E+00  0.00000E+00
    1.9006E+01 -1.82002E+01 -7.39778E+00  0.00000E+00  0.00000E+00
    1.9057E+01 -1.82002E+01 -7.39778E+00  0.00000E+00  0.00000E+00
    1.9108E+01 -1.82002E+01 -7.39778E+00  0.00000E+00  0.00000E+00
    1.9159E+01 -1.82104E+01 -7.39778E+00  0.00000E+00  0.00000E+00
    1.9210E+01 -1.82104E+01 -7.39778E+00  0.00000E+00  0.00000E+00
    1.9261E+01 -1.82104E+01 -7.39778E+00  0.00000E+00  0.00000E+00
    1.9312E+01 -1.82128E+01 -7.39778E+00  0.00000E+00  0.00000E+00
    1.9363E+01 -1.82800E+01 -7.39778E+00  0.00000E+00  0.00000E+00
    1.9414E+01 -1.82800E+01 -7.39778E+00  0.00000E+00  0.00000E+00
    1.9465E+01 -1.83043E+01 -7.39778E+00  0.00000E+00  0.00000E+00
    1.9517E+01 -1.83189E+01 -7.40507E+00  0.00000E+00  0.00000E+00
    1.9568E+01 -1.83189E+01 -7.40507E+00  0.00000E+00  0.00000E+00
    1.9619E+01 -1.83577E+01 -7.40507E+00  0.00000E+00  0.00000E+00
    1.9670E+01 -2.05048E+01 -9.49082E+00  0.00000E+00  0.00000E+00
    1.9721E+01 -2.87985E+01 -1.41654E+01  0.00000E+00  0.00000E+00
    1.9772E+01 -2.87985E+01 -1.41654E+01  0.00000E+00  0.00000E+00
    1.9823E+01 -3.06523E+01 -1.55558E+01  0.00000E+00  0.00000E+00
    1.9874E+01 -3.06523E+01 -1.55558E+01  0.00000E+00  0.00000E+00
    1.9925E+01 -3.06697E+01 -1.55558E+01  0.00000E+00  0.00000E+00
    1.9976E+01 -3.06697E+01 -1.55558E+01  0.00000E+00  0.00000E+00
    2.0027E+01 -3.06697E+01 -1.55558E+01  0.00000E+00  0.00000E+00
    2.0079E+01 -3.19370E+01 -1.61827E+01  0.00000E+00  0.00000E+00
    2.0130E+01 -3.19370E+01 -1.61827E+01  0.00000E+00  0.00000E+00
    2.0181E+01 -3.19370E+01 -1.61827E+01  0.00000E+00  0.00000E+00
    2.0232E+01 -3.09478E+01 -1.51936E+01  0.00000E+00  0.00000E+00
    2.0283E+01 -3.18193E+01 -1.56293E+01  0.00000E+00  0.00000E+00
    2.0334E+01 -3.18193E+01 -1.56293E+01  0.00000E+00  0.00000E+00
    2.0385E+01 -3.33822E+01 -1.68014E+01  0.00000E+00  0.00000E+00
    2.0436E+01 -3.33822E+01 -1.68014E+01  0.00000E+00  0.00000E+00
    2.0487E+01 -3.33822E+01 -1.68014E+01  0.00000E+00  0.00000E+00
    2.0538E+01 -3.33822E+01 -1.68014E+01  0.00000E+00  0.00000E+00
    2.0589E+01 -3.37685E+01 -1.69946E+01  0.00000E+00  0.00000E+00
    2.0641E+01 -3.36702E+01 -1.68963E+01  0.00000E+00  0.00000E+00
    2.0692E+01 -3.36737E+01 -1.68963E+01  0.00000E+00  0.00000E+00
    2.0743E+01 -3.36737E+01 -1.68963E+01  0.00000E+00  0.00000E+00
    2.0794E+01 -3.36737E+01 -1.68963E+01  0.00000E+00  0.00000E+00
    2.0845E+01 -3.37092E+01 -1.68963E+01  0.00000E+00  0.00000E+00
    2.0896E+01 -4.09882E+01 -2.40117E+01  0.00000E+00  0.00000E+00
    2.0947E+01 -4.09882E+01 -2.40117E+01  0.00000E+00  0.00000E+00
    2.0998E+01 -4.09882E+01 -2.40117E+01  0.00000E+00  0.00000E+00
    2.1049E+01 -4.09882E+01 -2.40117E+01  0.00000E+00  0.00000E+00
    2.1100E+01 -4.09882E+01 -2.40117E+01  0.00000E+00  0.00000E+00
    2.1151E+01 -4.30991E+01 -2.55949E+01  0.00000E+00  0.00000E+00
    2.1203E+01 -4.30991E+01 -2.55949E+01  0.00000E+00  0.00000E+00
    2.1254E+01 -4.30991E+01 -2.55949E+01  0.00000E+00  0.00000E+00
    2.1305E+01 -4.31001E+01 -2.55949E+01  0.00000E+00  0.00000E+00
    2.1356E+01 -4.31001E+01 -2.55949E+01  0.00000E+00  0.00000E+00
    2.1407E+01 -4.31001E+01 -2.55949E+01  0.00000E+00  0.00000E+00
    2.1458E+01 -4.31001E+01 -2.55949E+01  0.00000E+00  0.00000E+00
    2.1509E+01 -4.31001E+01 -2.55949E+01  0.00000E+00  0.00000E+00
    2.1560E+01 -4.36564E+01 -2.55949E+01  0.00000E+00  0.00000E+00
    2.1611E+01 -4.36564E+01 -2.55949E+01  0.00000E+00  0.00000E+00
    2.1662E+01 -4.36564E+01 -2.55949E+01  0.00000E+00  0.00000E+00
    2.1713E+01 -4.38604E+01 -2.55949E+01  0.00000E+00  0.00000E+00
    2.1765E+01 -4.38604E+01 -2.55949E+01  0.00000E+00  0.00000E+00
    2.1816E+01 -4.38744E+01 -2.55949E+01  0.00000E+00  0.00000E+00
    2.1867E+01 -4.38744E+01 -2.55949E+01  0.00000E+00  0.00000E+00
    2.1918E+01 -4.38744E+01 -2.55949E+01  0.00000E+00  0.00000E+00
    2.1969E+01 -4.38744E+01 -2.55949E+01  0.00000E+00  0.00000E+00
    2.2020E+01 -4.38744E+01 -2.55949E+01  0.00000E+00  0.00000E+00
    2.2071E+01 -4.38744E+01 -2.55949E+01  0.00000E+00  0.00000E+00
    2.2122E+01 -4.38827E+01 -2.55949E+01  0.00000E+00  0.00000E+00
    2.2173E+01 -4.38827E+01 -2.55949E+01  0.00000E+00  0.00000E+00
    2.2224E+01 -4.38827E+01 -2.55949E+01  0.00000E+00  0.00000E+00
    2.2275E+01 -4.38827E+01 -2.55949E+01  0.00000E+00  0.00000E+00
    2.2327E+01 -4.38859E+01 -2.55949E+01  0.00000E+00  0.00000E+00
    2.2378E+01 -4.38859E+01 -2.55949E+01  0.00000E+00  0.00000E+00
    2.2429E+01 -4.38859E+01 -2.55949E+01  0.00000E+00  0.00000E+00
    2.2480E+01 -4.38859E+01 -2.55949E+01  0.00000E+00  0.00000E+00
    2.2531E+01 -4.39971E+01 -2.55949E+01  0.00000E+00  0.00000E+00
    2.2582E+01 -4.39971E+01 -2.55949E+01  0.00000E+00  0.00000E+00
    2.2633E+01 -4.39971E+01 -2.55949E+01  0.00000E+00  0.00000E+00
    2.2684E+01 -4.40002E+01 -2.55949E+01  0.00000E+00  0.00000E+00
    2.2735E+01 -4.40002E+01 -2.55949E+01  0.00000E+00  0.00000E+00
    2.2786E+01 -4.40002E+01 -2.55949E+01  0.00000E+00  0.00000E+00
    2.2837E+01 -4.58641E+01 -2.65268E+01  0.00000E+00  0.00000E+00
    2.2889E+01 -4.58641E+01 -2.65268E+01  0.00000E+00  0.00000E+00
    2.2940E+01 -4.58641E+01 -2.65268E+01  0.00000E+00  0.00000E+00
    2.2991E+01 -4.58641E+01 -2.65268E+01  0.00000E+00  0.00000E+00
    2.3042E+01 -4.58641E+01 -2.65268E+01  0.00000E+00  0.00000E+00
    2.3093E+01 -4.58641E+01 -2.65268E+01  0.00000E+00  0.00000E+00
    2.3144E+01 -4.58641E+01 -2.65268E+01  0.00000E+00  0.00000E+00
    2.3195E+01 -4.58641E+01 -2.65268E+01  0.00000E+00  0.00000E+00
    2.3246E+01 -4.58641E+01 -2.65268E+01  0.00000E+00  0.00000E+00
    2.3297E+01 -4.58641E+01 -2.65268E+01  0.00000E+00  0.00000E+00
    2.3348E+01 -4.58641E+01 -2.65268E+01  0.00000E+00  0.00000E+00
    2.3399E+01 -4.58641E+01 -2.65268E+01  0.00000E+00  0.00000E+00
    2.3451E+01 -4.58641E+01 -2.65268E+01  0.00000E+00  0.00000E+00
    2.3502E+01 -4.61641E+01 -2.65268E+01  0.00000E+00  0.00000E+00
    2.3553E+01 -4.61649E+01 -2.65268E+01  0.00000E+00  0.00000E+00
    2.3604E+01 -4.61649E+01 -2.65268E+01  0.00000E+00  0.00000E+00
    2.3655E+01 -4.61649E+01 -2.65268E+01  0.00000E+00  0.00000E+00
    2.3706E+01 -4.61649E+01 -2.65268E+01  0.00000E+00  0.00000E+00
    2.3757E+01 -4.89471E+01 -2.72224E+01  0.00000E+00  0.00000E+00
    2.3808E+01 -4.89471E+01 -2.72224E+01  0.00000E+00  0.00000E+00
    2.3859E+01 -5.11325E+01 -2.81982E+01  0.00000E+00  0.00000E+00
    2.3910E+01 -5.11336E+01 -2.81982E+01  0.00000E+00  0.00000E+00
    2.3961E+01 -5.11336E+01 -2.81982E+01  0.00000E+00  0.00000E+00
    2.4013E+01 -5.11336E+01 -2.81982E+01  0.00000E+00  0.00000E+00
    2.4064E+01 -5.14153E+01 -2.81982E+01  0.00000E+00  0.00000E+00
    2.4115E+01 -5.14153E+01 -2.81982E+01  0.00000E+00  0.00000E+00
    2.4166E+01 -5.14153E+01 -2.81982E+01  0.00000E+00  0.00000E+00
    2.4217E+01 -5.14153E+01 -2.81982E+01  0.00000E+00  0.00000E+00
    2.4268E+01 -5.14165E+01 -2.81982E+01  0.00000E+00  0.00000E+00
    2.4319E+01 -5.14165E+01 -2.81982E+01  0.00000E+00  0.00000E+00
    2.4370E+01 -5.27372E+01 -2.81982E+01  0.00000E+00  0.00000E+00
    2.4421E+01 -5.27381E+01 -2.81982E+01  0.00000E+00  0.00000E+00
    2.4472E+01 -5.27381E+01 -2.81982E+01  0.00000E+00  0.00000E+00
    2.4523E+01 -5.27381E+01 -2.81982E+01  0.00000E+00  0.00000E+00
    2.4575E+01 -5.27381E+01 -2.81982E+01  0.00000E+00  0.00000E+00
    2.4626E+01 -5.27381E+01 -2.81982E+01  0.00000E+00  0.00000E+00
    2.4677E+01 -5.35577E+01 -2.81982E+01  0.00000E+00  0.00000E+00
    2.4728E+01 -5.35577E+01 -2.81982E+01  0.00000E+00  0.00000E+00
    2.4779E+01 -5.35577E+01 -2.81982E+01  0.00000E+00  0.00000E+00
    2.4830E+01 -5.35577E+01 -2.81982E+01  0.00000E+00  0.00000E+00
    2.4881E+01 -5.35577E+01 -2.81982E+01  0.00000E+00  0.00000E+00
    2.4932E+01 -5.35577E+01 -2.81982E+01  0.00000E+00  0.00000E+00
    2.4983E+01 -5.35577E+01 -2.81982E+01  0.00000E+00  0.00000E+00
    2.5034E+01 -5.35577E+01 -2.81982E+01  0.00000E+00  0.00000E+00
    2.5085E+01 -5.35577E+01 -2.81982E+01  0.00000E+00  0.00000E+00
    2.5137E+01 -5.35577E+01 -2.81982E+01  0.00000E+00  0.00000E+00
    2.5188E+01 -6.16999E+01 -3.63404E+01  0.00000E+00  0.00000E+00
    2.5239E+01 -6.16999E+01 -3.63404E+01  0.00000E+00  0.00000E+00
    2.5290E+01 -6.16999E+01 -3.63404E+01  0.00000E+00  0.00000E+00
    2.5341E+01 -6.24554E+01 -3.63404E+01  0.00000E+00  0.00000E+00
    2.5392E+01 -6.24567E+01 -3.63404E+01  0.00000E+00  0.00000E+00
    2.5443E+01 -6.24567E+01 -3.63404E+01  0.00000E+00  0.00000E+00
    2.5494E+01 -6.24567E+01 -3.63404E+01  0.00000E+00  0.00000E+00
    2.5545E+01 -6.24567E+01 -3.63404E+01  0.00000E+00  0.00000E+00
    2.5596E+01 -6.24573E+01 -3.63404E+01  0.00000E+00  0.00000E+00
    2.5647E+01 -6.24573E+01 -3.63404E+01  0.00000E+00  0.00000E+00
    2.5699E+01 -6.54329E+01 -3.85721E+01  0.00000E+00  0.00000E+00
    2.5750E+01 -6.54329E+01 -3.85721E+01  0.00000E+00  0.00000E+00
    2.5801E+01 -6.54329E+01 -3.85721E+01  0.00000E+00  0.00000E+00
    2.5852E+01 -6.54329E+01 -3.85721E+01  0.00000E+00  0.00000E+00
    2.5903E+01 -6.54329E+01 -3.85721E+01  0.00000E+00  0.00000E+00
    2.5954E+01 -6.54329E+01 -3.85721E+01  0.00000E+00  0.00000E+00
    2.6005E+01 -6.54329E+01 -3.85721E+01  0.00000E+00  0.00000E+00
    2.6056E+01 -6.77266E+01 -4.08658E+01  0.00000E+00  0.00000E+00
    2.6107E+01 -6.77266E+01 -4.08658E+01  0.00000E+00  0.00000E+00
    2.6158E+01 -6.99004E+01 -4.08658E+01  0.00000E+00  0.00000E+00
    2.6209E+01 -6.99004E+01 -4.08658E+01  0.00000E+00  0.00000E+00
    2.6261E+01 -6.99004E+01 -4.08658E+01  0.00000E+00  0.00000E+00
    2.6312E+01 -6.99004E+01 -4.08658E+01  0.00000E+00  0.00000E+00
    2.6363E+01 -6.99004E+01 -4.08658E+01  0.00000E+00  0.00000E+00
    2.6414E+01 -6.99004E+01 -4.08658E+01  0.00000E+00  0.00000E+00
    2.6465E+01 -6.99004E+01 -4.08658E+01  0.00000E+00  0.00000E+00
    2.6516E+01 -6.99004E+01 -4.08658E+01  0.00000E+00  0.00000E+00
    2.6567E+01 -6.99004E+01 -4.08658E+01  0.00000E+00  0.00000E+00
    2.6618E+01 -6.99004E+01 -4.08658E+01  0.00000E+00  0.00000E+00
    2.6669E+01 -6.99004E+01 -4.08658E+01  0.00000E+00  0.00000E+00
    2.6720E+01 -6.99004E+01 -4.08658E+01  0.00000E+00  0.00000E+00
    2.6771E+01 -6.99004E+01 -4.08658E+01  0.00000E+00  0.00000E+00
    2.6822E+01 -6.99004E+01 -4.08658E+01  0.00000E+00  0.00000E+00
    2.6874E+01 -6.99004E+01 -4.08658E+01  0.00000E+00  0.00000E+00
    2.6925E+01 -6.99004E+01 -4.08658E+01  0.00000E+00  0.00000E+00
    2.6976E+01 -7.22545E+01 -4.08658E+01  0.00000E+00  0.00000E+00
    2.7027E+01 -7.22545E+01 -4.08658E+01  0.00000E+00  0.00000E+00
    2.7078E+01 -7.22545E+01 -4.08658E+01  0.00000E+00  0.00000E+00
    2.7129E+01 -7.22545E+01 -4.08658E+01  0.00000E+00  0.00000E+00
    2.7180E+01 -7.22545E+01 -4.08658E+01  0.00000E+00  0.00000E+00
    2.7231E+01 -7.22545E+01 -4.08658E+01  0.00000E+00  0.00000E+00
    2.7282E+01 -7.22545E+01 -4.08658E+01  0.00000E+00  0.00000E+00
    2.7333E+01 -7.28611E+01 -4.08658E+01  0.00000E+00  0.00000E+00
    2.7384E+01 -7.28611E+01 -4.08658E+01  0.00000E+00  0.00000E+00
    2.7436E+01 -7.28611E+01 -4.08658E+01  0.00000E+00  0.00000E+00
    2.7487E+01 -7.28611E+01 -4.08658E+01  0.00000E+00  0.00000E+00
    2.7538E+01 -7.28611E+01 -4.08658E+01  0.00000E+00  0.00000E+00
    2.7589E+01 -7.28611E+01 -4.08658E+01  0.00000E+00  0.00000E+00
    2.7640E+01 -7.28611E+01 -4.08658E+01  0.00000E+00  0.00000E+00
    2.7691E+01 -7.28621E+01 -4.08658E+01  0.00000E+00  0.00000E+00
    2.7742E+01 -7.28621E+01 -4.08658E+01  0.00000E+00  0.00000E+00
    2.7793E+01 -7.53835E+01 -4.14962E+01  0.00000E+00  0.00000E+00
    2.7844E+01 -7.53835E+01 -4.14962E+01  0.00000E+00  0.00000E+00
    2.7895E+01 -7.53835E+01 -4.14962E+01  0.00000E+00  0.00000E+00
    2.7946E+01 -7.63131E+01 -4.17286E+01  0.00000E+00  0.00000E+00
    2.7998E+01 -7.63131E+01 -4.17286E+01  0.00000E+00  0.00000E+00
    2.8049E+01 -7.63131E+01 -4.17286E+01  0.00000E+00  0.00000E+00
    2.8100E+01 -7.63131E+01 -4.17286E+01  0.00000E+00  0.00000E+00
    2.8151E+01 -7.63131E+01 -4.17286E+01  0.00000E+00  0.00000E+00
    2.8202E+01 -7.63131E+01 -4.17286E+01  0.00000E+00  0.00000E+00
    2.8253E+01 -7.63131E+01 -4.17286E+01  0.00000E+00  0.00000E+00
    2.8304E+01 -7.63131E+01 -4.17286E+01  0.00000E+00  0.00000E+00
    2.8355E+01 -7.63131E+01 -4.17286E+01  0.00000E+00  0.00000E+00
    2.8406E+01 -7.63131E+01 -4.17286E+01  0.00000E+00  0.00000E+00
    2.8457E+01 -7.63131E+01 -4.17286E+01  0.00000E+00  0.00000E+00
    2.8508E+01 -7.58753E+01 -4.12908E+01  0.00000E+00  0.00000E+00
    2.8560E+01 -7.58753E+01 -4.12908E+01  0.00000E+00  0.00000E+00
    2.8611E+01 -7.58753E+01 -4.12908E+01  0.00000E+00  0.00000E+00
    2.8662E+01 -7.58753E+01 -4.12908E+01  0.00000E+00  0.00000E+00
    2.8713E+01 -7.58753E+01 -4.12908E+01  0.00000E+00  0.00000E+00
    2.8764E+01 -7.72963E+01 -4.20013E+01  0.00000E+00  0.00000E+00
    2.8815E+01 -7.72963E+01 -4.20013E+01  0.00000E+00  0.00000E+00
    2.8866E+01 -7.72963E+01 -4.20013E+01  0.00000E+00  0.00000E+00
    2.8917E+01 -7.94637E+01 -4.41687E+01  0.00000E+00  0.00000E+00
    2.8968E+01 -7.94637E+01 -4.41687E+01  0.00000E+00  0.00000E+00
    2.9019E+01 -7.94637E+01 -4.41687E+01  0.00000E+00  0.00000E+00
    2.9070E+01 -7.94637E+01 -4.41687E+01  0.00000E+00  0.00000E+00
    2.9122E+01 -7.94637E+01 -4.41687E+01  0.00000E+00  0.00000E+00
    2.9173E+01 -7.94637E+01 -4.41687E+01  0.00000E+00  0.00000E+00
    2.9224E+01 -7.94637E+01 -4.41687E+01  0.00000E+00  0.00000E+00
    2.9275E+01 -7.94637E+01 -4.41687E+01  0.00000E+00  0.00000E+00
    2.9326E+01 -7.94637E+01 -4.41687E+01  0.00000E+00  0.00000E+00
    2.9377E+01 -7.94637E+01 -4.41687E+01  0.00000E+00  0.00000E+00
    2.9428E+01 -7.94637E+01 -4.41687E+01  0.00000E+00  0.00000E+00
    2.9479E+01 -7.94637E+01 -4.41687E+01  0.00000E+00  0.00000E+00
    2.9530E+01 -7.94637E+01 -4.41687E+01  0.00000E+00  0.00000E+00
    2.9581E+01 -8.03362E+01 -4.41687E+01  0.00000E+00  0.00000E+00
    2.9632E+01 -8.03362E+01 -4.41687E+01  0.00000E+00  0.00000E+00
    2.9684E+01 -8.03362E+01 -4.41687E+01  0.00000E+00  0.00000E+00
    2.9735E+01 -8.03362E+01 -4.41687E+01  0.00000E+00  0.00000E+00
    2.9786E+01 -8.31671E+01 -4.41687E+01  0.00000E+00  0.00000E+00
    2.9837E+01 -8.31671E+01 -4.41687E+01  0.00000E+00  0.00000E+00
    2.9888E+01 -8.31671E+01 -4.41687E+01  0.00000E+00  0.00000E+00
    2.9939E+01 -8.31671E+01 -4.41687E+01  0.00000E+00  0.00000E+00
    2.9990E+01 -8.31671E+01 -4.41687E+01  0.00000E+00  0.00000E+00
    3.0041E+01 -8.31671E+01 -4.41687E+01  0.00000E+00  0.00000E+00
    3.0092E+01 -8.31671E+01 -4.41687E+01  0.00000E+00  0.00000E+00
    3.0143E+01 -8.31671E+01 -4.41687E+01  0.00000E+00  0.00000E+00
    3.0194E+01 -8.31671E+01 -4.41687E+01  0.00000E+00  0.00000E+00
    3.0246E+01 -8.31671E+01 -4.41687E+01  0.00000E+00  0.00000E+00
    3.0297E+01 -8.31671E+01 -4.41687E+01  0.00000E+00  0.00000E+00
    3.0348E+01 -8.31671E+01 -4.41687E+01  0.00000E+00  0.00000E+00
    3.0399E+01 -8.31671E+01 -4.41687E+01  0.00000E+00  0.00000E+00
    3.0450E+01 -8.29059E+01 -4.39075E+01  0.00000E+00  0.00000E+00
    3.0501E+01 -8.29059E+01 -4.39075E+01  0.00000E+00  0.00000E+00
    3.0552E+01 -8.29059E+01 -4.39075E+01  0.00000E+00  0.00000E+00
    3.0603E+01 -8.29059E+01 -4.39075E+01  0.00000E+00  0.00000E+00
    3.0654E+01 -8.29059E+01 -4.39075E+01  0.00000E+00  0.00000E+00
    3.0705E+01 -8.29059E+01 -4.39075E+01  0.00000E+00  0.00000E+00
    3.0756E+01 -8.29059E+01 -4.39075E+01  0.00000E+00  0.00000E+00
    3.0808E+01 -8.29059E+01 -4.39075E+01  0.00000E+00  0.00000E+00
    3.0859E+01 -8.29059E+01 -4.39075E+01  0.00000E+00  0.00000E+00
    3.0910E+01 -8.29059E+01 -4.39075E+01  0.00000E+00  0.00000E+00
    3.0961E+01 -8.29059E+01 -4.39075E+01  0.00000E+00  0.00000E+00
    3.1012E+01 -8.29059E+01 -4.39075E+01  0.00000E+00  0.00000E+00
    3.1063E+01 -8.29059E+01 -4.39075E+01  0.00000E+00  0.00000E+00
    3.1114E+01 -8.29059E+01 -4.39075E+01  0.00000E+00  0.00000E+00
    3.1165E+01 -8.29059E+01 -4.39075E+01  0.00000E+00  0.00000E+00
    3.1216E+01 -8.29059E+01 -4.39075E+01  0.00000E+00  0.00000E+00
    3.1267E+01 -8.29059E+01 -4.39075E+01  0.00000E+00  0.00000E+00
    3.1318E+01 -8.29059E+01 -4.39075E+01  0.00000E+00  0.00000E+00
    3.1370E+01 -8.29059E+01 -4.39075E+01  0.00000E+00  0.00000E+00
    3.1421E+01 -8.29059E+01 -4.39075E+01  0.00000E+00  0.00000E+00
    3.1472E+01 -8.29059E+01 -4.39075E+01  0.00000E+00  0.00000E+00
    3.1523E+01 -8.29059E+01 -4.39075E+01  0.00000E+00  0.00000E+00
    3.1574E+01 -8.29059E+01 -4.39075E+01  0.00000E+00  0.00000E+00
    3.1625E+01 -8.29059E+01 -4.39075E+01  0.00000E+00  0.00000E+00
    3.1676E+01 -8.29059E+01 -4.39075E+01  0.00000E+00  0.00000E+00
    3.1727E+01 -8.29059E+01 -4.39075E+01  0.00000E+00  0.00000E+00
    3.1778E+01 -9.25370E+01 -5.35386E+01  0.00000E+00  0.00000E+00
    3.1829E+01 -9.25370E+01 -5.35386E+01  0.00000E+00  0.00000E+00
    3.1880E+01 -9.25370E+01 -5.35386E+01  0.00000E+00  0.00000E+00
    3.1932E+01 -9.25370E+01 -5.35386E+01  0.00000E+00  0.00000E+00
    3.1983E+01 -9.25370E+01 -5.35386E+01  0.00000E+00  0.00000E+00
    3.2034E+01 -9.25370E+01 -5.35386E+01  0.00000E+00  0.00000E+00
    3.2085E+01 -9.25370E+01 -5.35386E+01  0.00000E+00  0.00000E+00
    3.2136E+01 -9.25370E+01 -5.35386E+01  0.00000E+00  0.00000E+00
    3.2187E+01 -9.25370E+01 -5.35386E+01  0.00000E+00  0.00000E+00
    3.2238E+01 -9.25370E+01 -5.35386E+01  0.00000E+00  0.00000E+00
    3.2289E+01 -9.25370E+01 -5.35386E+01  0.00000E+00  0.00000E+00
    3.2340E+01 -9.25370E+01 -5.35386E+01  0.00000E+00  0.00000E+00
    3.2391E+01 -9.57338E+01 -5.43378E+01  0.00000E+00  0.00000E+00
    3.2442E+01 -9.57338E+01 -5.43378E+01  0.00000E+00  0.00000E+00
    3.2494E+01 -9.57338E+01 -5.43378E+01  0.00000E+00  0.00000E+00
    3.2545E+01 -9.57338E+01 -5.43378E+01  0.00000E+00  0.00000E+00
    3.2596E+01 -9.57338E+01 -5.43378E+01  0.00000E+00  0.00000E+00
    3.2647E+01 -9.57338E+01 -5.43378E+01  0.00000E+00  0.00000E+00
    3.2698E+01 -9.57338E+01 -5.43378E+01  0.00000E+00  0.00000E+00
    3.2749E+01 -9.57338E+01 -5.43378E+01  0.00000E+00  0.00000E+00
    3.2800E+01 -9.57338E+01 -5.43378E+01  0.00000E+00  0.00000E+00
    3.2851E+01 -9.57338E+01 -5.43378E+01  0.00000E+00  0.00000E+00
    3.2902E+01 -9.57338E+01 -5.43378E+01  0.00000E+00  0.00000E+00
    3.2953E+01 -9.57338E+01 -5.43378E+01  0.00000E+00  0.00000E+00
    3.3004E+01 -9.57338E+01 -5.43378E+01  0.00000E+00  0.00000E+00
    3.3056E+01 -9.57338E+01 -5.43378E+01  0.00000E+00  0.00000E+00
    3.3107E+01 -9.57338E+01 -5.43378E+01  0.00000E+00  0.00000E+00
    3.3158E+01 -9.57338E+01 -5.43378E+01  0.00000E+00  0.00000E+00
    3.3209E+01 -9.57338E+01 -5.43378E+01  0.00000E+00  0.00000E+00
    3.3260E+01 -9.57338E+01 -5.43378E+01  0.00000E+00  0.00000E+00
    3.3311E+01 -9.57338E+01 -5.43378E+01  0.00000E+00  0.00000E+00
    3.3362E+01 -9.57338E+01 -5.43378E+01  0.00000E+00  0.00000E+00
    3.3413E+01 -9.57338E+01 -5.43378E+01  0.00000E+00  0.00000E+00
    3.3464E+01 -9.57338E+01 -5.43378E+01  0.00000E+00  0.00000E+00
    3.3515E+01 -9.57338E+01 -5.43378E+01  0.00000E+00  0.00000E+00
    3.3566E+01 -9.57338E+01 -5.43378E+01  0.00000E+00  0.00000E+00
    3.3618E+01 -9.57338E+01 -5.43378E+01  0.00000E+00  0.00000E+00
    3.3669E+01 -9.57338E+01 -5.43378E+01  0.00000E+00  0.00000E+00
    3.3720E+01 -9.57338E+01 -5.43378E+01  0.00000E+00  0.00000E+00
    3.3771E+01 -9.57338E+01 -5.43378E+01  0.00000E+00  0.00000E+00
    3.3822E+01 -9.57338E+01 -5.43378E+01  0.00000E+00  0.00000E+00
    3.3873E+01 -9.57338E+01 -5.43378E+01  0.00000E+00  0.00000E+00
    3.3924E+01 -9.57338E+01 -5.43378E+01  0.00000E+00  0.00000E+00
    3.3975E+01 -9.57338E+01 -5.43378E+01  0.00000E+00  0.00000E+00
    3.4026E+01 -9.57338E+01 -5.43378E+01  0.00000E+00  0.00000E+00
    3.4077E+01 -9.57338E+01 -5.43378E+01  0.00000E+00  0.00000E+00
    3.4128E+01 -9.57338E+01 -5.43378E+01  0.00000E+00  0.00000E+00
    3.4180E+01 -9.57338E+01 -5.43378E+01  0.00000E+00  0.00000E+00
    3.4231E+01 -9.57338E+01 -5.43378E+01  0.00000E+00  0.00000E+00
    3.4282E+01 -9.57338E+01 -5.43378E+01  0.00000E+00  0.00000E+00
    3.4333E+01 -9.57338E+01 -5.43378E+01  0.00000E+00  0.00000E+00
    3.4384E+01 -9.57338E+01 -5.43378E+01  0.00000E+00  0.00000E+00
    3.4435E+01 -9.57338E+01 -5.43378E+01  0.00000E+00  0.00000E+00
    3.4486E+01 -9.57338E+01 -5.43378E+01  0.00000E+00  0.00000E+00
    3.4537E+01 -9.57338E+01 -5.43378E+01  0.00000E+00  0.00000E+00
    3.4588E+01 -9.57338E+01 -5.43378E+01  0.00000E+00  0.00000E+00
    3.4639E+01 -9.57338E+01 -5.43378E+01  0.00000E+00  0.00000E+00
    3.4690E+01 -9.57338E+01 -5.43378E+01  0.00000E+00  0.00000E+00
    3.4742E+01 -9.57338E+01 -5.43378E+01  0.00000E+00  0.00000E+00
    3.4793E+01 -9.57338E+01 -5.43378E+01  0.00000E+00  0.00000E+00
    3.4844E+01 -9.57338E+01 -5.43378E+01  0.00000E+00  0.00000E+00
    3.4895E+01 -9.57338E+01 -5.43378E+01  0.00000E+00  0.00000E+00
    3.4946E+01 -9.57338E+01 -5.43378E+01  0.00000E+00  0.00000E+00
    3.4997E+01 -9.57338E+01 -5.43378E+01  0.00000E+00  0.00000E+00
    3.5048E+01 -9.57338E+01 -5.43378E+01  0.00000E+00  0.00000E+00
    3.5099E+01 -9.57338E+01 -5.43378E+01  0.00000E+00  0.00000E+00
    3.5150E+01 -9.57338E+01 -5.43378E+01  0.00000E+00  0.00000E+00
    3.5201E+01 -9.57338E+01 -5.43378E+01  0.00000E+00  0.00000E+00
    3.5252E+01 -9.63685E+01 -5.49725E+01  0.00000E+00  0.00000E+00
    3.5304E+01 -9.63685E+01 -5.49725E+01  0.00000E+00  0.00000E+00
    3.5355E+01 -9.63685E+01 -5.49725E+01  0.00000E+00  0.00000E+00
    3.5406E+01 -9.63685E+01 -5.49725E+01  0.00000E+00  0.00000E+00
    3.5457E+01 -9.63685E+01 -5.49725E+01  0.00000E+00  0.00000E+00
    3.5508E+01 -9.63685E+01 -5.49725E+01  0.00000E+00  0.00000E+00
    3.5559E+01 -9.63685E+01 -5.49725E+01  0.00000E+00  0.00000E+00
    3.5610E+01 -9.63685E+01 -5.49725E+01  0.00000E+00  0.00000E+00
    3.5661E+01 -9.63685E+01 -5.49725E+01  0.00000E+00  0.00000E+00
    3.5712E+01 -9.63685E+01 -5.49725E+01  0.00000E+00  0.00000E+00
    3.5763E+01 -9.96721E+01 -5.49725E+01  0.00000E+00  0.00000E+00
    3.5814E+01 -9.96721E+01 -5.49725E+01  0.00000E+00  0.00000E+00
    3.5866E+01 -9.96721E+01 -5.49725E+01  0.00000E+00  0.00000E+00
    3.5917E+01 -1.07829E+02 -5.90509E+01  0.00000E+00  0.00000E+00
    3.5968E+01 -1.07829E+02 -5.90509E+01  0.00000E+00  0.00000E+00
    3.6019E+01 -1.07829E+02 -5.90509E+01  0.00000E+00  0.00000E+00
    3.6070E+01 -1.07829E+02 -5.90509E+01  0.00000E+00  0.00000E+00
    3.6121E+01 -1.07829E+02 -5.90509E+01  0.00000E+00  0.00000E+00
    3.6172E+01 -1.07829E+02 -5.90509E+01  0.00000E+00  0.00000E+00
    3.6223E+01 -1.07829E+02 -5.90509E+01  0.00000E+00  0.00000E+00
    3.6274E+01 -1.07829E+02 -5.90509E+01  0.00000E+00  0.00000E+00
    3.6325E+01 -1.07829E+02 -5.90509E+01  0.00000E+00  0.00000E+00
    3.6376E+01 -1.07829E+02 -5.90509E+01  0.00000E+00  0.00000E+00
    3.6428E+01 -1.07829E+02 -5.90509E+01  0.00000E+00  0.00000E+00
    3.6479E+01 -1.07829E+02 -5.90509E+01  0.00000E+00  0.00000E+00
    3.6530E+01 -1.07829E+02 -5.90509E+01  0.00000E+00  0.00000E+00
    3.6581E+01 -1.07829E+02 -5.90509E+01  0.00000E+00  0.00000E+00
    3.6632E+01 -1.07829E+02 -5.90509E+01  0.00000E+00  0.00000E+00
    3.6683E+01 -1.07829E+02 -5.90509E+01  0.00000E+00  0.00000E+00
    3.6734E+01 -1.07829E+02 -5.90509E+01  0.00000E+00  0.00000E+00
    3.6785E+01 -1.07829E+02 -5.90509E+01  0.00000E+00  0.00000E+00
    3.6836E+01 -1.07829E+02 -5.90509E+01  0.00000E+00  0.00000E+00
    3.6887E+01 -1.07829E+02 -5.90509E+01  0.00000E+00  0.00000E+00
    3.6938E+01 -1.07829E+02 -5.90509E+01  0.00000E+00  0.00000E+00
    3.6990E+01 -1.07829E+02 -5.90509E+01  0.00000E+00  0.00000E+00
    3.7041E+01 -1.07829E+02 -5.90509E+01  0.00000E+00  0.00000E+00
    3.7092E+01 -1.07829E+02 -5.90509E+01  0.00000E+00  0.00000E+00
    3.7143E+01 -1.07829E+02 -5.90509E+01  0.00000E+00  0.00000E+00
    3.7194E+01 -1.07829E+02 -5.90509E+01  0.00000E+00  0.00000E+00
    3.7245E+01 -1.07829E+02 -5.90509E+01  0.00000E+00  0.00000E+00
    3.7296E+01 -1.07829E+02 -5.90509E+01  0.00000E+00  0.00000E+00
    3.7347E+01 -1.07829E+02 -5.90509E+01  0.00000E+00  0.00000E+00
    3.7398E+01 -1.07829E+02 -5.90509E+01  0.00000E+00  0.00000E+00
    3.7449E+01 -1.07829E+02 -5.90509E+01  0.00000E+00  0.00000E+00
    3.7500E+01 -1.07829E+02 -5.90509E+01  0.00000E+00  0.00000E+00
    3.7551E+01 -1.07829E+02 -5.90509E+01  0.00000E+00  0.00000E+00
    3.7603E+01 -1.07829E+02 -5.90509E+01  0.00000E+00  0.00000E+00
    3.7654E+01 -1.07829E+02 -5.90509E+01  0.00000E+00  0.00000E+00
    3.7705E+01 -1.07829E+02 -5.90509E+01  0.00000E+00  0.00000E+00
    3.7756E+01 -1.07829E+02 -5.90509E+01  0.00000E+00  0.00000E+00
    3.7807E+01 -1.07829E+02 -5.90509E+01  0.00000E+00  0.00000E+00
    3.7858E+01 -1.07829E+02 -5.90509E+01  0.00000E+00  0.00000E+00
    3.7909E+01 -1.07829E+02 -5.90509E+01  0.00000E+00  0.00000E+00
    3.7960E+01 -1.07829E+02 -5.90509E+01  0.00000E+00  0.00000E+00
    3.8011E+01 -1.07829E+02 -5.90509E+01  0.00000E+00  0.00000E+00
    3.8062E+01 -1.07829E+02 -5.90509E+01  0.00000E+00  0.00000E+00
    3.8113E+01 -1.07829E+02 -5.90509E+01  0.00000E+00  0.00000E+00
    3.8165E+01 -1.07829E+02 -5.90509E+01  0.00000E+00  0.00000E+00
    3.8216E+01 -1.07829E+02 -5.90509E+01  0.00000E+00  0.00000E+00
    3.8267E+01 -1.07829E+02 -5.90509E+01  0.00000E+00  0.00000E+00
    3.8318E+01 -1.07829E+02 -5.90509E+01  0.00000E+00  0.00000E+00
    3.8369E+01 -1.07829E+02 -5.90509E+01  0.00000E+00  0.00000E+00
    3.8420E+01 -1.07829E+02 -5.90509E+01  0.00000E+00  0.00000E+00
    3.8471E+01 -1.07829E+02 -5.90509E+01  0.00000E+00  0.00000E+00
    3.8522E+01 -1.07829E+02 -5.90509E+01  0.00000E+00  0.00000E+00
    3.8573E+01 -1.10876E+02 -5.98126E+01  0.00000E+00  0.00000E+00
    3.8624E+01 -1.10876E+02 -5.98126E+01  0.00000E+00  0.00000E+00
    3.8675E+01 -1.10876E+02 -5.98126E+01  0.00000E+00  0.00000E+00
    3.8727E+01 -1.10876E+02 -5.98126E+01  0.00000E+00  0.00000E+00
    3.8778E+01 -1.10876E+02 -5.98126E+01  0.00000E+00  0.00000E+00
    3.8829E+01 -1.10876E+02 -5.98126E+01  0.00000E+00  0.00000E+00
    3.8880E+01 -1.10876E+02 -5.98126E+01  0.00000E+00  0.00000E+00
    3.8931E+01 -1.15436E+02 -5.98126E+01  0.00000E+00  0.00000E+00
    3.8982E+01 -1.15436E+02 -5.98126E+01  0.00000E+00  0.00000E+00
    3.9033E+01 -1.15436E+02 -5.98126E+01  0.00000E+00  0.00000E+00
    3.9084E+01 -1.15436E+02 -5.98126E+01  0.00000E+00  0.00000E+00
    3.9135E+01 -1.15436E+02 -5.98126E+01  0.00000E+00  0.00000E+00
    3.9186E+01 -1.15436E+02 -5.98126E+01  0.00000E+00  0.00000E+00
    3.9237E+01 -1.15436E+02 -5.98126E+01  0.00000E+00  0.00000E+00
    3.9289E+01 -1.15436E+02 -5.98126E+01  0.00000E+00  0.00000E+00
    3.9340E+01 -1.15436E+02 -5.98126E+01  0.00000E+00  0.00000E+00
    3.9391E+01 -1.15436E+02 -5.98126E+01  0.00000E+00  0.00000E+00
    3.9442E+01 -1.15436E+02 -5.98126E+01  0.00000E+00  0.00000E+00
    3.9493E+01 -1.15436E+02 -5.98126E+01  0.00000E+00  0.00000E+00
    3.9544E+01 -1.15436E+02 -5.98126E+01  0.00000E+00  0.00000E+00
    3.9595E+01 -1.15436E+02 -5.98126E+01  0.00000E+00  0.00000E+00
    3.9646E+01 -1.15436E+02 -5.98126E+01  0.00000E+00  0.00000E+00
    3.9697E+01 -1.15436E+02 -5.98126E+01  0.00000E+00  0.00000E+00
    3.9748E+01 -1.15436E+02 -5.98126E+01  0.00000E+00  0.00000E+00
    3.9799E+01 -1.15436E+02 -5.98126E+01  0.00000E+00  0.00000E+00
    3.9851E+01 -1.15436E+02 -5.98126E+01  0.00000E+00  0.00000E+00
    3.9902E+01 -1.15436E+02 -5.98126E+01  0.00000E+00  0.00000E+00
    3.9953E+01 -1.15436E+02 -5.98126E+01  0.00000E+00  0.00000E+00
    4.0004E+01 -1.15436E+02 -5.98126E+01  0.00000E+00  0.00000E+00
    4.0055E+01 -1.15436E+02 -5.98126E+01  0.00000E+00  0.00000E+00
    4.0106E+01 -1.15436E+02 -5.98126E+01  0.00000E+00  0.00000E+00
    4.0157E+01 -1.15436E+02 -5.98126E+01  0.00000E+00  0.00000E+00
    4.0208E+01 -1.15436E+02 -5.98126E+01  0.00000E+00  0.00000E+00
    4.0259E+01 -1.15436E+02 -5.98126E+01  0.00000E+00  0.00000E+00
    4.0310E+01 -1.15436E+02 -5.98126E+01  0.00000E+00  0.00000E+00
    4.0361E+01 -1.15436E+02 -5.98126E+01  0.00000E+00  0.00000E+00
    4.0413E+01 -1.15436E+02 -5.98126E+01  0.00000E+00  0.00000E+00
    4.0464E+01 -1.15436E+02 -5.98126E+01  0.00000E+00  0.00000E+00
    4.0515E+01 -1.15436E+02 -5.98126E+01  0.00000E+00  0.00000E+00
    4.0566E+01 -1.15436E+02 -5.98126E+01  0.00000E+00  0.00000E+00
    4.0617E+01 -1.15436E+02 -5.98126E+01  0.00000E+00  0.00000E+00
    4.0668E+01 -1.15436E+02 -5.98126E+01  0.00000E+00  0.00000E+00
    4.0719E+01 -1.15436E+02 -5.98126E+01  0.00000E+00  0.00000E+00
    4.0770E+01 -1.15436E+02 -5.98126E+01  0.00000E+00  0.00000E+00
    4.0821E+01 -1.15436E+02 -5.98126E+01  0.00000E+00  0.00000E+00
    4.0872E+01 -1.15436E+02 -5.98126E+01  0.00000E+00  0.00000E+00
    4.0923E+01 -1.15436E+02 -5.98126E+01  0.00000E+00  0.00000E+00
    4.0975E+01 -1.15436E+02 -5.98126E+01  0.00000E+00  0.00000E+00
    4.1026E+01 -1.15436E+02 -5.98126E+01  0.00000E+00  0.00000E+00
    4.1077E+01 -1.24314E+02 -6.20320E+01  0.00000E+00  0.00000E+00
    4.1128E+01 -1.24314E+02 -6.20320E+01  0.00000E+00  0.00000E+00
    4.1179E+01 -1.24314E+02 -6.20320E+01  0.00000E+00  0.00000E+00
    4.1230E+01 -1.24314E+02 -6.20320E+01  0.00000E+00  0.00000E+00
    4.1281E+01 -1.24314E+02 -6.20320E+01  0.00000E+00  0.00000E+00
    4.1332E+01 -1.24314E+02 -6.20320E+01  0.00000E+00  0.00000E+00
    4.1383E+01 -1.24314E+02 -6.20320E+01  0.00000E+00  0.00000E+00
    4.1434E+01 -1.24314E+02 -6.20320E+01  0.00000E+00  0.00000E+00
    4.1485E+01 -1.24314E+02 -6.20320E+01  0.00000E+00  0.00000E+00
    4.1537E+01 -1.24314E+02 -6.20320E+01  0.00000E+00  0.00000E+00
    4.1588E+01 -1.24314E+02 -6.20320E+01  0.00000E+00  0.00000E+00
    4.1639E+01 -1.24314E+02 -6.20320E+01  0.00000E+00  0.00000E+00
    4.1690E+01 -1.24314E+02 -6.20320E+01  0.00000E+00  0.00000E+00
    4.1741E+01 -1.24314E+02 -6.20320E+01  0.00000E+00  0.00000E+00
    4.1792E+01 -1.24314E+02 -6.20320E+01  0.00000E+00  0.00000E+00
    4.1843E+01 -1.29569E+02 -6.46598E+01  0.00000E+00  0.00000E+00
    4.1894E+01 -1.29569E+02 -6.46598E+01  0.00000E+00  0.00000E+00
    4.1945E+01 -1.29569E+02 -6.46598E+01  0.00000E+00  0.00000E+00
    4.1996E+01 -1.29569E+02 -6.46598E+01  0.00000E+00  0.00000E+00
    4.2047E+01 -1.29569E+02 -6.46598E+01  0.00000E+00  0.00000E+00
    4.2099E+01 -1.29569E+02 -6.46598E+01  0.00000E+00  0.00000E+00
    4.2150E+01 -1.29569E+02 -6.46598E+01  0.00000E+00  0.00000E+00
    4.2201E+01 -1.29569E+02 -6.46598E+01  0.00000E+00  0.00000E+00
    4.2252E+01 -1.29569E+02 -6.46598E+01  0.00000E+00  0.00000E+00
    4.2303E+01 -1.29569E+02 -6.46598E+01  0.00000E+00  0.00000E+00
    4.2354E+01 -1.29569E+02 -6.46598E+01  0.00000E+00  0.00000E+00
    4.2405E+01 -1.29569E+02 -6.46598E+01  0.00000E+00  0.00000E+00
    4.2456E+01 -1.29569E+02 -6.46598E+01  0.00000E+00  0.00000E+00
    4.2507E+01 -1.29569E+02 -6.46598E+01  0.00000E+00  0.00000E+00
    4.2558E+01 -1.29569E+02 -6.46598E+01  0.00000E+00  0.00000E+00
    4.2609E+01 -1.29569E+02 -6.46598E+01  0.00000E+00  0.00000E+00
    4.2661E+01 -1.29569E+02 -6.46598E+01  0.00000E+00  0.00000E+00
    4.2712E+01 -1.29569E+02 -6.46598E+01  0.00000E+00  0.00000E+00
    4.2763E+01 -1.29569E+02 -6.46598E+01  0.00000E+00  0.00000E+00
    4.2814E+01 -1.29569E+02 -6.46598E+01  0.00000E+00  0.00000E+00
    4.2865E+01 -1.29569E+02 -6.46598E+01  0.00000E+00  0.00000E+00
    4.2916E+01 -1.29569E+02 -6.46598E+01  0.00000E+00  0.00000E+00
    4.2967E+01 -1.29569E+02 -6.46598E+01  0.00000E+00  0.00000E+00
    4.3018E+01 -1.29569E+02 -6.46598E+01  0.00000E+00  0.00000E+00
    4.3069E+01 -1.29569E+02 -6.46598E+01  0.00000E+00  0.00000E+00
    4.3120E+01 -1.29569E+02 -6.46598E+01  0.00000E+00  0.00000E+00
    4.3171E+01 -1.29569E+02 -6.46598E+01  0.00000E+00  0.00000E+00
    4.3223E+01 -1.29569E+02 -6.46598E+01  0.00000E+00  0.00000E+00
    4.3274E+01 -1.29569E+02 -6.46598E+01  0.00000E+00  0.00000E+00
    4.3325E+01 -1.29569E+02 -6.46598E+01  0.00000E+00  0.00000E+00
    4.3376E+01 -1.29569E+02 -6.46598E+01  0.00000E+00  0.00000E+00
    4.3427E+01 -1.29569E+02 -6.46598E+01  0.00000E+00  0.00000E+00
    4.3478E+01 -1.29569E+02 -6.46598E+01  0.00000E+00  0.00000E+00
    4.3529E+01 -1.29569E+02 -6.46598E+01  0.00000E+00  0.00000E+00
    4.3580E+01 -1.29569E+02 -6.46598E+01  0.00000E+00  0.00000E+00
    4.3631E+01 -1.29569E+02 -6.46598E+01  0.00000E+00  0.00000E+00
    4.3682E+01 -1.29569E+02 -6.46598E+01  0.00000E+00  0.00000E+00
    4.3733E+01 -1.29569E+02 -6.46598E+01  0.00000E+00  0.00000E+00
    4.3785E+01 -1.29569E+02 -6.46598E+01  0.00000E+00  0.00000E+00
    4.3836E+01 -1.29569E+02 -6.46598E+01  0.00000E+00  0.00000E+00
    4.3887E+01 -1.29569E+02 -6.46598E+01  0.00000E+00  0.00000E+00
    4.3938E+01 -1.29569E+02 -6.46598E+01  0.00000E+00  0.00000E+00
    4.3989E+01 -1.29569E+02 -6.46598E+01  0.00000E+00  0.00000E+00
    4.4040E+01 -1.29569E+02 -6.46598E+01  0.00000E+00  0.00000E+00
    4.4091E+01 -1.29569E+02 -6.46598E+01  0.00000E+00  0.00000E+00
    4.4142E+01 -1.29569E+02 -6.46598E+01  0.00000E+00  0.00000E+00
    4.4193E+01 -1.29569E+02 -6.46598E+01  0.00000E+00  0.00000E+00
    4.4244E+01 -1.29569E+02 -6.46598E+01  0.00000E+00  0.00000E+00
    4.4295E+01 -1.29569E+02 -6.46598E+01  0.00000E+00  0.00000E+00
    4.4347E+01 -1.29569E+02 -6.46598E+01  0.00000E+00  0.00000E+00
    4.4398E+01 -1.29569E+02 -6.46598E+01  0.00000E+00  0.00000E+00
    4.4449E+01 -1.29569E+02 -6.46598E+01  0.00000E+00  0.00000E+00
    4.4500E+01 -1.29569E+02 -6.46598E+01  0.00000E+00  0.00000E+00
    4.4551E+01 -1.29569E+02 -6.46598E+01  0.00000E+00  0.00000E+00
    4.4602E+01 -1.29569E+02 -6.46598E+01  0.00000E+00  0.00000E+00
    4.4653E+01 -1.29569E+02 -6.46598E+01  0.00000E+00  0.00000E+00
    4.4704E+01 -1.29569E+02 -6.46598E+01  0.00000E+00  0.00000E+00
    4.4755E+01 -1.29569E+02 -6.46598E+01  0.00000E+00  0.00000E+00
    4.4806E+01 -1.29569E+02 -6.46598E+01  0.00000E+00  0.00000E+00
    4.4857E+01 -1.29569E+02 -6.46598E+01  0.00000E+00  0.00000E+00
    4.4909E+01 -1.29569E+02 -6.46598E+01  0.00000E+00  0.00000E+00
    4.4960E+01 -1.29569E+02 -6.46598E+01  0.00000E+00  0.00000E+00
    4.5011E+01 -1.29569E+02 -6.46598E+01  0.00000E+00  0.00000E+00
    4.5062E+01 -1.29569E+02 -6.46598E+01  0.00000E+00  0.00000E+00
    4.5113E+01 -1.29569E+02 -6.46598E+01  0.00000E+00  0.00000E+00
    4.5164E+01 -1.29569E+02 -6.46598E+01  0.00000E+00  0.00000E+00
    4.5215E+01 -1.29569E+02 -6.46598E+01  0.00000E+00  0.00000E+00
    4.5266E+01 -1.29569E+02 -6.46598E+01  0.00000E+00  0.00000E+00
    4.5317E+01 -1.29569E+02 -6.46598E+01  0.00000E+00  0.00000E+00
    4.5368E+01 -1.29569E+02 -6.46598E+01  0.00000E+00  0.00000E+00
    4.5419E+01 -1.29569E+02 -6.46598E+01  0.00000E+00  0.00000E+00
    4.5471E+01 -1.29569E+02 -6.46598E+01  0.00000E+00  0.00000E+00
    4.5522E+01 -1.29569E+02 -6.46598E+01  0.00000E+00  0.00000E+00
    4.5573E+01 -1.29569E+02 -6.46598E+01  0.00000E+00  0.00000E+00
    4.5624E+01 -1.29569E+02 -6.46598E+01  0.00000E+00  0.00000E+00
    4.5675E+01 -1.29569E+02 -6.46598E+01  0.00000E+00  0.00000E+00
    4.5726E+01 -1.29569E+02 -6.46598E+01  0.00000E+00  0.00000E+00
    4.5777E+01 -1.29569E+02 -6.46598E+01  0.00000E+00  0.00000E+00
    4.5828E+01 -1.29569E+02 -6.46598E+01  0.00000E+00  0.00000E+00
    4.5879E+01 -1.29569E+02 -6.46598E+01  0.00000E+00  0.00000E+00
    4.5930E+01 -1.29569E+02 -6.46598E+01  0.00000E+00  0.00000E+00
    4.5981E+01 -1.29569E+02 -6.46598E+01  0.00000E+00  0.00000E+00
    4.6033E+01 -1.29569E+02 -6.46598E+01  0.00000E+00  0.00000E+00
    4.6084E+01 -1.29569E+02 -6.46598E+01  0.00000E+00  0.00000E+00
    4.6135E+01 -1.29569E+02 -6.46598E+01  0.00000E+00  0.00000E+00
    4.6186E+01 -1.29569E+02 -6.46598E+01  0.00000E+00  0.00000E+00
    4.6237E+01 -1.29569E+02 -6.46598E+01  0.00000E+00  0.00000E+00
    4.6288E+01 -1.29569E+02 -6.46598E+01  0.00000E+00  0.00000E+00
    4.6339E+01 -1.29569E+02 -6.46598E+01  0.00000E+00  0.00000E+00
    4.6390E+01 -1.29569E+02 -6.46598E+01  0.00000E+00  0.00000E+00
    4.6441E+01 -1.29569E+02 -6.46598E+01  0.00000E+00  0.00000E+00
    4.6492E+01 -1.29569E+02 -6.46598E+01  0.00000E+00  0.00000E+00
    4.6543E+01 -1.29569E+02 -6.46598E+01  0.00000E+00  0.00000E+00
    4.6595E+01 -1.29569E+02 -6.46598E+01  0.00000E+00  0.00000E+00
    4.6646E+01 -1.29569E+02 -6.46598E+01  0.00000E+00  0.00000E+00
    4.6697E+01 -1.29569E+02 -6.46598E+01  0.00000E+00  0.00000E+00
    4.6748E+01 -1.29569E+02 -6.46598E+01  0.00000E+00  0.00000E+00
    4.6799E+01 -1.29569E+02 -6.46598E+01  0.00000E+00  0.00000E+00
    4.6850E+01 -1.29569E+02 -6.46598E+01  0.00000E+00  0.00000E+00
    4.6901E+01 -1.29569E+02 -6.46598E+01  0.00000E+00  0.00000E+00
    4.6952E+01 -1.29569E+02 -6.46598E+01  0.00000E+00  0.00000E+00
    4.7003E+01 -1.29569E+02 -6.46598E+01  0.00000E+00  0.00000E+00
    4.7054E+01 -1.29569E+02 -6.46598E+01  0.00000E+00  0.00000E+00
    4.7105E+01 -1.29569E+02 -6.46598E+01  0.00000E+00  0.00000E+00
    4.7157E+01 -1.29569E+02 -6.46598E+01  0.00000E+00  0.00000E+00
    4.7208E+01 -1.29569E+02 -6.46598E+01  0.00000E+00  0.00000E+00
    4.7259E+01 -1.29569E+02 -6.46598E+01  0.00000E+00  0.00000E+00
    4.7310E+01 -1.29569E+02 -6.46598E+01  0.00000E+00  0.00000E+00
    4.7361E+01 -1.29569E+02 -6.46598E+01  0.00000E+00  0.00000E+00
    4.7412E+01 -1.29569E+02 -6.46598E+01  0.00000E+00  0.00000E+00
    4.7463E+01 -1.29569E+02 -6.46598E+01  0.00000E+00  0.00000E+00
    4.7514E+01 -1.29569E+02 -6.46598E+01  0.00000E+00  0.00000E+00
    4.7565E+01 -1.29569E+02 -6.46598E+01  0.00000E+00  0.00000E+00
    4.7616E+01 -1.29569E+02 -6.46598E+01  0.00000E+00  0.00000E+00
    4.7667E+01 -1.29569E+02 -6.46598E+01  0.00000E+00  0.00000E+00
    4.7719E+01 -1.29569E+02 -6.46598E+01  0.00000E+00  0.00000E+00
    4.7770E+01 -1.29569E+02 -6.46598E+01  0.00000E+00  0.00000E+00
    4.7821E+01 -1.29569E+02 -6.46598E+01  0.00000E+00  0.00000E+00
    4.7872E+01 -1.29569E+02 -6.46598E+01  0.00000E+00  0.00000E+00
    4.7923E+01 -1.29569E+02 -6.46598E+01  0.00000E+00  0.00000E+00
    4.7974E+01 -1.29569E+02 -6.46598E+01  0.00000E+00  0.00000E+00
    4.8025E+01 -1.29569E+02 -6.46598E+01  0.00000E+00  0.00000E+00
    4.8076E+01 -1.29569E+02 -6.46598E+01  0.00000E+00  0.00000E+00
    4.8127E+01 -1.29569E+02 -6.46598E+01  0.00000E+00  0.00000E+00
    4.8178E+01 -1.29569E+02 -6.46598E+01  0.00000E+00  0.00000E+00
    4.8229E+01 -1.29569E+02 -6.46598E+01  0.00000E+00  0.00000E+00
    4.8280E+01 -1.29569E+02 -6.46598E+01  0.00000E+00  0.00000E+00
    4.8332E+01 -1.29569E+02 -6.46598E+01  0.00000E+00  0.00000E+00
    4.8383E+01 -1.29569E+02 -6.46598E+01  0.00000E+00  0.00000E+00
    4.8434E+01 -1.29569E+02 -6.46598E+01  0.00000E+00  0.00000E+00
    4.8485E+01 -1.29569E+02 -6.46598E+01  0.00000E+00  0.00000E+00
    4.8536E+01 -1.29569E+02 -6.46598E+01  0.00000E+00  0.00000E+00
    4.8587E+01 -1.29569E+02 -6.46598E+01  0.00000E+00  0.00000E+00
    4.8638E+01 -1.29569E+02 -6.46598E+01  0.00000E+00  0.00000E+00
    4.8689E+01 -1.29569E+02 -6.46598E+01  0.00000E+00  0.00000E+00
    4.8740E+01 -1.29569E+02 -6.46598E+01  0.00000E+00  0.00000E+00
    4.8791E+01 -1.29569E+02 -6.46598E+01  0.00000E+00  0.00000E+00
    4.8842E+01 -1.29569E+02 -6.46598E+01  0.00000E+00  0.00000E+00
    4.8894E+01 -1.29569E+02 -6.46598E+01  0.00000E+00  0.00000E+00
    4.8945E+01 -1.29569E+02 -6.46598E+01  0.00000E+00  0.00000E+00
    4.8996E+01 -1.29569E+02 -6.46598E+01  0.00000E+00  0.00000E+00
    4.9047E+01 -1.29569E+02 -6.46598E+01  0.00000E+00  0.00000E+00
    4.9098E+01 -1.29569E+02 -6.46598E+01  0.00000E+00  0.00000E+00
    4.9149E+01 -1.29569E+02 -6.46598E+01  0.00000E+00  0.00000E+00
    4.9200E+01 -1.29569E+02 -6.46598E+01  0.00000E+00  0.00000E+00
    4.9251E+01 -1.36758E+02 -6.64569E+01  0.00000E+00  0.00000E+00
    4.9302E+01 -1.36758E+02 -6.64569E+01  0.00000E+00  0.00000E+00
    4.9353E+01 -1.36758E+02 -6.64569E+01  0.00000E+00  0.00000E+00
    4.9404E+01 -1.36758E+02 -6.64569E+01  0.00000E+00  0.00000E+00
    4.9456E+01 -1.36758E+02 -6.64569E+01  0.00000E+00  0.00000E+00
    4.9507E+01 -1.36758E+02 -6.64569E+01  0.00000E+00  0.00000E+00
    4.9558E+01 -1.36758E+02 -6.64569E+01  0.00000E+00  0.00000E+00
    4.9609E+01 -1.36758E+02 -6.64569E+01  0.00000E+00  0.00000E+00
    4.9660E+01 -1.36758E+02 -6.64569E+01  0.00000E+00  0.00000E+00
    4.9711E+01 -1.36758E+02 -6.64569E+01  0.00000E+00  0.00000E+00
    4.9762E+01 -1.36758E+02 -6.64569E+01  0.00000E+00  0.00000E+00
    4.9813E+01 -1.36758E+02 -6.64569E+01  0.00000E+00  0.00000E+00
    4.9864E+01 -1.36758E+02 -6.64569E+01  0.00000E+00  0.00000E+00
    4.9915E+01 -1.36758E+02 -6.64569E+01  0.00000E+00  0.00000E+00
    4.9966E+01 -1.36758E+02 -6.64569E+01  0.00000E+00  0.00000E+00
    5.0018E+01 -1.36758E+02 -6.64569E+01  0.00000E+00  0.00000E+00
    5.0069E+01 -1.36758E+02 -6.64569E+01  0.00000E+00  0.00000E+00
    5.0120E+01 -1.36758E+02 -6.64569E+01  0.00000E+00  0.00000E+00
    5.0171E+01 -1.36758E+02 -6.64569E+01  0.00000E+00  0.00000E+00
    5.0222E+01 -1.36758E+02 -6.64569E+01  0.00000E+00  0.00000E+00
    5.0273E+01 -1.36758E+02 -6.64569E+01  0.00000E+00  0.00000E+00
    5.0324E+01 -1.36758E+02 -6.64569E+01  0.00000E+00  0.00000E+00
    5.0375E+01 -1.36758E+02 -6.64569E+01  0.00000E+00  0.00000E+00
    5.0426E+01 -1.36758E+02 -6.64569E+01  0.00000E+00  0.00000E+00
    5.0477E+01 -1.36758E+02 -6.64569E+01  0.00000E+00  0.00000E+00
    5.0528E+01 -1.36758E+02 -6.64569E+01  0.00000E+00  0.00000E+00
    5.0580E+01 -1.36758E+02 -6.64569E+01  0.00000E+00  0.00000E+00
    5.0631E+01 -1.36758E+02 -6.64569E+01  0.00000E+00  0.00000E+00
    5.0682E+01 -1.36758E+02 -6.64569E+01  0.00000E+00  0.00000E+00
    5.0733E+01 -1.36758E+02 -6.64569E+01  0.00000E+00  0.00000E+00
    5.0784E+01 -1.36758E+02 -6.64569E+01  0.00000E+00  0.00000E+00
    5.0835E+01 -1.36758E+02 -6.64569E+01  0.00000E+00  0.00000E+00
    5.0886E+01 -1.36758E+02 -6.64569E+01  0.00000E+00  0.00000E+00
    5.0937E+01 -1.36758E+02 -6.64569E+01  0.00000E+00  0.00000E+00
    5.0988E+01 -1.36758E+02 -6.64569E+01  0.00000E+00  0.00000E+00
    5.1039E+01 -1.39546E+02 -6.92459E+01  0.00000E+00  0.00000E+00
