    0.0000E+00  0.00000E+00  0.00000E+00  0.00000E+00  0.00000E+00  0.00000E+00  0.00000E+00
    8.7555E-02  0.00000E+00  0.00000E+00  0.00000E+00  0.00000E+00  0.00000E+00  0.00000E+00
    1.7511E-01  0.00000E+00  0.00000E+00  0.00000E+00  0.00000E+00  0.00000E+00  0.00000E+00
    2.6266E-01  0.00000E+00  0.00000E+00  0.00000E+00  0.00000E+00  0.00000E+00  0.00000E+00
    3.5022E-01  0.00000E+00  0.00000E+00  0.00000E+00  0.00000E+00  0.00000E+00  0.00000E+00
    4.3777E-01  0.00000E+00  0.00000E+00  0.00000E+00  0.00000E+00  0.00000E+00  0.00000E+00
    5.2533E-01  0.00000E+00  0.00000E+00  0.00000E+00  0.00000E+00  0.00000E+00  0.00000E+00
    6.1288E-01  0.00000E+00  0.00000E+00  0.00000E+00  0.00000E+00  0.00000E+00  0.00000E+00
    7.0044E-01  0.00000E+00  0.00000E+00  0.00000E+00  0.00000E+00  0.00000E+00  0.00000E+00
    7.8799E-01  0.00000E+00  0.00000E+00  0.00000E+00  0.00000E+00  0.00000E+00  0.00000E+00
    8.7555E-01  0.00000E+00  0.00000E+00  0.00000E+00  0.00000E+00  0.00000E+00  0.00000E+00
    9.6310E-01  0.00000E+00  0.00000E+00  0.00000E+00  0.00000E+00  0.00000E+00  0.00000E+00
    1.0507E+00  0.00000E+00  0.00000E+00  0.00000E+00  0.00000E+00  0.00000E+00  0.00000E+00
    1.1382E+00  0.00000E+00  0.00000E+00  0.00000E+00  0.00000E+00  0.00000E+00  0.00000E+00
    1.2258E+00  0.00000E+00  0.00000E+00  0.00000E+00  0.00000E+00  0.00000E+00  0.00000E+00
    1.3133E+00  0.00000E+00  0.00000E+00  0.00000E+00  0.00000E+00  0.00000E+00  0.00000E+00
    1.4009E+00  0.00000E+00  0.00000E+00  0.00000E+00  0.00000E+00  0.00000E+00  0.00000E+00
    1.4884E+00  0.00000E+00  0.00000E+00  0.00000E+00  0.00000E+00  0.00000E+00  0.00000E+00
    1.5760E+00  0.00000E+00  0.00000E+00  0.00000E+00  0.00000E+00  0.00000E+00  0.00000E+00
    1.6635E+00  0.00000E+00  0.00000E+00  0.00000E+00  0.00000E+00  0.00000E+00  0.00000E+00
    1.7511E+00  0.00000E+00  0.00000E+00  0.00000E+00  0.00000E+00  0.00000E+00  0.00000E+00
    1.8387E+00  1.41974E-01 -3.43408E-04  1.41974E-01 -3.43408E-04  1.41974E-01 -3.43408E-04
    1.9262E+00  1.41974E-01 -3.43408E-04  1.41974E-01 -3.43408E-04  1.41974E-01 -3.43408E-04
    2.0138E+00  1.41974E-01 -3.43408E-04  1.41974E-01 -3.43408E-04  1.41974E-01 -3.43408E-04
    2.1013E+00  1.41974E-01 -3.43408E-04  1.41974E-01 -3.43408E-04  1.41974E-01 -3.43408E-04
    2.1889E+00  1.41974E-01 -3.43408E-04  1.41974E-01 -3.43408E-04  1.41974E-01 -3.43408E-04
    2.2764E+00  1.41974E-01 -3.43408E-04  1.41974E-01 -3.43408E-04  1.41974E-01 -3.43408E-04
    2.3640E+00  1.41974E-01 -3.43408E-04  1.41974E-01 -3.43408E-04  1.41974E-01 -3.43408E-04
    2.4515E+00  1.41974E-01 -3.43408E-04  1.41974E-01 -3.43408E-04  1.41974E-01 -3.43408E-04
    2.5391E+00  1.41974E-01 -3.43408E-04  1.41974E-01 -3.43408E-04  1.41974E-01 -3.43408E-04
    2.6266E+00  1.41974E-01 -3.43408E-04  1.41974E-01 -3.43408E-04  1.41974E-01 -3.43408E-04
    2.7142E+00  1.41974E-01 -3.43408E-04  1.41974E-01 -3.43408E-04  1.41974E-01 -3.43408E-04
    2.8018E+00  1.41974E-01 -3.43408E-04  1.41974E-01 -3.43408E-04  1.41974E-01 -3.43408E-04
    2.8893E+00  1.41974E-01 -3.43408E-04  1.41974E-01 -3.43408E-04  1.41974E-01 -3.43408E-04
    2.9769E+00  1.41974E-01 -3.43408E-04  1.41974E-01 -3.43408E-04  1.41974E-01 -3.43408E-04
    3.0644E+00  1.41974E-01 -3.43408E-04  1.41974E-01 -3.43408E-04  1.41974E-01 -3.43408E-04
    3.1520E+00  1.41974E-01 -3.43408E-04  1.41974E-01 -3.43408E-04  1.41974E-01 -3.43408E-04
    3.2395E+00  1.41974E-01 -3.43408E-04  1.41974E-01 -3.43408E-04  1.41974E-01 -3.43408E-04
    3.3271E+00  1.41974E-01 -3.43408E-04  1.41974E-01 -3.43408E-04  1.41974E-01 -3.43408E-04
    3.4146E+00  4.99400E-01 -1.26803E-03  4.99400E-01 -1.26803E-03  4.99400E-01 -1.26803E-03
    3.5022E+00  4.99400E-01 -1.26803E-03  4.99400E-01 -1.26803E-03  4.99400E-01 -1.26803E-03
    3.5897E+00  4.99400E-01 -1.26803E-03  4.99400E-01 -1.26803E-03  4.99400E-01 -1.26803E-03
    3.6773E+00  4.99400E-01 -1.26803E-03  4.99400E-01 -1.26803E-03  4.99400E-01 -1.26803E-03
    3.7649E+00  4.99400E-01 -1.26803E-03  4.99400E-01 -1.26803E-03  4.99400E-01 -1.26803E-03
    3.8524E+00  4.99400E-01 -1.26803E-03  4.99400E-01 -1.26803E-03  4.99400E-01 -1.26803E-03
    3.9400E+00  4.99400E-01 -1.26803E-03  4.99400E-01 -1.26803E-03  4.99400E-01 -1.26803E-03
    4.0275E+00  4.99400E-01 -1.26803E-03  4.99400E-01 -1.26803E-03  4.99400E-01 -1.26803E-03
    4.1151E+00  4.99400E-01 -1.26803E-03  4.99400E-01 -1.26803E-03  4.99400E-01 -1.26803E-03
    4.2026E+00  4.99400E-01 -1.26803E-03  4.99400E-01 -1.26803E-03  4.99400E-01 -1.26803E-03
    4.2902E+00  4.99400E-01 -1.26803E-03  4.99400E-01 -1.26803E-03  4.99400E-01 -1.26803E-03
    4.3777E+00  1.42951E+00 -3.78014E-03  1.42951E+00 -3.78014E-03  1.42951E+00 -3.78014E-03
    4.4653E+00  1.42951E+00 -3.78014E-03  1.42951E+00 -3.78014E-03  1.42951E+00 -3.78014E-03
    4.5528E+00  1.42951E+00 -3.78014E-03  1.42951E+00 -3.78014E-03  1.42951E+00 -3.78014E-03
    4.6404E+00  1.81868E+00 -4.89062E-03  1.81868E+00 -4.89062E-03  1.81868E+00 -4.89062E-03
    4.7280E+00  1.81868E+00 -4.89062E-03  1.81868E+00 -4.89062E-03  1.81868E+00 -4.89062E-03
    4.8155E+00  1.81868E+00 -4.89062E-03  1.81868E+00 -4.89062E-03  1.81868E+00 -4.89062E-03
    4.9031E+00  1.81868E+00 -4.89062E-03  1.81868E+00 -4.89062E-03  1.81868E+00 -4.89062E-03
    4.9906E+00  1.81868E+00 -4.89062E-03  1.81868E+00 -4.89062E-03  1.81868E+00 -4.89062E-03
    5.0782E+00  2.77173E+00 -7.60039E-03  2.77173E+00 -7.60039E-03  2.77173E+00 -7.60039E-03
    5.1657E+00  3.45151E+00 -9.65371E-03  3.45151E+00 -9.65371E-03  3.45151E+00 -9.65371E-03
    5.2533E+00  3.45151E+00 -9.65371E-03  3.45151E+00 -9.65371E-03  3.45151E+00 -9.65371E-03
    5.3408E+00  3.45151E+00 -9.65371E-03  3.45151E+00 -9.65371E-03  3.45151E+00 -9.65371E-03
    5.4284E+00  5.87651E+00 -1.56038E-02  5.87651E+00 -1.56038E-02  5.87651E+00 -1.56038E-02
    5.5160E+00  6.13452E+00 -1.64313E-02  6.13452E+00 -1.64313E-02  6.13452E+00 -1.64313E-02
    5.6035E+00  7.45476E+00 -2.05284E-02  7.45476E+00 -2.05284E-02  7.45476E+00 -2.05284E-02
    5.6911E+00  7.45476E+00 -2.05284E-02  7.45476E+00 -2.05284E-02  7.45476E+00 -2.05284E-02
    5.7786E+00  7.45476E+00 -2.05284E-02  7.45476E+00 -2.05284E-02  7.45476E+00 -2.05284E-02
    5.8662E+00  7.82324E+00 -2.17886E-02  7.82324E+00 -2.17886E-02  7.82324E+00 -2.17886E-02
    5.9537E+00  7.82324E+00 -2.17886E-02  7.82324E+00 -2.17886E-02  7.82324E+00 -2.17886E-02
    6.0413E+00  1.13575E+01 -3.14457E-02  1.13575E+01 -3.14457E-02  1.13575E+01 -3.14457E-02
    6.1288E+00  1.13575E+01 -3.14457E-02  1.13575E+01 -3.14457E-02  1.13575E+01 -3.14457E-02
    6.2164E+00  1.34827E+01 -3.70622E-02  1.34827E+01 -3.70622E-02  1.34827E+01 -3.70622E-02
    6.3039E+00  1.36058E+01 -3.75112E-02  1.36058E+01 -3.75112E-02  1.36058E+01 -3.75112E-02
    6.3915E+00  1.53902E+01 -4.27418E-02  1.53902E+01 -4.27418E-02  1.53902E+01 -4.27418E-02
    6.4791E+00  1.67444E+01 -4.70272E-02  1.67444E+01 -4.70272E-02  1.67444E+01 -4.70272E-02
    6.5666E+00  1.67444E+01 -4.70272E-02  1.67444E+01 -4.70272E-02  1.67444E+01 -4.70272E-02
    6.6542E+00  1.75571E+01 -4.98133E-02  1.75571E+01 -4.98133E-02  1.75571E+01 -4.98133E-02
    6.7417E+00  1.77094E+01 -5.04078E-02  1.77094E+01 -5.04078E-02  1.77094E+01 -5.04078E-02
    6.8293E+00  1.77094E+01 -5.04078E-02  1.77094E+01 -5.04078E-02  1.77094E+01 -5.04078E-02
    6.9168E+00  1.78513E+01 -5.09689E-02  1.78513E+01 -5.09689E-02  1.78513E+01 -5.09689E-02
    7.0044E+00  1.83565E+01 -5.28442E-02  1.83565E+01 -5.28442E-02  1.83565E+01 -5.28442E-02
    7.0919E+00  1.83565E+01 -5.28442E-02  1.83565E+01 -5.28442E-02  1.83565E+01 -5.28442E-02
    7.1795E+00  1.83565E+01 -5.28442E-02  1.83565E+01 -5.28442E-02  1.83565E+01 -5.28442E-02
    7.2670E+00  1.83565E+01 -5.28442E-02  1.83565E+01 -5.28442E-02  1.83565E+01 -5.28442E-02
    7.3546E+00  1.84796E+01 -5.33431E-02  1.84796E+01 -5.33431E-02  1.84796E+01 -5.33431E-02
    7.4422E+00  1.91267E+01 -5.55800E-02  1.91267E+01 -5.55800E-02  1.91267E+01 -5.55800E-02
    7.5297E+00  1.91267E+01 -5.55800E-02  1.91267E+01 -5.55800E-02  1.91267E+01 -5.55800E-02
    7.6173E+00  2.06691E+01 -6.05585E-02  2.06691E+01 -6.05585E-02  2.06691E+01 -6.05585E-02
    7.7048E+00  2.09355E+01 -6.15648E-02  2.09355E+01 -6.15648E-02  2.09355E+01 -6.15648E-02
    7.7924E+00  2.09355E+01 -6.15648E-02  2.09355E+01 -6.15648E-02  2.09355E+01 -6.15648E-02
    7.8799E+00  2.31976E+01 -6.73130E-02  2.31976E+01 -6.73130E-02  2.31976E+01 -6.73130E-02
    7.9675E+00  2.53959E+01 -7.29302E-02  2.53959E+01 -7.29302E-02  2.53959E+01 -7.29302E-02
    8.0550E+00  2.55741E+01 -7.36856E-02  2.55741E+01 -7.36856E-02  2.55741E+01 -7.36856E-02
    8.1426E+00  2.55741E+01 -7.36856E-02  2.55741E+01 -7.36856E-02  2.55741E+01 -7.36856E-02
    8.2301E+00  2.82707E+01 -8.11948E-02  2.82707E+01 -8.11948E-02  2.82707E+01 -8.11948E-02
    8.3177E+00  2.82707E+01 -8.11948E-02  2.82707E+01 -8.11948E-02  2.82707E+01 -8.11948E-02
    8.4053E+00  2.88467E+01 -8.32227E-02  2.88467E+01 -8.32227E-02  2.88467E+01 -8.32227E-02
    8.4928E+00  2.88467E+01 -8.32227E-02  2.88467E+01 -8.32227E-02  2.88467E+01 -8.32227E-02
    8.5804E+00  2.88467E+01 -8.32227E-02  2.88467E+01 -8.32227E-02  2.88467E+01 -8.32227E-02
    8.6679E+00  2.91719E+01 -8.45378E-02  2.91719E+01 -8.45378E-02  2.91719E+01 -8.45378E-02
    8.7555E+00  2.91719E+01 -8.45378E-02  2.91719E+01 -8.45378E-02  2.91719E+01 -8.45378E-02
    8.8430E+00  2.91719E+01 -8.45378E-02  2.91719E+01 -8.45378E-02  2.91719E+01 -8.45378E-02
    8.9306E+00  2.91719E+01 -8.45378E-02  2.91719E+01 -8.45378E-02  2.91719E+01 -8.45378E-02
    9.0181E+00  3.07736E+01 -8.95341E-02  3.07736E+01 -8.95341E-02  3.07736E+01 -8.95341E-02
    9.1057E+00  3.62210E+01 -1.03408E-01  3.62210E+01 -1.03408E-01  3.62210E+01 -1.03408E-01
    9.1933E+00  3.68563E+01 -1.05681E-01  3.68563E+01 -1.05681E-01  3.68563E+01 -1.05681E-01
    9.2808E+00  4.01377E+01 -1.17024E-01  4.01377E+01 -1.17024E-01  4.01377E+01 -1.17024E-01
    9.3684E+00  4.44792E+01 -1.31742E-01  4.44792E+01 -1.31742E-01  4.44792E+01 -1.31742E-01
    9.4559E+00  5.00578E+01 -1.50746E-01  5.00578E+01 -1.50746E-01  5.00578E+01 -1.50746E-01
    9.5435E+00  5.00578E+01 -1.50746E-01  5.00578E+01 -1.50746E-01  5.00578E+01 -1.50746E-01
    9.6310E+00  5.67929E+01 -1.71862E-01  5.67929E+01 -1.71862E-01  5.67929E+01 -1.71862E-01
    9.7186E+00  5.83248E+01 -1.77701E-01  5.83248E+01 -1.77701E-01  5.83248E+01 -1.77701E-01
    9.8061E+00  6.19270E+01 -1.89400E-01  6.19270E+01 -1.89400E-01  6.19270E+01 -1.89400E-01
    9.8937E+00  6.57625E+01 -2.00940E-01  6.57625E+01 -2.00940E-01  6.57625E+01 -2.00940E-01
    9.9812E+00  6.74479E+01 -2.06862E-01  6.74479E+01 -2.06862E-01  6.74479E+01 -2.06862E-01
    1.0069E+01  7.38897E+01 -2.26997E-01  7.38897E+01 -2.26997E-01  7.38897E+01 -2.26997E-01
    1.0156E+01  7.47057E+01 -2.30349E-01  7.47057E+01 -2.30349E-01  7.47057E+01 -2.30349E-01
    1.0244E+01  7.47057E+01 -2.30349E-01  7.47057E+01 -2.30349E-01  7.47057E+01 -2.30349E-01
    1.0331E+01  9.85009E+01 -2.98507E-01  9.85009E+01 -2.98507E-01  9.85009E+01 -2.98507E-01
    1.0419E+01  1.10195E+02 -3.31793E-01  1.10195E+02 -3.31793E-01  1.10195E+02 -3.31793E-01
    1.0507E+01  1.10195E+02 -3.31793E-01  1.10195E+02 -3.31793E-01  1.10195E+02 -3.31793E-01
    1.0594E+01  1.10195E+02 -3.31793E-01  1.10195E+02 -3.31793E-01  1.10195E+02 -3.31793E-01
    1.0682E+01  1.10752E+02 -3.34034E-01  1.10752E+02 -3.34034E-01  1.10752E+02 -3.34034E-01
    1.0769E+01  1.11478E+02 -3.36953E-01  1.11478E+02 -3.36953E-01  1.11478E+02 -3.36953E-01
    1.0857E+01  1.23017E+02 -3.64918E-01  1.23017E+02 -3.64918E-01  1.23017E+02 -3.64918E-01
    1.0944E+01  1.23017E+02 -3.64918E-01  1.23017E+02 -3.64918E-01  1.23017E+02 -3.64918E-01
    1.1032E+01  1.33990E+02 -3.98901E-01  1.33990E+02 -3.98901E-01  1.33990E+02 -3.98901E-01
    1.1119E+01  1.48074E+02 -4.07661E-01  1.48074E+02 -4.07661E-01  1.48074E+02 -4.07661E-01
    1.1207E+01  1.48777E+02 -4.09819E-01  1.48777E+02 -4.09819E-01  1.48777E+02 -4.09819E-01
    1.1295E+01  1.48777E+02 -4.09819E-01  1.48777E+02 -4.09819E-01  1.48777E+02 -4.09819E-01
    1.1382E+01  1.48777E+02 -4.09819E-01  1.48777E+02 -4.09819E-01  1.48777E+02 -4.09819E-01
    1.1470E+01  1.48777E+02 -4.09819E-01  1.48777E+02 -4.09819E-01  1.48777E+02 -4.09819E-01
    1.1557E+01  1.48777E+02 -4.09819E-01  1.48777E+02 -4.09819E-01  1.48777E+02 -4.09819E-01
    1.1645E+01  1.48777E+02 -4.09819E-01  1.48777E+02 -4.09819E-01  1.48777E+02 -4.09819E-01
    1.1732E+01  1.50670E+02 -4.16041E-01  1.50670E+02 -4.16041E-01  1.50670E+02 -4.16041E-01
    1.1820E+01  1.68615E+02 -4.69143E-01  1.68615E+02 -4.69143E-01  1.68615E+02 -4.69143E-01
    1.1907E+01  1.68615E+02 -4.69143E-01  1.68615E+02 -4.69143E-01  1.68615E+02 -4.69143E-01
    1.1995E+01  1.69555E+02 -4.72816E-01  1.69555E+02 -4.72816E-01  1.69555E+02 -4.72816E-01
    1.2083E+01  1.73528E+02 -4.83947E-01  1.73528E+02 -4.83947E-01  1.73528E+02 -4.83947E-01
    1.2170E+01  1.75983E+02 -4.92027E-01  1.75983E+02 -4.92027E-01  1.75983E+02 -4.92027E-01
    1.2258E+01  1.85128E+02 -5.18794E-01  1.85128E+02 -5.18794E-01  1.85128E+02 -5.18794E-01
    1.2345E+01  1.85128E+02 -5.18794E-01  1.85128E+02 -5.18794E-01  1.85128E+02 -5.18794E-01
    1.2433E+01  1.85128E+02 -5.18794E-01  1.85128E+02 -5.18794E-01  1.85128E+02 -5.18794E-01
    1.2520E+01  2.04579E+02 -5.68888E-01  2.04579E+02 -5.68888E-01  2.04579E+02 -5.68888E-01
    1.2608E+01  2.04579E+02 -5.68888E-01  2.04579E+02 -5.68888E-01  2.04579E+02 -5.68888E-01
    1.2695E+01  2.24080E+02 -6.19696E-01  2.24080E+02 -6.19696E-01  2.24080E+02 -6.19696E-01
    1.2783E+01  2.31636E+02 -6.45622E-01  2.31636E+02 -6.45622E-01  2.31636E+02 -6.45622E-01
    1.2871E+01  2.32655E+02 -6.49377E-01  2.32655E+02 -6.49377E-01  2.32655E+02 -6.49377E-01
    1.2958E+01  2.32655E+02 -6.49377E-01  2.32655E+02 -6.49377E-01  2.32655E+02 -6.49377E-01
    1.3046E+01  2.44900E+02 -6.79398E-01  2.44900E+02 -6.79398E-01  2.44900E+02 -6.79398E-01
    1.3133E+01  2.66822E+02 -6.87913E-01  2.66822E+02 -6.87913E-01  2.66822E+02 -6.87913E-01
    1.3221E+01  2.68639E+02 -6.94106E-01  2.68639E+02 -6.94106E-01  2.68639E+02 -6.94106E-01
    1.3308E+01  2.90131E+02 -7.42022E-01  2.90131E+02 -7.42022E-01  2.90131E+02 -7.42022E-01
    1.3396E+01  2.95724E+02 -7.60088E-01  2.95724E+02 -7.60088E-01  2.95724E+02 -7.60088E-01
    1.3483E+01  2.95724E+02 -7.60088E-01  2.95724E+02 -7.60088E-01  2.95724E+02 -7.60088E-01
    1.3571E+01  3.23216E+02 -8.29118E-01  3.23216E+02 -8.29118E-01  3.23216E+02 -8.29118E-01
    1.3659E+01  3.23216E+02 -8.29118E-01  3.23216E+02 -8.29118E-01  3.23216E+02 -8.29118E-01
    1.3746E+01  3.39548E+02 -8.77377E-01  3.39548E+02 -8.77377E-01  3.39548E+02 -8.77377E-01
    1.3834E+01  3.42887E+02 -8.89034E-01  3.42887E+02 -8.89034E-01  3.42887E+02 -8.89034E-01
    1.3921E+01  3.42887E+02 -8.89034E-01  3.42887E+02 -8.89034E-01  3.42887E+02 -8.89034E-01
    1.4009E+01  3.64203E+02 -9.45437E-01  3.64203E+02 -9.45437E-01  3.64203E+02 -9.45437E-01
    1.4096E+01  3.64914E+02 -9.48216E-01  3.64914E+02 -9.48216E-01  3.64914E+02 -9.48216E-01
    1.4184E+01  3.67330E+02 -9.57143E-01  3.67330E+02 -9.57143E-01  3.67330E+02 -9.57143E-01
    1.4271E+01  3.68012E+02 -9.59799E-01  3.68012E+02 -9.59799E-01  3.68012E+02 -9.59799E-01
    1.4359E+01  3.68012E+02 -9.59799E-01  3.68012E+02 -9.59799E-01  3.68012E+02 -9.59799E-01
    1.4447E+01  3.78546E+02 -9.88543E-01  3.78546E+02 -9.88543E-01  3.78546E+02 -9.88543E-01
    1.4534E+01  4.29378E+02 -1.10249E+00  4.29378E+02 -1.10249E+00  4.29378E+02 -1.10249E+00
    1.4622E+01  4.45176E+02 -1.15194E+00  4.45176E+02 -1.15194E+00  4.45176E+02 -1.15194E+00
    1.4709E+01  4.71304E+02 -1.22346E+00  4.71304E+02 -1.22346E+00  4.71304E+02 -1.22346E+00
    1.4797E+01  4.75978E+02 -1.23937E+00  4.75978E+02 -1.23937E+00  4.75978E+02 -1.23937E+00
    1.4884E+01  4.84846E+02 -1.27207E+00  4.84846E+02 -1.27207E+00  4.84846E+02 -1.27207E+00
    1.4972E+01  4.85122E+02 -1.27325E+00  4.85122E+02 -1.27325E+00  4.85122E+02 -1.27325E+00
    1.5059E+01  4.91758E+02 -1.29778E+00  4.91758E+02 -1.29778E+00  4.91758E+02 -1.29778E+00
    1.5147E+01  4.98991E+02 -1.32367E+00  4.98991E+02 -1.32367E+00  4.98991E+02 -1.32367E+00
    1.5235E+01  5.06404E+02 -1.34978E+00  5.06404E+02 -1.34978E+00  5.06404E+02 -1.34978E+00
    1.5322E+01  5.30199E+02 -1.42140E+00  5.30199E+02 -1.42140E+00  5.30199E+02 -1.42140E+00
    1.5410E+01  5.42907E+02 -1.45647E+00  5.42907E+02 -1.45647E+00  5.42907E+02 -1.45647E+00
    1.5497E+01  5.45282E+02 -1.46536E+00  5.45282E+02 -1.46536E+00  5.45282E+02 -1.46536E+00
    1.5585E+01  5.56165E+02 -1.50107E+00  5.56165E+02 -1.50107E+00  5.56165E+02 -1.50107E+00
    1.5672E+01  6.17485E+02 -1.55016E+00  6.17485E+02 -1.55016E+00  6.17485E+02 -1.55016E+00
    1.5760E+01  6.55320E+02 -1.63498E+00  6.55320E+02 -1.63498E+00  6.55320E+02 -1.63498E+00
    1.5847E+01  6.56213E+02 -1.63869E+00  6.56213E+02 -1.63869E+00  6.56213E+02 -1.63869E+00
    1.5935E+01  6.59331E+02 -1.65100E+00  6.59331E+02 -1.65100E+00  6.59331E+02 -1.65100E+00
    1.6023E+01  6.95529E+02 -1.73345E+00  6.95529E+02 -1.73345E+00  6.95529E+02 -1.73345E+00
    1.6110E+01  7.30294E+02 -1.82389E+00  7.30294E+02 -1.82389E+00  7.30294E+02 -1.82389E+00
    1.6198E+01  7.30294E+02 -1.82389E+00  7.30294E+02 -1.82389E+00  7.30294E+02 -1.82389E+00
    1.6285E+01  7.36591E+02 -1.84512E+00  7.36591E+02 -1.84512E+00  7.36591E+02 -1.84512E+00
    1.6373E+01  7.37936E+02 -1.85012E+00  7.37936E+02 -1.85012E+00  7.37936E+02 -1.85012E+00
    1.6460E+01  7.97260E+02 -2.00239E+00  7.97260E+02 -2.00239E+00  7.97260E+02 -2.00239E+00
    1.6548E+01  8.23079E+02 -2.08259E+00  8.23079E+02 -2.08259E+00  8.23079E+02 -2.08259E+00
    1.6635E+01  8.59794E+02 -2.17572E+00  8.59794E+02 -2.17572E+00  8.59794E+02 -2.17572E+00
    1.6723E+01  8.87175E+02 -2.25829E+00  8.87175E+02 -2.25829E+00  8.87175E+02 -2.25829E+00
    1.6811E+01  8.87175E+02 -2.25829E+00  8.87175E+02 -2.25829E+00  8.87175E+02 -2.25829E+00
    1.6898E+01  8.97786E+02 -2.28811E+00  8.97786E+02 -2.28811E+00  8.97786E+02 -2.28811E+00
    1.6986E+01  8.98481E+02 -2.29109E+00  8.98481E+02 -2.29109E+00  8.98481E+02 -2.29109E+00
    1.7073E+01  1.00256E+03 -2.51325E+00  1.00256E+03 -2.51325E+00  1.00256E+03 -2.51325E+00
    1.7161E+01  1.00256E+03 -2.51325E+00  1.00256E+03 -2.51325E+00  1.00256E+03 -2.51325E+00
    1.7248E+01  1.07369E+03 -2.56677E+00  1.07369E+03 -2.56677E+00  1.07369E+03 -2.56677E+00
    1.7336E+01  1.07595E+03 -2.57480E+00  1.07595E+03 -2.57480E+00  1.07595E+03 -2.57480E+00
    1.7423E+01  1.07595E+03 -2.57480E+00  1.07595E+03 -2.57480E+00  1.07595E+03 -2.57480E+00
    1.7511E+01  1.07821E+03 -2.58385E+00  1.07821E+03 -2.58385E+00  1.07821E+03 -2.58385E+00
    1.7599E+01  1.07821E+03 -2.58385E+00  1.07821E+03 -2.58385E+00  1.07821E+03 -2.58385E+00
    1.7686E+01  1.07821E+03 -2.58385E+00  1.07821E+03 -2.58385E+00  1.07821E+03 -2.58385E+00
    1.7774E+01  1.07821E+03 -2.58385E+00  1.07821E+03 -2.58385E+00  1.07821E+03 -2.58385E+00
    1.7861E+01  1.08448E+03 -2.60549E+00  1.08448E+03 -2.60549E+00  1.08448E+03 -2.60549E+00
    1.7949E+01  1.11531E+03 -2.70222E+00  1.11531E+03 -2.70222E+00  1.11531E+03 -2.70222E+00
    1.8036E+01  1.15467E+03 -2.78897E+00  1.15467E+03 -2.78897E+00  1.15467E+03 -2.78897E+00
    1.8124E+01  1.17353E+03 -2.84596E+00  1.17353E+03 -2.84596E+00  1.17353E+03 -2.84596E+00
    1.8211E+01  1.20283E+03 -2.93482E+00  1.20283E+03 -2.93482E+00  1.20283E+03 -2.93482E+00
    1.8299E+01  1.20283E+03 -2.93482E+00  1.20283E+03 -2.93482E+00  1.20283E+03 -2.93482E+00
    1.8387E+01  1.20283E+03 -2.93482E+00  1.20283E+03 -2.93482E+00  1.20283E+03 -2.93482E+00
    1.8474E+01  1.20283E+03 -2.93482E+00  1.20283E+03 -2.93482E+00  1.20283E+03 -2.93482E+00
    1.8562E+01  1.20283E+03 -2.93482E+00  1.20283E+03 -2.93482E+00  1.20283E+03 -2.93482E+00
    1.8649E+01  1.20283E+03 -2.93482E+00  1.20283E+03 -2.93482E+00  1.20283E+03 -2.93482E+00
    1.8737E+01  1.21144E+03 -2.96365E+00  1.21144E+03 -2.96365E+00  1.21144E+03 -2.96365E+00
    1.8824E+01  1.21289E+03 -2.96957E+00  1.21289E+03 -2.96957E+00  1.21289E+03 -2.96957E+00
    1.8912E+01  1.21558E+03 -2.98064E+00  1.21558E+03 -2.98064E+00  1.21558E+03 -2.98064E+00
    1.8999E+01  1.21890E+03 -2.99322E+00  1.21890E+03 -2.99322E+00  1.21890E+03 -2.99322E+00
    1.9087E+01  1.22153E+03 -3.00389E+00  1.22153E+03 -3.00389E+00  1.22153E+03 -3.00389E+00
    1.9174E+01  1.22153E+03 -3.00389E+00  1.22153E+03 -3.00389E+00  1.22153E+03 -3.00389E+00
    1.9262E+01  1.22284E+03 -3.00900E+00  1.22284E+03 -3.00900E+00  1.22284E+03 -3.00900E+00
    1.9350E+01  1.33124E+03 -3.29523E+00  1.33124E+03 -3.29523E+00  1.33124E+03 -3.29523E+00
    1.9437E+01  1.33124E+03 -3.29523E+00  1.33124E+03 -3.29523E+00  1.33124E+03 -3.29523E+00
    1.9525E+01  1.50826E+03 -3.65136E+00  1.50826E+03 -3.65136E+00  1.50826E+03 -3.65136E+00
    1.9612E+01  1.56069E+03 -3.80901E+00  1.56069E+03 -3.80901E+00  1.56069E+03 -3.80901E+00
    1.9700E+01  1.62604E+03 -3.99511E+00  1.62604E+03 -3.99511E+00  1.62604E+03 -3.99511E+00
    1.9787E+01  1.62604E+03 -3.99511E+00  1.62604E+03 -3.99511E+00  1.62604E+03 -3.99511E+00
    1.9875E+01  1.64941E+03 -4.03906E+00  1.64941E+03 -4.03906E+00  1.64941E+03 -4.03906E+00
    1.9962E+01  1.67966E+03 -4.13062E+00  1.67966E+03 -4.13062E+00  1.67966E+03 -4.13062E+00
    2.0050E+01  1.68988E+03 -4.16440E+00  1.68988E+03 -4.16440E+00  1.68988E+03 -4.16440E+00
    2.0138E+01  1.69494E+03 -4.18289E+00  1.69494E+03 -4.18289E+00  1.69494E+03 -4.18289E+00
    2.0225E+01  1.88505E+03 -4.50754E+00  1.88505E+03 -4.50754E+00  1.88505E+03 -4.50754E+00
    2.0313E+01  1.88579E+03 -4.51059E+00  1.88579E+03 -4.51059E+00  1.88579E+03 -4.51059E+00
    2.0400E+01  1.88757E+03 -4.51784E+00  1.88757E+03 -4.51784E+00  1.88757E+03 -4.51784E+00
    2.0488E+01  1.90791E+03 -4.58543E+00  1.90791E+03 -4.58543E+00  1.90791E+03 -4.58543E+00
    2.0575E+01  1.99244E+03 -4.77814E+00  1.99244E+03 -4.77814E+00  1.99244E+03 -4.77814E+00
    2.0663E+01  2.00217E+03 -4.80966E+00  2.00217E+03 -4.80966E+00  2.00217E+03 -4.80966E+00
    2.0750E+01  2.04606E+03 -4.93229E+00  2.04606E+03 -4.93229E+00  2.04606E+03 -4.93229E+00
    2.0838E+01  2.06669E+03 -4.99669E+00  2.06669E+03 -4.99669E+00  2.06669E+03 -4.99669E+00
    2.0926E+01  2.07024E+03 -5.01119E+00  2.07024E+03 -5.01119E+00  2.07024E+03 -5.01119E+00
    2.1013E+01  2.17902E+03 -5.25135E+00  2.17902E+03 -5.25135E+00  2.17902E+03 -5.25135E+00
    2.1101E+01  2.17902E+03 -5.25135E+00  2.17902E+03 -5.25135E+00  2.17902E+03 -5.25135E+00
    2.1188E+01  2.17902E+03 -5.25135E+00  2.17902E+03 -5.25135E+00  2.17902E+03 -5.25135E+00
    2.1276E+01  2.20699E+03 -5.34294E+00  2.20699E+03 -5.34294E+00  2.20699E+03 -5.34294E+00
    2.1363E+01  2.29717E+03 -5.52973E+00  2.29717E+03 -5.52973E+00  2.29717E+03 -5.52973E+00
    2.1451E+01  2.46608E+03 -5.79517E+00  2.46608E+03 -5.79517E+00  2.46608E+03 -5.79517E+00
    2.1538E+01  2.62376E+03 -6.14194E+00  2.62376E+03 -6.14194E+00  2.62376E+03 -6.14194E+00
    2.1626E+01  2.66080E+03 -6.24790E+00  2.66080E+03 -6.24790E+00  2.66080E+03 -6.24790E+00
    2.1714E+01  2.68058E+03 -6.31532E+00  2.68058E+03 -6.31532E+00  2.68058E+03 -6.31532E+00
    2.1801E+01  2.76865E+03 -6.52999E+00  2.76865E+03 -6.52999E+00  2.76865E+03 -6.52999E+00
    2.1889E+01  2.77713E+03 -6.55936E+00  2.77713E+03 -6.55936E+00  2.77713E+03 -6.55936E+00
    2.1976E+01  2.77713E+03 -6.55936E+00  2.77713E+03 -6.55936E+00  2.77713E+03 -6.55936E+00
    2.2064E+01  2.77713E+03 -6.55936E+00  2.77713E+03 -6.55936E+00  2.77713E+03 -6.55936E+00
    2.2151E+01  2.90301E+03 -6.79385E+00  2.90301E+03 -6.79385E+00  2.90301E+03 -6.79385E+00
    2.2239E+01  2.92324E+03 -6.85887E+00  2.92324E+03 -6.85887E+00  2.92324E+03 -6.85887E+00
    2.2326E+01  2.93163E+03 -6.89128E+00  2.93163E+03 -6.89128E+00  2.93163E+03 -6.89128E+00
    2.2414E+01  2.98941E+03 -7.02062E+00  2.98941E+03 -7.02062E+00  2.98941E+03 -7.02062E+00
    2.2502E+01  3.00153E+03 -7.06568E+00  3.00153E+03 -7.06568E+00  3.00153E+03 -7.06568E+00
    2.2589E+01  3.16115E+03 -7.36604E+00  3.16115E+03 -7.36604E+00  3.16115E+03 -7.36604E+00
    2.2677E+01  3.17045E+03 -7.39522E+00  3.17045E+03 -7.39522E+00  3.17045E+03 -7.39522E+00
    2.2764E+01  3.17119E+03 -7.39832E+00  3.17119E+03 -7.39832E+00  3.17119E+03 -7.39832E+00
    2.2852E+01  3.17517E+03 -7.41233E+00  3.17517E+03 -7.41233E+00  3.17517E+03 -7.41233E+00
    2.2939E+01  3.18467E+03 -7.44661E+00  3.18467E+03 -7.44661E+00  3.18467E+03 -7.44661E+00
    2.3027E+01  3.18571E+03 -7.45112E+00  3.18571E+03 -7.45112E+00  3.18571E+03 -7.45112E+00
    2.3114E+01  3.32838E+03 -7.70927E+00  3.32838E+03 -7.70927E+00  3.32838E+03 -7.70927E+00
    2.3202E+01  3.37648E+03 -7.84409E+00  3.37648E+03 -7.84409E+00  3.37648E+03 -7.84409E+00
    2.3290E+01  3.39864E+03 -7.90609E+00  3.39864E+03 -7.90609E+00  3.39864E+03 -7.90609E+00
    2.3377E+01  3.57412E+03 -8.37730E+00  3.57412E+03 -8.37730E+00  3.57412E+03 -8.37730E+00
    2.3465E+01  3.60014E+03 -8.46436E+00  3.60014E+03 -8.46436E+00  3.60014E+03 -8.46436E+00
    2.3552E+01  3.63097E+03 -8.54426E+00  3.63097E+03 -8.54426E+00  3.63097E+03 -8.54426E+00
    2.3640E+01  3.64191E+03 -8.58162E+00  3.64191E+03 -8.58162E+00  3.64191E+03 -8.58162E+00
    2.3727E+01  3.64191E+03 -8.58162E+00  3.64191E+03 -8.58162E+00  3.64191E+03 -8.58162E+00
    2.3815E+01  3.78592E+03 -8.90833E+00  3.78592E+03 -8.90833E+00  3.78592E+03 -8.90833E+00
    2.3902E+01  3.78746E+03 -8.91484E+00  3.78746E+03 -8.91484E+00  3.78746E+03 -8.91484E+00
    2.3990E+01  3.87004E+03 -9.12174E+00  3.87004E+03 -9.12174E+00  3.87004E+03 -9.12174E+00
    2.4078E+01  3.98143E+03 -9.39292E+00  3.98143E+03 -9.39292E+00  3.98143E+03 -9.39292E+00
    2.4165E+01  3.98929E+03 -9.41865E+00  3.98929E+03 -9.41865E+00  3.98929E+03 -9.41865E+00
    2.4253E+01  4.01900E+03 -9.51792E+00  4.01900E+03 -9.51792E+00  4.01900E+03 -9.51792E+00
    2.4340E+01  4.01900E+03 -9.51792E+00  4.01900E+03 -9.51792E+00  4.01900E+03 -9.51792E+00
    2.4428E+01  4.02508E+03 -9.54220E+00  4.02508E+03 -9.54220E+00  4.02508E+03 -9.54220E+00
    2.4515E+01  4.02508E+03 -9.54220E+00  4.02508E+03 -9.54220E+00  4.02508E+03 -9.54220E+00
    2.4603E+01  4.08098E+03 -9.69727E+00  4.08098E+03 -9.69727E+00  4.08098E+03 -9.69727E+00
    2.4690E+01  4.11448E+03 -9.80270E+00  4.11448E+03 -9.80270E+00  4.11448E+03 -9.80270E+00
    2.4778E+01  4.14757E+03 -9.91452E+00  4.14757E+03 -9.91452E+00  4.14757E+03 -9.91452E+00
    2.4866E+01  4.33625E+03 -1.03020E+01  4.33625E+03 -1.03020E+01  4.33625E+03 -1.03020E+01
    2.4953E+01  4.42406E+03 -1.05073E+01  4.42406E+03 -1.05073E+01  4.42406E+03 -1.05073E+01
    2.5041E+01  4.47060E+03 -1.06272E+01  4.47060E+03 -1.06272E+01  4.47060E+03 -1.06272E+01
    2.5128E+01  4.47060E+03 -1.06272E+01  4.47060E+03 -1.06272E+01  4.47060E+03 -1.06272E+01
    2.5216E+01  4.48443E+03 -1.06762E+01  4.48443E+03 -1.06762E+01  4.48443E+03 -1.06762E+01
    2.5303E+01  4.51013E+03 -1.07577E+01  4.51013E+03 -1.07577E+01  4.51013E+03 -1.07577E+01
    2.5391E+01  4.77802E+03 -1.13410E+01  4.77802E+03 -1.13410E+01  4.77802E+03 -1.13410E+01
    2.5478E+01  4.85822E+03 -1.14766E+01  4.85822E+03 -1.14766E+01  4.85822E+03 -1.14766E+01
    2.5566E+01  4.86774E+03 -1.15077E+01  4.86774E+03 -1.15077E+01  4.86774E+03 -1.15077E+01
    2.5654E+01  5.21999E+03 -1.22683E+01  5.21999E+03 -1.22683E+01  5.21999E+03 -1.22683E+01
    2.5741E+01  5.21999E+03 -1.22683E+01  5.21999E+03 -1.22683E+01  5.21999E+03 -1.22683E+01
    2.5829E+01  5.33886E+03 -1.25508E+01  5.33886E+03 -1.25508E+01  5.33886E+03 -1.25508E+01
    2.5916E+01  5.33886E+03 -1.25508E+01  5.33886E+03 -1.25508E+01  5.33886E+03 -1.25508E+01
    2.6004E+01  5.34183E+03 -1.25628E+01  5.34183E+03 -1.25628E+01  5.34183E+03 -1.25628E+01
    2.6091E+01  5.36883E+03 -1.26371E+01  5.36883E+03 -1.26371E+01  5.36883E+03 -1.26371E+01
    2.6179E+01  5.44830E+03 -1.28615E+01  5.44830E+03 -1.28615E+01  5.44830E+03 -1.28615E+01
    2.6266E+01  5.72816E+03 -1.33868E+01  5.72816E+03 -1.33868E+01  5.72816E+03 -1.33868E+01
    2.6354E+01  5.73800E+03 -1.34210E+01  5.73800E+03 -1.34210E+01  5.73800E+03 -1.34210E+01
    2.6442E+01  5.79717E+03 -1.35906E+01  5.79717E+03 -1.35906E+01  5.79717E+03 -1.35906E+01
    2.6529E+01  6.01714E+03 -1.40627E+01  6.01714E+03 -1.40627E+01  6.01714E+03 -1.40627E+01
    2.6617E+01  6.14190E+03 -1.43593E+01  6.14190E+03 -1.43593E+01  6.14190E+03 -1.43593E+01
    2.6704E+01  6.14190E+03 -1.43593E+01  6.14190E+03 -1.43593E+01  6.14190E+03 -1.43593E+01
    2.6792E+01  6.23156E+03 -1.46174E+01  6.23156E+03 -1.46174E+01  6.23156E+03 -1.46174E+01
    2.6879E+01  6.23156E+03 -1.46174E+01  6.23156E+03 -1.46174E+01  6.23156E+03 -1.46174E+01
    2.6967E+01  6.23156E+03 -1.46174E+01  6.23156E+03 -1.46174E+01  6.23156E+03 -1.46174E+01
    2.7054E+01  6.23156E+03 -1.46174E+01  6.23156E+03 -1.46174E+01  6.23156E+03 -1.46174E+01
    2.7142E+01  6.58183E+03 -1.52983E+01  6.58183E+03 -1.52983E+01  6.58183E+03 -1.52983E+01
    2.7230E+01  6.65298E+03 -1.54911E+01  6.65298E+03 -1.54911E+01  6.65298E+03 -1.54911E+01
    2.7317E+01  6.65298E+03 -1.54911E+01  6.65298E+03 -1.54911E+01  6.65298E+03 -1.54911E+01
    2.7405E+01  6.65298E+03 -1.54911E+01  6.65298E+03 -1.54911E+01  6.65298E+03 -1.54911E+01
    2.7492E+01  6.85966E+03 -1.59976E+01  6.85966E+03 -1.59976E+01  6.85966E+03 -1.59976E+01
    2.7580E+01  6.85966E+03 -1.59976E+01  6.85966E+03 -1.59976E+01  6.85966E+03 -1.59976E+01
    2.7667E+01  7.00195E+03 -1.63579E+01  7.00195E+03 -1.63579E+01  7.00195E+03 -1.63579E+01
    2.7755E+01  7.00195E+03 -1.63579E+01  7.00195E+03 -1.63579E+01  7.00195E+03 -1.63579E+01
    2.7842E+01  7.00195E+03 -1.63579E+01  7.00195E+03 -1.63579E+01  7.00195E+03 -1.63579E+01
    2.7930E+01  7.10193E+03 -1.66105E+01  7.10193E+03 -1.66105E+01  7.10193E+03 -1.66105E+01
    2.8018E+01  7.24091E+03 -1.69363E+01  7.24091E+03 -1.69363E+01  7.24091E+03 -1.69363E+01
    2.8105E+01  7.29479E+03 -1.70704E+01  7.29479E+03 -1.70704E+01  7.29479E+03 -1.70704E+01
    2.8193E+01  7.29479E+03 -1.70704E+01  7.29479E+03 -1.70704E+01  7.29479E+03 -1.70704E+01
    2.8280E+01  7.84371E+03 -1.80881E+01  7.84371E+03 -1.80881E+01  7.84371E+03 -1.80881E+01
    2.8368E+01  7.84371E+03 -1.80881E+01  7.84371E+03 -1.80881E+01  7.84371E+03 -1.80881E+01
    2.8455E+01  7.84371E+03 -1.80881E+01  7.84371E+03 -1.80881E+01  7.84371E+03 -1.80881E+01
    2.8543E+01  7.97601E+03 -1.84099E+01  7.97601E+03 -1.84099E+01  7.97601E+03 -1.84099E+01
    2.8630E+01  8.06864E+03 -1.86574E+01  8.06864E+03 -1.86574E+01  8.06864E+03 -1.86574E+01
    2.8718E+01  8.06864E+03 -1.86574E+01  8.06864E+03 -1.86574E+01  8.06864E+03 -1.86574E+01
    2.8806E+01  8.30340E+03 -1.91605E+01  8.30340E+03 -1.91605E+01  8.30340E+03 -1.91605E+01
    2.8893E+01  8.30340E+03 -1.91605E+01  8.30340E+03 -1.91605E+01  8.30340E+03 -1.91605E+01
    2.8981E+01  8.30340E+03 -1.91605E+01  8.30340E+03 -1.91605E+01  8.30340E+03 -1.91605E+01
    2.9068E+01  8.30340E+03 -1.91605E+01  8.30340E+03 -1.91605E+01  8.30340E+03 -1.91605E+01
    2.9156E+01  8.30340E+03 -1.91605E+01  8.30340E+03 -1.91605E+01  8.30340E+03 -1.91605E+01
    2.9243E+01  8.37316E+03 -1.93515E+01  8.37316E+03 -1.93515E+01  8.37316E+03 -1.93515E+01
    2.9331E+01  8.37316E+03 -1.93515E+01  8.37316E+03 -1.93515E+01  8.37316E+03 -1.93515E+01
    2.9418E+01  8.37316E+03 -1.93515E+01  8.37316E+03 -1.93515E+01  8.37316E+03 -1.93515E+01
    2.9506E+01  8.37316E+03 -1.93515E+01  8.37316E+03 -1.93515E+01  8.37316E+03 -1.93515E+01
    2.9594E+01  8.37316E+03 -1.93515E+01  8.37316E+03 -1.93515E+01  8.37316E+03 -1.93515E+01
    2.9681E+01  8.78212E+03 -2.00953E+01  8.78212E+03 -2.00953E+01  8.78212E+03 -2.00953E+01
    2.9769E+01  9.16271E+03 -2.08172E+01  9.16271E+03 -2.08172E+01  9.16271E+03 -2.08172E+01
    2.9856E+01  9.26458E+03 -2.10833E+01  9.26458E+03 -2.10833E+01  9.26458E+03 -2.10833E+01
    2.9944E+01  9.69419E+03 -2.17653E+01  9.69419E+03 -2.17653E+01  9.69419E+03 -2.17653E+01
    3.0031E+01  9.88104E+03 -2.22033E+01  9.88104E+03 -2.22033E+01  9.88104E+03 -2.22033E+01
    3.0119E+01  9.88104E+03 -2.22033E+01  9.88104E+03 -2.22033E+01  9.88104E+03 -2.22033E+01
    3.0206E+01  9.88104E+03 -2.22033E+01  9.88104E+03 -2.22033E+01  9.88104E+03 -2.22033E+01
    3.0294E+01  1.03256E+04 -2.28104E+01  1.03256E+04 -2.28104E+01  1.03256E+04 -2.28104E+01
    3.0382E+01  1.05566E+04 -2.33200E+01  1.05566E+04 -2.33200E+01  1.05566E+04 -2.33200E+01
    3.0469E+01  1.05566E+04 -2.33200E+01  1.05566E+04 -2.33200E+01  1.05566E+04 -2.33200E+01
    3.0557E+01  1.06566E+04 -2.35834E+01  1.06566E+04 -2.35834E+01  1.06566E+04 -2.35834E+01
    3.0644E+01  1.07412E+04 -2.38125E+01  1.07412E+04 -2.38125E+01  1.07412E+04 -2.38125E+01
    3.0732E+01  1.08386E+04 -2.40376E+01  1.08386E+04 -2.40376E+01  1.08386E+04 -2.40376E+01
    3.0819E+01  1.09925E+04 -2.44050E+01  1.09925E+04 -2.44050E+01  1.09925E+04 -2.44050E+01
    3.0907E+01  1.09925E+04 -2.44050E+01  1.09925E+04 -2.44050E+01  1.09925E+04 -2.44050E+01
    3.0994E+01  1.09925E+04 -2.44050E+01  1.09925E+04 -2.44050E+01  1.09925E+04 -2.44050E+01
    3.1082E+01  1.09925E+04 -2.44050E+01  1.09925E+04 -2.44050E+01  1.09925E+04 -2.44050E+01
    3.1169E+01  1.10432E+04 -2.45373E+01  1.10432E+04 -2.45373E+01  1.10432E+04 -2.45373E+01
    3.1257E+01  1.12707E+04 -2.49607E+01  1.12707E+04 -2.49607E+01  1.12707E+04 -2.49607E+01
    3.1345E+01  1.12707E+04 -2.49607E+01  1.12707E+04 -2.49607E+01  1.12707E+04 -2.49607E+01
    3.1432E+01  1.15516E+04 -2.54447E+01  1.15516E+04 -2.54447E+01  1.15516E+04 -2.54447E+01
    3.1520E+01  1.15516E+04 -2.54447E+01  1.15516E+04 -2.54447E+01  1.15516E+04 -2.54447E+01
    3.1607E+01  1.15516E+04 -2.54447E+01  1.15516E+04 -2.54447E+01  1.15516E+04 -2.54447E+01
    3.1695E+01  1.15516E+04 -2.54447E+01  1.15516E+04 -2.54447E+01  1.15516E+04 -2.54447E+01
    3.1782E+01  1.15516E+04 -2.54447E+01  1.15516E+04 -2.54447E+01  1.15516E+04 -2.54447E+01
    3.1870E+01  1.22200E+04 -2.64478E+01  1.22200E+04 -2.64478E+01  1.22200E+04 -2.64478E+01
    3.1957E+01  1.24964E+04 -2.66100E+01  1.24964E+04 -2.66100E+01  1.24964E+04 -2.66100E+01
    3.2045E+01  1.31422E+04 -2.76918E+01  1.31422E+04 -2.76918E+01  1.31422E+04 -2.76918E+01
    3.2133E+01  1.31422E+04 -2.76918E+01  1.31422E+04 -2.76918E+01  1.31422E+04 -2.76918E+01
    3.2220E+01  1.35827E+04 -2.83319E+01  1.35827E+04 -2.83319E+01  1.35827E+04 -2.83319E+01
    3.2308E+01  1.40677E+04 -2.92254E+01  1.40677E+04 -2.92254E+01  1.40677E+04 -2.92254E+01
    3.2395E+01  1.40677E+04 -2.92254E+01  1.40677E+04 -2.92254E+01  1.40677E+04 -2.92254E+01
    3.2483E+01  1.40677E+04 -2.92254E+01  1.40677E+04 -2.92254E+01  1.40677E+04 -2.92254E+01
    3.2570E+01  1.40677E+04 -2.92254E+01  1.40677E+04 -2.92254E+01  1.40677E+04 -2.92254E+01
    3.2658E+01  1.40677E+04 -2.92254E+01  1.40677E+04 -2.92254E+01  1.40677E+04 -2.92254E+01
    3.2745E+01  1.43775E+04 -2.98842E+01  1.43775E+04 -2.98842E+01  1.43775E+04 -2.98842E+01
    3.2833E+01  1.43775E+04 -2.98842E+01  1.43775E+04 -2.98842E+01  1.43775E+04 -2.98842E+01
    3.2921E+01  1.43775E+04 -2.98842E+01  1.43775E+04 -2.98842E+01  1.43775E+04 -2.98842E+01
    3.3008E+01  1.43775E+04 -2.98842E+01  1.43775E+04 -2.98842E+01  1.43775E+04 -2.98842E+01
    3.3096E+01  1.43775E+04 -2.98842E+01  1.43775E+04 -2.98842E+01  1.43775E+04 -2.98842E+01
    3.3183E+01  1.43775E+04 -2.98842E+01  1.43775E+04 -2.98842E+01  1.43775E+04 -2.98842E+01
    3.3271E+01  1.43775E+04 -2.98842E+01  1.43775E+04 -2.98842E+01  1.43775E+04 -2.98842E+01
    3.3358E+01  1.49366E+04 -3.08951E+01  1.49366E+04 -3.08951E+01  1.49366E+04 -3.08951E+01
    3.3446E+01  1.49366E+04 -3.08951E+01  1.49366E+04 -3.08951E+01  1.49366E+04 -3.08951E+01
    3.3533E+01  1.49366E+04 -3.08951E+01  1.49366E+04 -3.08951E+01  1.49366E+04 -3.08951E+01
    3.3621E+01  1.53069E+04 -3.16394E+01  1.53069E+04 -3.16394E+01  1.53069E+04 -3.16394E+01
    3.3709E+01  1.53069E+04 -3.16394E+01  1.53069E+04 -3.16394E+01  1.53069E+04 -3.16394E+01
    3.3796E+01  1.57133E+04 -3.21609E+01  1.57133E+04 -3.21609E+01  1.57133E+04 -3.21609E+01
    3.3884E+01  1.58710E+04 -3.25012E+01  1.58710E+04 -3.25012E+01  1.58710E+04 -3.25012E+01
    3.3971E+01  1.58710E+04 -3.25012E+01  1.58710E+04 -3.25012E+01  1.58710E+04 -3.25012E+01
    3.4059E+01  1.58710E+04 -3.25012E+01  1.58710E+04 -3.25012E+01  1.58710E+04 -3.25012E+01
    3.4146E+01  1.63711E+04 -3.34539E+01  1.63711E+04 -3.34539E+01  1.63711E+04 -3.34539E+01
    3.4234E+01  1.65942E+04 -3.39706E+01  1.65942E+04 -3.39706E+01  1.65942E+04 -3.39706E+01
    3.4321E+01  1.65942E+04 -3.39706E+01  1.65942E+04 -3.39706E+01  1.65942E+04 -3.39706E+01
    3.4409E+01  1.65942E+04 -3.39706E+01  1.65942E+04 -3.39706E+01  1.65942E+04 -3.39706E+01
    3.4497E+01  1.70526E+04 -3.49596E+01  1.70526E+04 -3.49596E+01  1.70526E+04 -3.49596E+01
    3.4584E+01  1.70526E+04 -3.49596E+01  1.70526E+04 -3.49596E+01  1.70526E+04 -3.49596E+01
    3.4672E+01  1.70526E+04 -3.49596E+01  1.70526E+04 -3.49596E+01  1.70526E+04 -3.49596E+01
    3.4759E+01  1.70526E+04 -3.49596E+01  1.70526E+04 -3.49596E+01  1.70526E+04 -3.49596E+01
    3.4847E+01  1.70526E+04 -3.49596E+01  1.70526E+04 -3.49596E+01  1.70526E+04 -3.49596E+01
    3.4934E+01  1.73105E+04 -3.54410E+01  1.73105E+04 -3.54410E+01  1.73105E+04 -3.54410E+01
    3.5022E+01  1.73105E+04 -3.54410E+01  1.73105E+04 -3.54410E+01  1.73105E+04 -3.54410E+01
    3.5109E+01  1.76352E+04 -3.61338E+01  1.76352E+04 -3.61338E+01  1.76352E+04 -3.61338E+01
    3.5197E+01  1.76352E+04 -3.61338E+01  1.76352E+04 -3.61338E+01  1.76352E+04 -3.61338E+01
    3.5285E+01  1.80271E+04 -3.67856E+01  1.80271E+04 -3.67856E+01  1.80271E+04 -3.67856E+01
    3.5372E+01  1.80271E+04 -3.67856E+01  1.80271E+04 -3.67856E+01  1.80271E+04 -3.67856E+01
    3.5460E+01  1.83865E+04 -3.75468E+01  1.83865E+04 -3.75468E+01  1.83865E+04 -3.75468E+01
    3.5547E+01  1.86954E+04 -3.82232E+01  1.86954E+04 -3.82232E+01  1.86954E+04 -3.82232E+01
    3.5635E+01  1.86954E+04 -3.82232E+01  1.86954E+04 -3.82232E+01  1.86954E+04 -3.82232E+01
    3.5722E+01  1.86954E+04 -3.82232E+01  1.86954E+04 -3.82232E+01  1.86954E+04 -3.82232E+01
    3.5810E+01  1.90537E+04 -3.89749E+01  1.90537E+04 -3.89749E+01  1.90537E+04 -3.89749E+01
    3.5897E+01  1.90537E+04 -3.89749E+01  1.90537E+04 -3.89749E+01  1.90537E+04 -3.89749E+01
    3.5985E+01  1.90537E+04 -3.89749E+01  1.90537E+04 -3.89749E+01  1.90537E+04 -3.89749E+01
    3.6073E+01  1.92458E+04 -3.91865E+01  1.92458E+04 -3.91865E+01  1.92458E+04 -3.91865E+01
    3.6160E+01  1.92458E+04 -3.91865E+01  1.92458E+04 -3.91865E+01  1.92458E+04 -3.91865E+01
    3.6248E+01  1.92458E+04 -3.91865E+01  1.92458E+04 -3.91865E+01  1.92458E+04 -3.91865E+01
    3.6335E+01  1.94633E+04 -3.96340E+01  1.94633E+04 -3.96340E+01  1.94633E+04 -3.96340E+01
    3.6423E+01  2.01686E+04 -4.08813E+01  2.01686E+04 -4.08813E+01  2.01686E+04 -4.08813E+01
    3.6510E+01  2.01686E+04 -4.08813E+01  2.01686E+04 -4.08813E+01  2.01686E+04 -4.08813E+01
    3.6598E+01  2.07246E+04 -4.16883E+01  2.07246E+04 -4.16883E+01  2.07246E+04 -4.16883E+01
    3.6685E+01  2.10453E+04 -4.22624E+01  2.10453E+04 -4.22624E+01  2.10453E+04 -4.22624E+01
    3.6773E+01  2.20203E+04 -4.31539E+01  2.20203E+04 -4.31539E+01  2.20203E+04 -4.31539E+01
    3.6861E+01  2.22718E+04 -4.36439E+01  2.22718E+04 -4.36439E+01  2.22718E+04 -4.36439E+01
    3.6948E+01  2.22718E+04 -4.36439E+01  2.22718E+04 -4.36439E+01  2.22718E+04 -4.36439E+01
    3.7036E+01  2.22718E+04 -4.36439E+01  2.22718E+04 -4.36439E+01  2.22718E+04 -4.36439E+01
    3.7123E+01  2.22718E+04 -4.36439E+01  2.22718E+04 -4.36439E+01  2.22718E+04 -4.36439E+01
    3.7211E+01  2.22718E+04 -4.36439E+01  2.22718E+04 -4.36439E+01  2.22718E+04 -4.36439E+01
    3.7298E+01  2.24355E+04 -4.40040E+01  2.24355E+04 -4.40040E+01  2.24355E+04 -4.40040E+01
    3.7386E+01  2.24355E+04 -4.40040E+01  2.24355E+04 -4.40040E+01  2.24355E+04 -4.40040E+01
    3.7473E+01  2.29496E+04 -4.50118E+01  2.29496E+04 -4.50118E+01  2.29496E+04 -4.50118E+01
    3.7561E+01  2.29496E+04 -4.50118E+01  2.29496E+04 -4.50118E+01  2.29496E+04 -4.50118E+01
    3.7649E+01  2.29496E+04 -4.50118E+01  2.29496E+04 -4.50118E+01  2.29496E+04 -4.50118E+01
    3.7736E+01  2.29496E+04 -4.50118E+01  2.29496E+04 -4.50118E+01  2.29496E+04 -4.50118E+01
    3.7824E+01  2.29496E+04 -4.50118E+01  2.29496E+04 -4.50118E+01  2.29496E+04 -4.50118E+01
    3.7911E+01  2.29496E+04 -4.50118E+01  2.29496E+04 -4.50118E+01  2.29496E+04 -4.50118E+01
    3.7999E+01  2.29496E+04 -4.50118E+01  2.29496E+04 -4.50118E+01  2.29496E+04 -4.50118E+01
    3.8086E+01  2.34095E+04 -4.57726E+01  2.34095E+04 -4.57726E+01  2.34095E+04 -4.57726E+01
    3.8174E+01  2.44204E+04 -4.76313E+01  2.44204E+04 -4.76313E+01  2.44204E+04 -4.76313E+01
    3.8261E+01  2.44204E+04 -4.76313E+01  2.44204E+04 -4.76313E+01  2.44204E+04 -4.76313E+01
    3.8349E+01  2.51477E+04 -4.85700E+01  2.51477E+04 -4.85700E+01  2.51477E+04 -4.85700E+01
    3.8437E+01  2.71388E+04 -5.16722E+01  2.71388E+04 -5.16722E+01  2.71388E+04 -5.16722E+01
    3.8524E+01  2.71388E+04 -5.16722E+01  2.71388E+04 -5.16722E+01  2.71388E+04 -5.16722E+01
    3.8612E+01  2.71388E+04 -5.16722E+01  2.71388E+04 -5.16722E+01  2.71388E+04 -5.16722E+01
    3.8699E+01  2.73635E+04 -5.21399E+01  2.73635E+04 -5.21399E+01  2.73635E+04 -5.21399E+01
    3.8787E+01  2.88552E+04 -5.44817E+01  2.88552E+04 -5.44817E+01  2.88552E+04 -5.44817E+01
    3.8874E+01  2.94043E+04 -5.53487E+01  2.94043E+04 -5.53487E+01  2.94043E+04 -5.53487E+01
    3.8962E+01  2.94043E+04 -5.53487E+01  2.94043E+04 -5.53487E+01  2.94043E+04 -5.53487E+01
    3.9049E+01  2.96655E+04 -5.58763E+01  2.96655E+04 -5.58763E+01  2.96655E+04 -5.58763E+01
    3.9137E+01  2.96655E+04 -5.58763E+01  2.96655E+04 -5.58763E+01  2.96655E+04 -5.58763E+01
    3.9225E+01  3.05576E+04 -5.74163E+01  3.05576E+04 -5.74163E+01  3.05576E+04 -5.74163E+01
    3.9312E+01  3.05576E+04 -5.74163E+01  3.05576E+04 -5.74163E+01  3.05576E+04 -5.74163E+01
    3.9400E+01  3.05576E+04 -5.74163E+01  3.05576E+04 -5.74163E+01  3.05576E+04 -5.74163E+01
    3.9487E+01  3.10116E+04 -5.81869E+01  3.10116E+04 -5.81869E+01  3.10116E+04 -5.81869E+01
    3.9575E+01  3.10116E+04 -5.81869E+01  3.10116E+04 -5.81869E+01  3.10116E+04 -5.81869E+01
    3.9662E+01  3.10116E+04 -5.81869E+01  3.10116E+04 -5.81869E+01  3.10116E+04 -5.81869E+01
    3.9750E+01  3.10116E+04 -5.81869E+01  3.10116E+04 -5.81869E+01  3.10116E+04 -5.81869E+01
    3.9837E+01  3.13010E+04 -5.83120E+01  3.13010E+04 -5.83120E+01  3.13010E+04 -5.83120E+01
    3.9925E+01  3.13010E+04 -5.83120E+01  3.13010E+04 -5.83120E+01  3.13010E+04 -5.83120E+01
    4.0013E+01  3.13010E+04 -5.83120E+01  3.13010E+04 -5.83120E+01  3.13010E+04 -5.83120E+01
    4.0100E+01  3.13010E+04 -5.83120E+01  3.13010E+04 -5.83120E+01  3.13010E+04 -5.83120E+01
    4.0188E+01  3.13010E+04 -5.83120E+01  3.13010E+04 -5.83120E+01  3.13010E+04 -5.83120E+01
    4.0275E+01  3.13010E+04 -5.83120E+01  3.13010E+04 -5.83120E+01  3.13010E+04 -5.83120E+01
    4.0363E+01  3.13010E+04 -5.83120E+01  3.13010E+04 -5.83120E+01  3.13010E+04 -5.83120E+01
    4.0450E+01  3.21534E+04 -5.97891E+01  3.21534E+04 -5.97891E+01  3.21534E+04 -5.97891E+01
    4.0538E+01  3.21534E+04 -5.97891E+01  3.21534E+04 -5.97891E+01  3.21534E+04 -5.97891E+01
    4.0625E+01  3.21534E+04 -5.97891E+01  3.21534E+04 -5.97891E+01  3.21534E+04 -5.97891E+01
    4.0713E+01  3.21534E+04 -5.97891E+01  3.21534E+04 -5.97891E+01  3.21534E+04 -5.97891E+01
    4.0801E+01  3.21534E+04 -5.97891E+01  3.21534E+04 -5.97891E+01  3.21534E+04 -5.97891E+01
    4.0888E+01  3.28601E+04 -6.11095E+01  3.28601E+04 -6.11095E+01  3.28601E+04 -6.11095E+01
    4.0976E+01  3.28601E+04 -6.11095E+01  3.28601E+04 -6.11095E+01  3.28601E+04 -6.11095E+01
    4.1063E+01  3.44053E+04 -6.31852E+01  3.44053E+04 -6.31852E+01  3.44053E+04 -6.31852E+01
    4.1151E+01  3.44053E+04 -6.31852E+01  3.44053E+04 -6.31852E+01  3.44053E+04 -6.31852E+01
    4.1238E+01  3.44053E+04 -6.31852E+01  3.44053E+04 -6.31852E+01  3.44053E+04 -6.31852E+01
    4.1326E+01  3.44053E+04 -6.31852E+01  3.44053E+04 -6.31852E+01  3.44053E+04 -6.31852E+01
    4.1413E+01  3.44053E+04 -6.31852E+01  3.44053E+04 -6.31852E+01  3.44053E+04 -6.31852E+01
    4.1501E+01  3.44053E+04 -6.31852E+01  3.44053E+04 -6.31852E+01  3.44053E+04 -6.31852E+01
    4.1589E+01  3.44053E+04 -6.31852E+01  3.44053E+04 -6.31852E+01  3.44053E+04 -6.31852E+01
    4.1676E+01  3.44053E+04 -6.31852E+01  3.44053E+04 -6.31852E+01  3.44053E+04 -6.31852E+01
    4.1764E+01  3.44053E+04 -6.31852E+01  3.44053E+04 -6.31852E+01  3.44053E+04 -6.31852E+01
    4.1851E+01  3.44053E+04 -6.31852E+01  3.44053E+04 -6.31852E+01  3.44053E+04 -6.31852E+01
    4.1939E+01  3.44053E+04 -6.31852E+01  3.44053E+04 -6.31852E+01  3.44053E+04 -6.31852E+01
    4.2026E+01  3.55297E+04 -6.43575E+01  3.55297E+04 -6.43575E+01  3.55297E+04 -6.43575E+01
    4.2114E+01  3.55297E+04 -6.43575E+01  3.55297E+04 -6.43575E+01  3.55297E+04 -6.43575E+01
    4.2201E+01  3.55297E+04 -6.43575E+01  3.55297E+04 -6.43575E+01  3.55297E+04 -6.43575E+01
    4.2289E+01  3.55297E+04 -6.43575E+01  3.55297E+04 -6.43575E+01  3.55297E+04 -6.43575E+01
    4.2377E+01  3.55297E+04 -6.43575E+01  3.55297E+04 -6.43575E+01  3.55297E+04 -6.43575E+01
    4.2464E+01  3.55297E+04 -6.43575E+01  3.55297E+04 -6.43575E+01  3.55297E+04 -6.43575E+01
    4.2552E+01  3.55297E+04 -6.43575E+01  3.55297E+04 -6.43575E+01  3.55297E+04 -6.43575E+01
    4.2639E+01  3.55297E+04 -6.43575E+01  3.55297E+04 -6.43575E+01  3.55297E+04 -6.43575E+01
    4.2727E+01  3.55297E+04 -6.43575E+01  3.55297E+04 -6.43575E+01  3.55297E+04 -6.43575E+01
    4.2814E+01  3.55297E+04 -6.43575E+01  3.55297E+04 -6.43575E+01  3.55297E+04 -6.43575E+01
    4.2902E+01  3.55297E+04 -6.43575E+01  3.55297E+04 -6.43575E+01  3.55297E+04 -6.43575E+01
    4.2989E+01  3.55297E+04 -6.43575E+01  3.55297E+04 -6.43575E+01  3.55297E+04 -6.43575E+01
    4.3077E+01  3.55297E+04 -6.43575E+01  3.55297E+04 -6.43575E+01  3.55297E+04 -6.43575E+01
    4.3165E+01  3.55297E+04 -6.43575E+01  3.55297E+04 -6.43575E+01  3.55297E+04 -6.43575E+01
    4.3252E+01  3.55297E+04 -6.43575E+01  3.55297E+04 -6.43575E+01  3.55297E+04 -6.43575E+01
    4.3340E+01  3.55297E+04 -6.43575E+01  3.55297E+04 -6.43575E+01  3.55297E+04 -6.43575E+01
    4.3427E+01  3.55297E+04 -6.43575E+01  3.55297E+04 -6.43575E+01  3.55297E+04 -6.43575E+01
    4.3515E+01  3.71715E+04 -6.54898E+01  3.71715E+04 -6.54898E+01  3.71715E+04 -6.54898E+01
    4.3602E+01  3.77888E+04 -6.64704E+01  3.77888E+04 -6.64704E+01  3.77888E+04 -6.64704E+01
    4.3690E+01  3.77888E+04 -6.64704E+01  3.77888E+04 -6.64704E+01  3.77888E+04 -6.64704E+01
    4.3777E+01  3.91301E+04 -6.86237E+01  3.91301E+04 -6.86237E+01  3.91301E+04 -6.86237E+01
    4.3865E+01  4.12268E+04 -6.98758E+01  4.12268E+04 -6.98758E+01  4.12268E+04 -6.98758E+01
    4.3952E+01  4.12268E+04 -6.98758E+01  4.12268E+04 -6.98758E+01  4.12268E+04 -6.98758E+01
    4.4040E+01  4.12268E+04 -6.98758E+01  4.12268E+04 -6.98758E+01  4.12268E+04 -6.98758E+01
    4.4128E+01  4.12268E+04 -6.98758E+01  4.12268E+04 -6.98758E+01  4.12268E+04 -6.98758E+01
    4.4215E+01  4.12268E+04 -6.98758E+01  4.12268E+04 -6.98758E+01  4.12268E+04 -6.98758E+01
    4.4303E+01  4.12268E+04 -6.98758E+01  4.12268E+04 -6.98758E+01  4.12268E+04 -6.98758E+01
    4.4390E+01  4.12268E+04 -6.98758E+01  4.12268E+04 -6.98758E+01  4.12268E+04 -6.98758E+01
    4.4478E+01  4.12268E+04 -6.98758E+01  4.12268E+04 -6.98758E+01  4.12268E+04 -6.98758E+01
    4.4565E+01  4.29781E+04 -7.12524E+01  4.29781E+04 -7.12524E+01  4.29781E+04 -7.12524E+01
    4.4653E+01  4.29781E+04 -7.12524E+01  4.29781E+04 -7.12524E+01  4.29781E+04 -7.12524E+01
    4.4740E+01  4.29781E+04 -7.12524E+01  4.29781E+04 -7.12524E+01  4.29781E+04 -7.12524E+01
    4.4828E+01  4.29781E+04 -7.12524E+01  4.29781E+04 -7.12524E+01  4.29781E+04 -7.12524E+01
    4.4916E+01  4.36854E+04 -7.23373E+01  4.36854E+04 -7.23373E+01  4.36854E+04 -7.23373E+01
    4.5003E+01  4.36854E+04 -7.23373E+01  4.36854E+04 -7.23373E+01  4.36854E+04 -7.23373E+01
    4.5091E+01  4.36854E+04 -7.23373E+01  4.36854E+04 -7.23373E+01  4.36854E+04 -7.23373E+01
    4.5178E+01  4.36854E+04 -7.23373E+01  4.36854E+04 -7.23373E+01  4.36854E+04 -7.23373E+01
    4.5266E+01  4.47292E+04 -7.35100E+01  4.47292E+04 -7.35100E+01  4.47292E+04 -7.35100E+01
    4.5353E+01  4.47292E+04 -7.35100E+01  4.47292E+04 -7.35100E+01  4.47292E+04 -7.35100E+01
    4.5441E+01  4.47292E+04 -7.35100E+01  4.47292E+04 -7.35100E+01  4.47292E+04 -7.35100E+01
    4.5528E+01  4.59000E+04 -7.54985E+01  4.59000E+04 -7.54985E+01  4.59000E+04 -7.54985E+01
    4.5616E+01  4.59000E+04 -7.54985E+01  4.59000E+04 -7.54985E+01  4.59000E+04 -7.54985E+01
    4.5704E+01  4.59000E+04 -7.54985E+01  4.59000E+04 -7.54985E+01  4.59000E+04 -7.54985E+01
    4.5791E+01  4.59000E+04 -7.54985E+01  4.59000E+04 -7.54985E+01  4.59000E+04 -7.54985E+01
    4.5879E+01  4.59000E+04 -7.54985E+01  4.59000E+04 -7.54985E+01  4.59000E+04 -7.54985E+01
    4.5966E+01  4.59000E+04 -7.54985E+01  4.59000E+04 -7.54985E+01  4.59000E+04 -7.54985E+01
    4.6054E+01  4.59000E+04 -7.54985E+01  4.59000E+04 -7.54985E+01  4.59000E+04 -7.54985E+01
    4.6141E+01  4.59000E+04 -7.54985E+01  4.59000E+04 -7.54985E+01  4.59000E+04 -7.54985E+01
    4.6229E+01  4.59000E+04 -7.54985E+01  4.59000E+04 -7.54985E+01  4.59000E+04 -7.54985E+01
    4.6316E+01  4.59000E+04 -7.54985E+01  4.59000E+04 -7.54985E+01  4.59000E+04 -7.54985E+01
    4.6404E+01  4.59000E+04 -7.54985E+01  4.59000E+04 -7.54985E+01  4.59000E+04 -7.54985E+01
    4.6492E+01  4.59000E+04 -7.54985E+01  4.59000E+04 -7.54985E+01  4.59000E+04 -7.54985E+01
    4.6579E+01  4.59000E+04 -7.54985E+01  4.59000E+04 -7.54985E+01  4.59000E+04 -7.54985E+01
    4.6667E+01  4.59000E+04 -7.54985E+01  4.59000E+04 -7.54985E+01  4.59000E+04 -7.54985E+01
    4.6754E+01  4.59000E+04 -7.54985E+01  4.59000E+04 -7.54985E+01  4.59000E+04 -7.54985E+01
    4.6842E+01  4.59000E+04 -7.54985E+01  4.59000E+04 -7.54985E+01  4.59000E+04 -7.54985E+01
    4.6929E+01  4.59000E+04 -7.54985E+01  4.59000E+04 -7.54985E+01  4.59000E+04 -7.54985E+01
    4.7017E+01  4.59000E+04 -7.54985E+01  4.59000E+04 -7.54985E+01  4.59000E+04 -7.54985E+01
    4.7104E+01  4.59000E+04 -7.54985E+01  4.59000E+04 -7.54985E+01  4.59000E+04 -7.54985E+01
    4.7192E+01  4.59000E+04 -7.54985E+01  4.59000E+04 -7.54985E+01  4.59000E+04 -7.54985E+01
    4.7280E+01  4.59000E+04 -7.54985E+01  4.59000E+04 -7.54985E+01  4.59000E+04 -7.54985E+01
    4.7367E+01  4.59000E+04 -7.54985E+01  4.59000E+04 -7.54985E+01  4.59000E+04 -7.54985E+01
    4.7455E+01  4.59000E+04 -7.54985E+01  4.59000E+04 -7.54985E+01  4.59000E+04 -7.54985E+01
    4.7542E+01  4.59000E+04 -7.54985E+01  4.59000E+04 -7.54985E+01  4.59000E+04 -7.54985E+01
    4.7630E+01  4.59000E+04 -7.54985E+01  4.59000E+04 -7.54985E+01  4.59000E+04 -7.54985E+01
    4.7717E+01  4.59000E+04 -7.54985E+01  4.59000E+04 -7.54985E+01  4.59000E+04 -7.54985E+01
    4.7805E+01  4.75633E+04 -7.80180E+01  4.75633E+04 -7.80180E+01  4.75633E+04 -7.80180E+01
    4.7892E+01  4.75633E+04 -7.80180E+01  4.75633E+04 -7.80180E+01  4.75633E+04 -7.80180E+01
    4.7980E+01  4.75633E+04 -7.80180E+01  4.75633E+04 -7.80180E+01  4.75633E+04 -7.80180E+01
    4.8068E+01  4.75633E+04 -7.80180E+01  4.75633E+04 -7.80180E+01  4.75633E+04 -7.80180E+01
    4.8155E+01  4.92961E+04 -8.06897E+01  4.92961E+04 -8.06897E+01  4.92961E+04 -8.06897E+01
    4.8243E+01  4.92961E+04 -8.06897E+01  4.92961E+04 -8.06897E+01  4.92961E+04 -8.06897E+01
    4.8330E+01  4.92961E+04 -8.06897E+01  4.92961E+04 -8.06897E+01  4.92961E+04 -8.06897E+01
    4.8418E+01  5.08984E+04 -8.32337E+01  5.08984E+04 -8.32337E+01  5.08984E+04 -8.32337E+01
    4.8505E+01  5.08984E+04 -8.32337E+01  5.08984E+04 -8.32337E+01  5.08984E+04 -8.32337E+01
    4.8593E+01  5.08984E+04 -8.32337E+01  5.08984E+04 -8.32337E+01  5.08984E+04 -8.32337E+01
    4.8680E+01  5.08984E+04 -8.32337E+01  5.08984E+04 -8.32337E+01  5.08984E+04 -8.32337E+01
    4.8768E+01  5.08984E+04 -8.32337E+01  5.08984E+04 -8.32337E+01  5.08984E+04 -8.32337E+01
    4.8856E+01  5.08984E+04 -8.32337E+01  5.08984E+04 -8.32337E+01  5.08984E+04 -8.32337E+01
    4.8943E+01  5.21358E+04 -8.46853E+01  5.21358E+04 -8.46853E+01  5.21358E+04 -8.46853E+01
    4.9031E+01  5.21358E+04 -8.46853E+01  5.21358E+04 -8.46853E+01  5.21358E+04 -8.46853E+01
    4.9118E+01  5.21358E+04 -8.46853E+01  5.21358E+04 -8.46853E+01  5.21358E+04 -8.46853E+01
    4.9206E+01  5.21358E+04 -8.46853E+01  5.21358E+04 -8.46853E+01  5.21358E+04 -8.46853E+01
    4.9293E+01  5.21358E+04 -8.46853E+01  5.21358E+04 -8.46853E+01  5.21358E+04 -8.46853E+01
    4.9381E+01  5.21358E+04 -8.46853E+01  5.21358E+04 -8.46853E+01  5.21358E+04 -8.46853E+01
    4.9468E+01  5.21358E+04 -8.46853E+01  5.21358E+04 -8.46853E+01  5.21358E+04 -8.46853E+01
    4.9556E+01  5.21358E+04 -8.46853E+01  5.21358E+04 -8.46853E+01  5.21358E+04 -8.46853E+01
    4.9644E+01  5.21358E+04 -8.46853E+01  5.21358E+04 -8.46853E+01  5.21358E+04 -8.46853E+01
    4.9731E+01  5.37697E+04 -8.63232E+01  5.37697E+04 -8.63232E+01  5.37697E+04 -8.63232E+01
    4.9819E+01  5.56095E+04 -8.91488E+01  5.56095E+04 -8.91488E+01  5.56095E+04 -8.91488E+01
    4.9906E+01  5.56095E+04 -8.91488E+01  5.56095E+04 -8.91488E+01  5.56095E+04 -8.91488E+01
    4.9994E+01  5.67696E+04 -9.07278E+01  5.67696E+04 -9.07278E+01  5.67696E+04 -9.07278E+01
    5.0081E+01  5.67696E+04 -9.07278E+01  5.67696E+04 -9.07278E+01  5.67696E+04 -9.07278E+01
    5.0169E+01  5.67696E+04 -9.07278E+01  5.67696E+04 -9.07278E+01  5.67696E+04 -9.07278E+01
    5.0256E+01  5.67696E+04 -9.07278E+01  5.67696E+04 -9.07278E+01  5.67696E+04 -9.07278E+01
    5.0344E+01  5.67696E+04 -9.07278E+01  5.67696E+04 -9.07278E+01  5.67696E+04 -9.07278E+01
    5.0432E+01  5.79448E+04 -9.22353E+01  5.79448E+04 -9.22353E+01  5.79448E+04 -9.22353E+01
    5.0519E+01  5.79448E+04 -9.22353E+01  5.79448E+04 -9.22353E+01  5.79448E+04 -9.22353E+01
    5.0607E+01  5.79448E+04 -9.22353E+01  5.79448E+04 -9.22353E+01  5.79448E+04 -9.22353E+01
    5.0694E+01  5.79448E+04 -9.22353E+01  5.79448E+04 -9.22353E+01  5.79448E+04 -9.22353E+01
    5.0782E+01  5.79448E+04 -9.22353E+01  5.79448E+04 -9.22353E+01  5.79448E+04 -9.22353E+01
    5.0869E+01  5.79448E+04 -9.22353E+01  5.79448E+04 -9.22353E+01  5.79448E+04 -9.22353E+01
    5.0957E+01  6.03523E+04 -9.54450E+01  6.03523E+04 -9.54450E+01  6.03523E+04 -9.54450E+01
    5.1044E+01  6.14308E+04 -9.68263E+01  6.14308E+04 -9.68263E+01  6.14308E+04 -9.68263E+01
    5.1132E+01  6.14308E+04 -9.68263E+01  6.14308E+04 -9.68263E+01  6.14308E+04 -9.68263E+01
    5.1220E+01  6.37843E+04 -9.80779E+01  6.37843E+04 -9.80779E+01  6.37843E+04 -9.80779E+01
    5.1307E+01  6.37843E+04 -9.80779E+01  6.37843E+04 -9.80779E+01  6.37843E+04 -9.80779E+01
    5.1395E+01  6.37843E+04 -9.80779E+01  6.37843E+04 -9.80779E+01  6.37843E+04 -9.80779E+01
    5.1482E+01  6.37843E+04 -9.80779E+01  6.37843E+04 -9.80779E+01  6.37843E+04 -9.80779E+01
    5.1570E+01  6.37843E+04 -9.80779E+01  6.37843E+04 -9.80779E+01  6.37843E+04 -9.80779E+01
    5.1657E+01  6.37843E+04 -9.80779E+01  6.37843E+04 -9.80779E+01  6.37843E+04 -9.80779E+01
    5.1745E+01  6.37843E+04 -9.80779E+01  6.37843E+04 -9.80779E+01  6.37843E+04 -9.80779E+01
    5.1832E+01  6.37843E+04 -9.80779E+01  6.37843E+04 -9.80779E+01  6.37843E+04 -9.80779E+01
    5.1920E+01  6.37843E+04 -9.80779E+01  6.37843E+04 -9.80779E+01  6.37843E+04 -9.80779E+01
    5.2008E+01  6.37843E+04 -9.80779E+01  6.37843E+04 -9.80779E+01  6.37843E+04 -9.80779E+01
    5.2095E+01  6.37843E+04 -9.80779E+01  6.37843E+04 -9.80779E+01  6.37843E+04 -9.80779E+01
    5.2183E+01  6.37843E+04 -9.80779E+01  6.37843E+04 -9.80779E+01  6.37843E+04 -9.80779E+01
    5.2270E+01  6.37843E+04 -9.80779E+01  6.37843E+04 -9.80779E+01  6.37843E+04 -9.80779E+01
    5.2358E+01  6.37843E+04 -9.80779E+01  6.37843E+04 -9.80779E+01  6.37843E+04 -9.80779E+01
    5.2445E+01  6.37843E+04 -9.80779E+01  6.37843E+04 -9.80779E+01  6.37843E+04 -9.80779E+01
    5.2533E+01  6.57353E+04 -9.97847E+01  6.57353E+04 -9.97847E+01  6.57353E+04 -9.97847E+01
    5.2620E+01  6.57353E+04 -9.97847E+01  6.57353E+04 -9.97847E+01  6.57353E+04 -9.97847E+01
    5.2708E+01  6.57353E+04 -9.97847E+01  6.57353E+04 -9.97847E+01  6.57353E+04 -9.97847E+01
    5.2796E+01  6.57353E+04 -9.97847E+01  6.57353E+04 -9.97847E+01  6.57353E+04 -9.97847E+01
    5.2883E+01  6.57353E+04 -9.97847E+01  6.57353E+04 -9.97847E+01  6.57353E+04 -9.97847E+01
    5.2971E+01  6.57353E+04 -9.97847E+01  6.57353E+04 -9.97847E+01  6.57353E+04 -9.97847E+01
    5.3058E+01  6.57353E+04 -9.97847E+01  6.57353E+04 -9.97847E+01  6.57353E+04 -9.97847E+01
    5.3146E+01  6.57353E+04 -9.97847E+01  6.57353E+04 -9.97847E+01  6.57353E+04 -9.97847E+01
    5.3233E+01  6.57353E+04 -9.97847E+01  6.57353E+04 -9.97847E+01  6.57353E+04 -9.97847E+01
    5.3321E+01  6.57353E+04 -9.97847E+01  6.57353E+04 -9.97847E+01  6.57353E+04 -9.97847E+01
    5.3408E+01  6.57353E+04 -9.97847E+01  6.57353E+04 -9.97847E+01  6.57353E+04 -9.97847E+01
    5.3496E+01  6.57353E+04 -9.97847E+01  6.57353E+04 -9.97847E+01  6.57353E+04 -9.97847E+01
    5.3584E+01  6.57353E+04 -9.97847E+01  6.57353E+04 -9.97847E+01  6.57353E+04 -9.97847E+01
    5.3671E+01  6.57353E+04 -9.97847E+01  6.57353E+04 -9.97847E+01  6.57353E+04 -9.97847E+01
    5.3759E+01  6.57353E+04 -9.97847E+01  6.57353E+04 -9.97847E+01  6.57353E+04 -9.97847E+01
    5.3846E+01  6.57353E+04 -9.97847E+01  6.57353E+04 -9.97847E+01  6.57353E+04 -9.97847E+01
    5.3934E+01  6.82728E+04 -1.01767E+02  6.82728E+04 -1.01767E+02  6.82728E+04 -1.01767E+02
    5.4021E+01  6.82728E+04 -1.01767E+02  6.82728E+04 -1.01767E+02  6.82728E+04 -1.01767E+02
    5.4109E+01  6.82728E+04 -1.01767E+02  6.82728E+04 -1.01767E+02  6.82728E+04 -1.01767E+02
    5.4196E+01  6.82728E+04 -1.01767E+02  6.82728E+04 -1.01767E+02  6.82728E+04 -1.01767E+02
    5.4284E+01  6.82728E+04 -1.01767E+02  6.82728E+04 -1.01767E+02  6.82728E+04 -1.01767E+02
    5.4372E+01  6.82728E+04 -1.01767E+02  6.82728E+04 -1.01767E+02  6.82728E+04 -1.01767E+02
    5.4459E+01  6.82728E+04 -1.01767E+02  6.82728E+04 -1.01767E+02  6.82728E+04 -1.01767E+02
    5.4547E+01  6.82728E+04 -1.01767E+02  6.82728E+04 -1.01767E+02  6.82728E+04 -1.01767E+02
    5.4634E+01  6.82728E+04 -1.01767E+02  6.82728E+04 -1.01767E+02  6.82728E+04 -1.01767E+02
    5.4722E+01  6.82728E+04 -1.01767E+02  6.82728E+04 -1.01767E+02  6.82728E+04 -1.01767E+02
    5.4809E+01  6.82728E+04 -1.01767E+02  6.82728E+04 -1.01767E+02  6.82728E+04 -1.01767E+02
    5.4897E+01  6.82728E+04 -1.01767E+02  6.82728E+04 -1.01767E+02  6.82728E+04 -1.01767E+02
    5.4984E+01  6.82728E+04 -1.01767E+02  6.82728E+04 -1.01767E+02  6.82728E+04 -1.01767E+02
    5.5072E+01  6.82728E+04 -1.01767E+02  6.82728E+04 -1.01767E+02  6.82728E+04 -1.01767E+02
    5.5160E+01  6.82728E+04 -1.01767E+02  6.82728E+04 -1.01767E+02  6.82728E+04 -1.01767E+02
    5.5247E+01  6.82728E+04 -1.01767E+02  6.82728E+04 -1.01767E+02  6.82728E+04 -1.01767E+02
    5.5335E+01  6.82728E+04 -1.01767E+02  6.82728E+04 -1.01767E+02  6.82728E+04 -1.01767E+02
    5.5422E+01  6.82728E+04 -1.01767E+02  6.82728E+04 -1.01767E+02  6.82728E+04 -1.01767E+02
    5.5510E+01  6.82728E+04 -1.01767E+02  6.82728E+04 -1.01767E+02  6.82728E+04 -1.01767E+02
    5.5597E+01  6.82728E+04 -1.01767E+02  6.82728E+04 -1.01767E+02  6.82728E+04 -1.01767E+02
    5.5685E+01  6.82728E+04 -1.01767E+02  6.82728E+04 -1.01767E+02  6.82728E+04 -1.01767E+02
    5.5772E+01  6.82728E+04 -1.01767E+02  6.82728E+04 -1.01767E+02  6.82728E+04 -1.01767E+02
    5.5860E+01  6.82728E+04 -1.01767E+02  6.82728E+04 -1.01767E+02  6.82728E+04 -1.01767E+02
    5.5947E+01  6.82728E+04 -1.01767E+02  6.82728E+04 -1.01767E+02  6.82728E+04 -1.01767E+02
    5.6035E+01  6.82728E+04 -1.01767E+02  6.82728E+04 -1.01767E+02  6.82728E+04 -1.01767E+02
    5.6123E+01  6.82728E+04 -1.01767E+02  6.82728E+04 -1.01767E+02  6.82728E+04 -1.01767E+02
    5.6210E+01  6.82728E+04 -1.01767E+02  6.82728E+04 -1.01767E+02  6.82728E+04 -1.01767E+02
    5.6298E+01  6.82728E+04 -1.01767E+02  6.82728E+04 -1.01767E+02  6.82728E+04 -1.01767E+02
    5.6385E+01  6.95883E+04 -1.03570E+02  6.95883E+04 -1.03570E+02  6.95883E+04 -1.03570E+02
    5.6473E+01  7.24500E+04 -1.05545E+02  7.24500E+04 -1.05545E+02  7.24500E+04 -1.05545E+02
    5.6560E+01  7.57804E+04 -1.09413E+02  7.57804E+04 -1.09413E+02  7.57804E+04 -1.09413E+02
    5.6648E+01  7.57804E+04 -1.09413E+02  7.57804E+04 -1.09413E+02  7.57804E+04 -1.09413E+02
    5.6735E+01  7.57804E+04 -1.09413E+02  7.57804E+04 -1.09413E+02  7.57804E+04 -1.09413E+02
    5.6823E+01  7.57804E+04 -1.09413E+02  7.57804E+04 -1.09413E+02  7.57804E+04 -1.09413E+02
    5.6911E+01  7.57804E+04 -1.09413E+02  7.57804E+04 -1.09413E+02  7.57804E+04 -1.09413E+02
    5.6998E+01  7.57804E+04 -1.09413E+02  7.57804E+04 -1.09413E+02  7.57804E+04 -1.09413E+02
    5.7086E+01  7.57804E+04 -1.09413E+02  7.57804E+04 -1.09413E+02  7.57804E+04 -1.09413E+02
    5.7173E+01  7.57804E+04 -1.09413E+02  7.57804E+04 -1.09413E+02  7.57804E+04 -1.09413E+02
    5.7261E+01  7.57804E+04 -1.09413E+02  7.57804E+04 -1.09413E+02  7.57804E+04 -1.09413E+02
    5.7348E+01  7.57804E+04 -1.09413E+02  7.57804E+04 -1.09413E+02  7.57804E+04 -1.09413E+02
    5.7436E+01  7.57804E+04 -1.09413E+02  7.57804E+04 -1.09413E+02  7.57804E+04 -1.09413E+02
    5.7523E+01  7.57804E+04 -1.09413E+02  7.57804E+04 -1.09413E+02  7.57804E+04 -1.09413E+02
    5.7611E+01  7.71780E+04 -1.11283E+02  7.71780E+04 -1.11283E+02  7.71780E+04 -1.11283E+02
    5.7699E+01  8.00163E+04 -1.15135E+02  8.00163E+04 -1.15135E+02  8.00163E+04 -1.15135E+02
    5.7786E+01  8.00163E+04 -1.15135E+02  8.00163E+04 -1.15135E+02  8.00163E+04 -1.15135E+02
    5.7874E+01  8.00163E+04 -1.15135E+02  8.00163E+04 -1.15135E+02  8.00163E+04 -1.15135E+02
    5.7961E+01  8.00163E+04 -1.15135E+02  8.00163E+04 -1.15135E+02  8.00163E+04 -1.15135E+02
    5.8049E+01  8.00163E+04 -1.15135E+02  8.00163E+04 -1.15135E+02  8.00163E+04 -1.15135E+02
    5.8136E+01  8.00163E+04 -1.15135E+02  8.00163E+04 -1.15135E+02  8.00163E+04 -1.15135E+02
    5.8224E+01  8.00163E+04 -1.15135E+02  8.00163E+04 -1.15135E+02  8.00163E+04 -1.15135E+02
    5.8311E+01  8.00163E+04 -1.15135E+02  8.00163E+04 -1.15135E+02  8.00163E+04 -1.15135E+02
    5.8399E+01  8.00163E+04 -1.15135E+02  8.00163E+04 -1.15135E+02  8.00163E+04 -1.15135E+02
    5.8487E+01  8.00163E+04 -1.15135E+02  8.00163E+04 -1.15135E+02  8.00163E+04 -1.15135E+02
    5.8574E+01  8.00163E+04 -1.15135E+02  8.00163E+04 -1.15135E+02  8.00163E+04 -1.15135E+02
    5.8662E+01  8.00163E+04 -1.15135E+02  8.00163E+04 -1.15135E+02  8.00163E+04 -1.15135E+02
    5.8749E+01  8.00163E+04 -1.15135E+02  8.00163E+04 -1.15135E+02  8.00163E+04 -1.15135E+02
    5.8837E+01  8.00163E+04 -1.15135E+02  8.00163E+04 -1.15135E+02  8.00163E+04 -1.15135E+02
    5.8924E+01  8.00163E+04 -1.15135E+02  8.00163E+04 -1.15135E+02  8.00163E+04 -1.15135E+02
    5.9012E+01  8.84357E+04 -1.22579E+02  8.84357E+04 -1.22579E+02  8.84357E+04 -1.22579E+02
    5.9099E+01  8.84357E+04 -1.22579E+02  8.84357E+04 -1.22579E+02  8.84357E+04 -1.22579E+02
    5.9187E+01  8.84357E+04 -1.22579E+02  8.84357E+04 -1.22579E+02  8.84357E+04 -1.22579E+02
    5.9275E+01  8.84357E+04 -1.22579E+02  8.84357E+04 -1.22579E+02  8.84357E+04 -1.22579E+02
    5.9362E+01  8.84357E+04 -1.22579E+02  8.84357E+04 -1.22579E+02  8.84357E+04 -1.22579E+02
    5.9450E+01  8.84357E+04 -1.22579E+02  8.84357E+04 -1.22579E+02  8.84357E+04 -1.22579E+02
    5.9537E+01  8.84357E+04 -1.22579E+02  8.84357E+04 -1.22579E+02  8.84357E+04 -1.22579E+02
    5.9625E+01  8.84357E+04 -1.22579E+02  8.84357E+04 -1.22579E+02  8.84357E+04 -1.22579E+02
    5.9712E+01  8.84357E+04 -1.22579E+02  8.84357E+04 -1.22579E+02  8.84357E+04 -1.22579E+02
    5.9800E+01  8.84357E+04 -1.22579E+02  8.84357E+04 -1.22579E+02  8.84357E+04 -1.22579E+02
    5.9887E+01  8.84357E+04 -1.22579E+02  8.84357E+04 -1.22579E+02  8.84357E+04 -1.22579E+02
    5.9975E+01  8.84357E+04 -1.22579E+02  8.84357E+04 -1.22579E+02  8.84357E+04 -1.22579E+02
    6.0063E+01  8.84357E+04 -1.22579E+02  8.84357E+04 -1.22579E+02  8.84357E+04 -1.22579E+02
    6.0150E+01  8.84357E+04 -1.22579E+02  8.84357E+04 -1.22579E+02  8.84357E+04 -1.22579E+02
    6.0238E+01  8.84357E+04 -1.22579E+02  8.84357E+04 -1.22579E+02  8.84357E+04 -1.22579E+02
    6.0325E+01  8.84357E+04 -1.22579E+02  8.84357E+04 -1.22579E+02  8.84357E+04 -1.22579E+02
    6.0413E+01  8.84357E+04 -1.22579E+02  8.84357E+04 -1.22579E+02  8.84357E+04 -1.22579E+02
    6.0500E+01  8.84357E+04 -1.22579E+02  8.84357E+04 -1.22579E+02  8.84357E+04 -1.22579E+02
    6.0588E+01  8.84357E+04 -1.22579E+02  8.84357E+04 -1.22579E+02  8.84357E+04 -1.22579E+02
    6.0675E+01  8.84357E+04 -1.22579E+02  8.84357E+04 -1.22579E+02  8.84357E+04 -1.22579E+02
    6.0763E+01  8.84357E+04 -1.22579E+02  8.84357E+04 -1.22579E+02  8.84357E+04 -1.22579E+02
    6.0851E+01  9.03201E+04 -1.24788E+02  9.03201E+04 -1.24788E+02  9.03201E+04 -1.24788E+02
    6.0938E+01  9.03201E+04 -1.24788E+02  9.03201E+04 -1.24788E+02  9.03201E+04 -1.24788E+02
    6.1026E+01  9.03201E+04 -1.24788E+02  9.03201E+04 -1.24788E+02  9.03201E+04 -1.24788E+02
    6.1113E+01  9.03201E+04 -1.24788E+02  9.03201E+04 -1.24788E+02  9.03201E+04 -1.24788E+02
    6.1201E+01  9.03201E+04 -1.24788E+02  9.03201E+04 -1.24788E+02  9.03201E+04 -1.24788E+02
    6.1288E+01  9.03201E+04 -1.24788E+02  9.03201E+04 -1.24788E+02  9.03201E+04 -1.24788E+02
    6.1376E+01  9.03201E+04 -1.24788E+02  9.03201E+04 -1.24788E+02  9.03201E+04 -1.24788E+02
    6.1463E+01  9.03201E+04 -1.24788E+02  9.03201E+04 -1.24788E+02  9.03201E+04 -1.24788E+02
    6.1551E+01  9.03201E+04 -1.24788E+02  9.03201E+04 -1.24788E+02  9.03201E+04 -1.24788E+02
    6.1639E+01  9.39322E+04 -1.29302E+02  9.39322E+04 -1.29302E+02  9.39322E+04 -1.29302E+02
    6.1726E+01  9.39322E+04 -1.29302E+02  9.39322E+04 -1.29302E+02  9.39322E+04 -1.29302E+02
    6.1814E+01  9.39322E+04 -1.29302E+02  9.39322E+04 -1.29302E+02  9.39322E+04 -1.29302E+02
    6.1901E+01  9.39322E+04 -1.29302E+02  9.39322E+04 -1.29302E+02  9.39322E+04 -1.29302E+02
    6.1989E+01  9.39322E+04 -1.29302E+02  9.39322E+04 -1.29302E+02  9.39322E+04 -1.29302E+02
    6.2076E+01  9.39322E+04 -1.29302E+02  9.39322E+04 -1.29302E+02  9.39322E+04 -1.29302E+02
    6.2164E+01  9.39322E+04 -1.29302E+02  9.39322E+04 -1.29302E+02  9.39322E+04 -1.29302E+02
    6.2251E+01  9.39322E+04 -1.29302E+02  9.39322E+04 -1.29302E+02  9.39322E+04 -1.29302E+02
    6.2339E+01  9.39322E+04 -1.29302E+02  9.39322E+04 -1.29302E+02  9.39322E+04 -1.29302E+02
    6.2427E+01  9.39322E+04 -1.29302E+02  9.39322E+04 -1.29302E+02  9.39322E+04 -1.29302E+02
    6.2514E+01  9.39322E+04 -1.29302E+02  9.39322E+04 -1.29302E+02  9.39322E+04 -1.29302E+02
    6.2602E+01  9.39322E+04 -1.29302E+02  9.39322E+04 -1.29302E+02  9.39322E+04 -1.29302E+02
    6.2689E+01  9.39322E+04 -1.29302E+02  9.39322E+04 -1.29302E+02  9.39322E+04 -1.29302E+02
    6.2777E+01  9.39322E+04 -1.29302E+02  9.39322E+04 -1.29302E+02  9.39322E+04 -1.29302E+02
    6.2864E+01  9.39322E+04 -1.29302E+02  9.39322E+04 -1.29302E+02  9.39322E+04 -1.29302E+02
    6.2952E+01  9.39322E+04 -1.29302E+02  9.39322E+04 -1.29302E+02  9.39322E+04 -1.29302E+02
    6.3039E+01  9.39322E+04 -1.29302E+02  9.39322E+04 -1.29302E+02  9.39322E+04 -1.29302E+02
    6.3127E+01  9.39322E+04 -1.29302E+02  9.39322E+04 -1.29302E+02  9.39322E+04 -1.29302E+02
    6.3215E+01  9.72273E+04 -1.31950E+02  9.72273E+04 -1.31950E+02  9.72273E+04 -1.31950E+02
    6.3302E+01  9.72273E+04 -1.31950E+02  9.72273E+04 -1.31950E+02  9.72273E+04 -1.31950E+02
    6.3390E+01  9.94579E+04 -1.34263E+02  9.94579E+04 -1.34263E+02  9.94579E+04 -1.34263E+02
    6.3477E+01  9.94579E+04 -1.34263E+02  9.94579E+04 -1.34263E+02  9.94579E+04 -1.34263E+02
    6.3565E+01  9.94579E+04 -1.34263E+02  9.94579E+04 -1.34263E+02  9.94579E+04 -1.34263E+02
    6.3652E+01  1.03133E+05 -1.36568E+02  1.03133E+05 -1.36568E+02  1.03133E+05 -1.36568E+02
    6.3740E+01  1.03133E+05 -1.36568E+02  1.03133E+05 -1.36568E+02  1.03133E+05 -1.36568E+02
    6.3827E+01  1.03133E+05 -1.36568E+02  1.03133E+05 -1.36568E+02  1.03133E+05 -1.36568E+02
    6.3915E+01  1.03133E+05 -1.36568E+02  1.03133E+05 -1.36568E+02  1.03133E+05 -1.36568E+02
    6.4003E+01  1.03133E+05 -1.36568E+02  1.03133E+05 -1.36568E+02  1.03133E+05 -1.36568E+02
    6.4090E+01  1.03133E+05 -1.36568E+02  1.03133E+05 -1.36568E+02  1.03133E+05 -1.36568E+02
    6.4178E+01  1.03133E+05 -1.36568E+02  1.03133E+05 -1.36568E+02  1.03133E+05 -1.36568E+02
    6.4265E+01  1.03133E+05 -1.36568E+02  1.03133E+05 -1.36568E+02  1.03133E+05 -1.36568E+02
    6.4353E+01  1.03133E+05 -1.36568E+02  1.03133E+05 -1.36568E+02  1.03133E+05 -1.36568E+02
    6.4440E+01  1.03133E+05 -1.36568E+02  1.03133E+05 -1.36568E+02  1.03133E+05 -1.36568E+02
    6.4528E+01  1.03133E+05 -1.36568E+02  1.03133E+05 -1.36568E+02  1.03133E+05 -1.36568E+02
    6.4615E+01  1.03133E+05 -1.36568E+02  1.03133E+05 -1.36568E+02  1.03133E+05 -1.36568E+02
    6.4703E+01  1.03133E+05 -1.36568E+02  1.03133E+05 -1.36568E+02  1.03133E+05 -1.36568E+02
    6.4791E+01  1.03133E+05 -1.36568E+02  1.03133E+05 -1.36568E+02  1.03133E+05 -1.36568E+02
    6.4878E+01  1.03133E+05 -1.36568E+02  1.03133E+05 -1.36568E+02  1.03133E+05 -1.36568E+02
    6.4966E+01  1.03133E+05 -1.36568E+02  1.03133E+05 -1.36568E+02  1.03133E+05 -1.36568E+02
    6.5053E+01  1.03133E+05 -1.36568E+02  1.03133E+05 -1.36568E+02  1.03133E+05 -1.36568E+02
    6.5141E+01  1.03133E+05 -1.36568E+02  1.03133E+05 -1.36568E+02  1.03133E+05 -1.36568E+02
    6.5228E+01  1.05271E+05 -1.39149E+02  1.05271E+05 -1.39149E+02  1.05271E+05 -1.39149E+02
    6.5316E+01  1.05271E+05 -1.39149E+02  1.05271E+05 -1.39149E+02  1.05271E+05 -1.39149E+02
    6.5403E+01  1.05271E+05 -1.39149E+02  1.05271E+05 -1.39149E+02  1.05271E+05 -1.39149E+02
    6.5491E+01  1.05271E+05 -1.39149E+02  1.05271E+05 -1.39149E+02  1.05271E+05 -1.39149E+02
    6.5579E+01  1.05271E+05 -1.39149E+02  1.05271E+05 -1.39149E+02  1.05271E+05 -1.39149E+02
    6.5666E+01  1.05271E+05 -1.39149E+02  1.05271E+05 -1.39149E+02  1.05271E+05 -1.39149E+02
    6.5754E+01  1.05271E+05 -1.39149E+02  1.05271E+05 -1.39149E+02  1.05271E+05 -1.39149E+02
    6.5841E+01  1.09444E+05 -1.44261E+02  1.09444E+05 -1.44261E+02  1.09444E+05 -1.44261E+02
    6.5929E+01  1.09444E+05 -1.44261E+02  1.09444E+05 -1.44261E+02  1.09444E+05 -1.44261E+02
    6.6016E+01  1.09444E+05 -1.44261E+02  1.09444E+05 -1.44261E+02  1.09444E+05 -1.44261E+02
    6.6104E+01  1.15129E+05 -1.49811E+02  1.15129E+05 -1.49811E+02  1.15129E+05 -1.49811E+02
    6.6191E+01  1.15129E+05 -1.49811E+02  1.15129E+05 -1.49811E+02  1.15129E+05 -1.49811E+02
    6.6279E+01  1.15129E+05 -1.49811E+02  1.15129E+05 -1.49811E+02  1.15129E+05 -1.49811E+02
    6.6367E+01  1.15129E+05 -1.49811E+02  1.15129E+05 -1.49811E+02  1.15129E+05 -1.49811E+02
    6.6454E+01  1.19110E+05 -1.54831E+02  1.19110E+05 -1.54831E+02  1.19110E+05 -1.54831E+02
    6.6542E+01  1.21236E+05 -1.57389E+02  1.21236E+05 -1.57389E+02  1.21236E+05 -1.57389E+02
    6.6629E+01  1.21236E+05 -1.57389E+02  1.21236E+05 -1.57389E+02  1.21236E+05 -1.57389E+02
    6.6717E+01  1.21236E+05 -1.57389E+02  1.21236E+05 -1.57389E+02  1.21236E+05 -1.57389E+02
    6.6804E+01  1.21236E+05 -1.57389E+02  1.21236E+05 -1.57389E+02  1.21236E+05 -1.57389E+02
    6.6892E+01  1.21236E+05 -1.57389E+02  1.21236E+05 -1.57389E+02  1.21236E+05 -1.57389E+02
    6.6979E+01  1.21236E+05 -1.57389E+02  1.21236E+05 -1.57389E+02  1.21236E+05 -1.57389E+02
    6.7067E+01  1.23638E+05 -1.60084E+02  1.23638E+05 -1.60084E+02  1.23638E+05 -1.60084E+02
    6.7155E+01  1.23638E+05 -1.60084E+02  1.23638E+05 -1.60084E+02  1.23638E+05 -1.60084E+02
    6.7242E+01  1.23638E+05 -1.60084E+02  1.23638E+05 -1.60084E+02  1.23638E+05 -1.60084E+02
    6.7330E+01  1.23638E+05 -1.60084E+02  1.23638E+05 -1.60084E+02  1.23638E+05 -1.60084E+02
    6.7417E+01  1.23638E+05 -1.60084E+02  1.23638E+05 -1.60084E+02  1.23638E+05 -1.60084E+02
    6.7505E+01  1.23638E+05 -1.60084E+02  1.23638E+05 -1.60084E+02  1.23638E+05 -1.60084E+02
    6.7592E+01  1.23638E+05 -1.60084E+02  1.23638E+05 -1.60084E+02  1.23638E+05 -1.60084E+02
    6.7680E+01  1.23638E+05 -1.60084E+02  1.23638E+05 -1.60084E+02  1.23638E+05 -1.60084E+02
    6.7767E+01  1.23638E+05 -1.60084E+02  1.23638E+05 -1.60084E+02  1.23638E+05 -1.60084E+02
    6.7855E+01  1.23638E+05 -1.60084E+02  1.23638E+05 -1.60084E+02  1.23638E+05 -1.60084E+02
    6.7943E+01  1.23638E+05 -1.60084E+02  1.23638E+05 -1.60084E+02  1.23638E+05 -1.60084E+02
    6.8030E+01  1.23638E+05 -1.60084E+02  1.23638E+05 -1.60084E+02  1.23638E+05 -1.60084E+02
    6.8118E+01  1.23638E+05 -1.60084E+02  1.23638E+05 -1.60084E+02  1.23638E+05 -1.60084E+02
    6.8205E+01  1.23638E+05 -1.60084E+02  1.23638E+05 -1.60084E+02  1.23638E+05 -1.60084E+02
    6.8293E+01  1.23638E+05 -1.60084E+02  1.23638E+05 -1.60084E+02  1.23638E+05 -1.60084E+02
    6.8380E+01  1.23638E+05 -1.60084E+02  1.23638E+05 -1.60084E+02  1.23638E+05 -1.60084E+02
    6.8468E+01  1.23638E+05 -1.60084E+02  1.23638E+05 -1.60084E+02  1.23638E+05 -1.60084E+02
    6.8555E+01  1.23638E+05 -1.60084E+02  1.23638E+05 -1.60084E+02  1.23638E+05 -1.60084E+02
    6.8643E+01  1.23638E+05 -1.60084E+02  1.23638E+05 -1.60084E+02  1.23638E+05 -1.60084E+02
    6.8730E+01  1.23638E+05 -1.60084E+02  1.23638E+05 -1.60084E+02  1.23638E+05 -1.60084E+02
    6.8818E+01  1.23638E+05 -1.60084E+02  1.23638E+05 -1.60084E+02  1.23638E+05 -1.60084E+02
    6.8906E+01  1.23638E+05 -1.60084E+02  1.23638E+05 -1.60084E+02  1.23638E+05 -1.60084E+02
    6.8993E+01  1.23638E+05 -1.60084E+02  1.23638E+05 -1.60084E+02  1.23638E+05 -1.60084E+02
    6.9081E+01  1.23638E+05 -1.60084E+02  1.23638E+05 -1.60084E+02  1.23638E+05 -1.60084E+02
    6.9168E+01  1.26149E+05 -1.62925E+02  1.26149E+05 -1.62925E+02  1.26149E+05 -1.62925E+02
    6.9256E+01  1.26149E+05 -1.62925E+02  1.26149E+05 -1.62925E+02  1.26149E+05 -1.62925E+02
    6.9343E+01  1.26149E+05 -1.62925E+02  1.26149E+05 -1.62925E+02  1.26149E+05 -1.62925E+02
    6.9431E+01  1.26149E+05 -1.62925E+02  1.26149E+05 -1.62925E+02  1.26149E+05 -1.62925E+02
    6.9518E+01  1.26149E+05 -1.62925E+02  1.26149E+05 -1.62925E+02  1.26149E+05 -1.62925E+02
    6.9606E+01  1.29595E+05 -1.65878E+02  1.29595E+05 -1.65878E+02  1.29595E+05 -1.65878E+02
    6.9694E+01  1.29595E+05 -1.65878E+02  1.29595E+05 -1.65878E+02  1.29595E+05 -1.65878E+02
    6.9781E+01  1.29595E+05 -1.65878E+02  1.29595E+05 -1.65878E+02  1.29595E+05 -1.65878E+02
    6.9869E+01  1.29595E+05 -1.65878E+02  1.29595E+05 -1.65878E+02  1.29595E+05 -1.65878E+02
    6.9956E+01  1.29595E+05 -1.65878E+02  1.29595E+05 -1.65878E+02  1.29595E+05 -1.65878E+02
    7.0044E+01  1.29595E+05 -1.65878E+02  1.29595E+05 -1.65878E+02  1.29595E+05 -1.65878E+02
    7.0131E+01  1.29595E+05 -1.65878E+02  1.29595E+05 -1.65878E+02  1.29595E+05 -1.65878E+02
    7.0219E+01  1.29595E+05 -1.65878E+02  1.29595E+05 -1.65878E+02  1.29595E+05 -1.65878E+02
    7.0306E+01  1.29595E+05 -1.65878E+02  1.29595E+05 -1.65878E+02  1.29595E+05 -1.65878E+02
    7.0394E+01  1.29595E+05 -1.65878E+02  1.29595E+05 -1.65878E+02  1.29595E+05 -1.65878E+02
    7.0482E+01  1.29595E+05 -1.65878E+02  1.29595E+05 -1.65878E+02  1.29595E+05 -1.65878E+02
    7.0569E+01  1.29595E+05 -1.65878E+02  1.29595E+05 -1.65878E+02  1.29595E+05 -1.65878E+02
    7.0657E+01  1.29595E+05 -1.65878E+02  1.29595E+05 -1.65878E+02  1.29595E+05 -1.65878E+02
    7.0744E+01  1.29595E+05 -1.65878E+02  1.29595E+05 -1.65878E+02  1.29595E+05 -1.65878E+02
    7.0832E+01  1.31932E+05 -1.68714E+02  1.31932E+05 -1.68714E+02  1.31932E+05 -1.68714E+02
    7.0919E+01  1.31932E+05 -1.68714E+02  1.31932E+05 -1.68714E+02  1.31932E+05 -1.68714E+02
    7.1007E+01  1.37620E+05 -1.74547E+02  1.37620E+05 -1.74547E+02  1.37620E+05 -1.74547E+02
    7.1094E+01  1.37620E+05 -1.74547E+02  1.37620E+05 -1.74547E+02  1.37620E+05 -1.74547E+02
    7.1182E+01  1.37620E+05 -1.74547E+02  1.37620E+05 -1.74547E+02  1.37620E+05 -1.74547E+02
    7.1270E+01  1.37620E+05 -1.74547E+02  1.37620E+05 -1.74547E+02  1.37620E+05 -1.74547E+02
    7.1357E+01  1.37620E+05 -1.74547E+02  1.37620E+05 -1.74547E+02  1.37620E+05 -1.74547E+02
    7.1445E+01  1.37620E+05 -1.74547E+02  1.37620E+05 -1.74547E+02  1.37620E+05 -1.74547E+02
    7.1532E+01  1.37620E+05 -1.74547E+02  1.37620E+05 -1.74547E+02  1.37620E+05 -1.74547E+02
    7.1620E+01  1.37620E+05 -1.74547E+02  1.37620E+05 -1.74547E+02  1.37620E+05 -1.74547E+02
    7.1707E+01  1.37620E+05 -1.74547E+02  1.37620E+05 -1.74547E+02  1.37620E+05 -1.74547E+02
    7.1795E+01  1.37620E+05 -1.74547E+02  1.37620E+05 -1.74547E+02  1.37620E+05 -1.74547E+02
    7.1882E+01  1.37620E+05 -1.74547E+02  1.37620E+05 -1.74547E+02  1.37620E+05 -1.74547E+02
    7.1970E+01  1.37620E+05 -1.74547E+02  1.37620E+05 -1.74547E+02  1.37620E+05 -1.74547E+02
    7.2058E+01  1.37620E+05 -1.74547E+02  1.37620E+05 -1.74547E+02  1.37620E+05 -1.74547E+02
    7.2145E+01  1.37620E+05 -1.74547E+02  1.37620E+05 -1.74547E+02  1.37620E+05 -1.74547E+02
    7.2233E+01  1.37620E+05 -1.74547E+02  1.37620E+05 -1.74547E+02  1.37620E+05 -1.74547E+02
    7.2320E+01  1.45470E+05 -1.81264E+02  1.45470E+05 -1.81264E+02  1.45470E+05 -1.81264E+02
    7.2408E+01  1.45470E+05 -1.81264E+02  1.45470E+05 -1.81264E+02  1.45470E+05 -1.81264E+02
    7.2495E+01  1.45470E+05 -1.81264E+02  1.45470E+05 -1.81264E+02  1.45470E+05 -1.81264E+02
    7.2583E+01  1.49105E+05 -1.82876E+02  1.49105E+05 -1.82876E+02  1.49105E+05 -1.82876E+02
    7.2670E+01  1.53469E+05 -1.85373E+02  1.53469E+05 -1.85373E+02  1.53469E+05 -1.85373E+02
    7.2758E+01  1.53469E+05 -1.85373E+02  1.53469E+05 -1.85373E+02  1.53469E+05 -1.85373E+02
    7.2846E+01  1.53469E+05 -1.85373E+02  1.53469E+05 -1.85373E+02  1.53469E+05 -1.85373E+02
    7.2933E+01  1.53469E+05 -1.85373E+02  1.53469E+05 -1.85373E+02  1.53469E+05 -1.85373E+02
    7.3021E+01  1.53469E+05 -1.85373E+02  1.53469E+05 -1.85373E+02  1.53469E+05 -1.85373E+02
    7.3108E+01  1.53469E+05 -1.85373E+02  1.53469E+05 -1.85373E+02  1.53469E+05 -1.85373E+02
    7.3196E+01  1.53469E+05 -1.85373E+02  1.53469E+05 -1.85373E+02  1.53469E+05 -1.85373E+02
    7.3283E+01  1.53469E+05 -1.85373E+02  1.53469E+05 -1.85373E+02  1.53469E+05 -1.85373E+02
    7.3371E+01  1.61181E+05 -1.92197E+02  1.61181E+05 -1.92197E+02  1.61181E+05 -1.92197E+02
    7.3458E+01  1.61181E+05 -1.92197E+02  1.61181E+05 -1.92197E+02  1.61181E+05 -1.92197E+02
    7.3546E+01  1.64129E+05 -1.95486E+02  1.64129E+05 -1.95486E+02  1.64129E+05 -1.95486E+02
    7.3634E+01  1.64129E+05 -1.95486E+02  1.64129E+05 -1.95486E+02  1.64129E+05 -1.95486E+02
    7.3721E+01  1.64129E+05 -1.95486E+02  1.64129E+05 -1.95486E+02  1.64129E+05 -1.95486E+02
    7.3809E+01  1.64129E+05 -1.95486E+02  1.64129E+05 -1.95486E+02  1.64129E+05 -1.95486E+02
    7.3896E+01  1.68550E+05 -1.98771E+02  1.68550E+05 -1.98771E+02  1.68550E+05 -1.98771E+02
    7.3984E+01  1.68550E+05 -1.98771E+02  1.68550E+05 -1.98771E+02  1.68550E+05 -1.98771E+02
    7.4071E+01  1.68550E+05 -1.98771E+02  1.68550E+05 -1.98771E+02  1.68550E+05 -1.98771E+02
    7.4159E+01  1.73063E+05 -2.02005E+02  1.73063E+05 -2.02005E+02  1.73063E+05 -2.02005E+02
    7.4246E+01  1.73063E+05 -2.02005E+02  1.73063E+05 -2.02005E+02  1.73063E+05 -2.02005E+02
    7.4334E+01  1.73063E+05 -2.02005E+02  1.73063E+05 -2.02005E+02  1.73063E+05 -2.02005E+02
    7.4422E+01  1.73063E+05 -2.02005E+02  1.73063E+05 -2.02005E+02  1.73063E+05 -2.02005E+02
    7.4509E+01  1.73063E+05 -2.02005E+02  1.73063E+05 -2.02005E+02  1.73063E+05 -2.02005E+02
    7.4597E+01  1.73063E+05 -2.02005E+02  1.73063E+05 -2.02005E+02  1.73063E+05 -2.02005E+02
    7.4684E+01  1.73063E+05 -2.02005E+02  1.73063E+05 -2.02005E+02  1.73063E+05 -2.02005E+02
    7.4772E+01  1.73063E+05 -2.02005E+02  1.73063E+05 -2.02005E+02  1.73063E+05 -2.02005E+02
    7.4859E+01  1.73063E+05 -2.02005E+02  1.73063E+05 -2.02005E+02  1.73063E+05 -2.02005E+02
    7.4947E+01  1.73063E+05 -2.02005E+02  1.73063E+05 -2.02005E+02  1.73063E+05 -2.02005E+02
    7.5034E+01  1.73063E+05 -2.02005E+02  1.73063E+05 -2.02005E+02  1.73063E+05 -2.02005E+02
    7.5122E+01  1.73063E+05 -2.02005E+02  1.73063E+05 -2.02005E+02  1.73063E+05 -2.02005E+02
    7.5210E+01  1.73063E+05 -2.02005E+02  1.73063E+05 -2.02005E+02  1.73063E+05 -2.02005E+02
    7.5297E+01  1.73063E+05 -2.02005E+02  1.73063E+05 -2.02005E+02  1.73063E+05 -2.02005E+02
    7.5385E+01  1.73063E+05 -2.02005E+02  1.73063E+05 -2.02005E+02  1.73063E+05 -2.02005E+02
    7.5472E+01  1.73063E+05 -2.02005E+02  1.73063E+05 -2.02005E+02  1.73063E+05 -2.02005E+02
    7.5560E+01  1.73063E+05 -2.02005E+02  1.73063E+05 -2.02005E+02  1.73063E+05 -2.02005E+02
    7.5647E+01  1.73063E+05 -2.02005E+02  1.73063E+05 -2.02005E+02  1.73063E+05 -2.02005E+02
    7.5735E+01  1.73063E+05 -2.02005E+02  1.73063E+05 -2.02005E+02  1.73063E+05 -2.02005E+02
    7.5822E+01  1.73063E+05 -2.02005E+02  1.73063E+05 -2.02005E+02  1.73063E+05 -2.02005E+02
    7.5910E+01  1.73063E+05 -2.02005E+02  1.73063E+05 -2.02005E+02  1.73063E+05 -2.02005E+02
    7.5998E+01  1.73063E+05 -2.02005E+02  1.73063E+05 -2.02005E+02  1.73063E+05 -2.02005E+02
    7.6085E+01  1.73063E+05 -2.02005E+02  1.73063E+05 -2.02005E+02  1.73063E+05 -2.02005E+02
    7.6173E+01  1.73063E+05 -2.02005E+02  1.73063E+05 -2.02005E+02  1.73063E+05 -2.02005E+02
    7.6260E+01  1.73063E+05 -2.02005E+02  1.73063E+05 -2.02005E+02  1.73063E+05 -2.02005E+02
    7.6348E+01  1.73063E+05 -2.02005E+02  1.73063E+05 -2.02005E+02  1.73063E+05 -2.02005E+02
    7.6435E+01  1.73063E+05 -2.02005E+02  1.73063E+05 -2.02005E+02  1.73063E+05 -2.02005E+02
    7.6523E+01  1.73063E+05 -2.02005E+02  1.73063E+05 -2.02005E+02  1.73063E+05 -2.02005E+02
    7.6610E+01  1.73063E+05 -2.02005E+02  1.73063E+05 -2.02005E+02  1.73063E+05 -2.02005E+02
    7.6698E+01  1.73063E+05 -2.02005E+02  1.73063E+05 -2.02005E+02  1.73063E+05 -2.02005E+02
    7.6786E+01  1.73063E+05 -2.02005E+02  1.73063E+05 -2.02005E+02  1.73063E+05 -2.02005E+02
    7.6873E+01  1.76162E+05 -2.05471E+02  1.76162E+05 -2.05471E+02  1.76162E+05 -2.05471E+02
    7.6961E+01  1.76162E+05 -2.05471E+02  1.76162E+05 -2.05471E+02  1.76162E+05 -2.05471E+02
    7.7048E+01  1.76162E+05 -2.05471E+02  1.76162E+05 -2.05471E+02  1.76162E+05 -2.05471E+02
    7.7136E+01  1.76162E+05 -2.05471E+02  1.76162E+05 -2.05471E+02  1.76162E+05 -2.05471E+02
    7.7223E+01  1.76162E+05 -2.05471E+02  1.76162E+05 -2.05471E+02  1.76162E+05 -2.05471E+02
    7.7311E+01  1.79482E+05 -2.09076E+02  1.79482E+05 -2.09076E+02  1.79482E+05 -2.09076E+02
    7.7398E+01  1.79482E+05 -2.09076E+02  1.79482E+05 -2.09076E+02  1.79482E+05 -2.09076E+02
    7.7486E+01  1.88851E+05 -2.16572E+02  1.88851E+05 -2.16572E+02  1.88851E+05 -2.16572E+02
    7.7574E+01  1.88851E+05 -2.16572E+02  1.88851E+05 -2.16572E+02  1.88851E+05 -2.16572E+02
    7.7661E+01  1.88851E+05 -2.16572E+02  1.88851E+05 -2.16572E+02  1.88851E+05 -2.16572E+02
    7.7749E+01  1.88851E+05 -2.16572E+02  1.88851E+05 -2.16572E+02  1.88851E+05 -2.16572E+02
    7.7836E+01  1.88851E+05 -2.16572E+02  1.88851E+05 -2.16572E+02  1.88851E+05 -2.16572E+02
    7.7924E+01  1.88851E+05 -2.16572E+02  1.88851E+05 -2.16572E+02  1.88851E+05 -2.16572E+02
    7.8011E+01  1.88851E+05 -2.16572E+02  1.88851E+05 -2.16572E+02  1.88851E+05 -2.16572E+02
    7.8099E+01  1.93829E+05 -2.20038E+02  1.93829E+05 -2.20038E+02  1.93829E+05 -2.20038E+02
    7.8186E+01  1.93829E+05 -2.20038E+02  1.93829E+05 -2.20038E+02  1.93829E+05 -2.20038E+02
    7.8274E+01  1.93829E+05 -2.20038E+02  1.93829E+05 -2.20038E+02  1.93829E+05 -2.20038E+02
    7.8362E+01  1.93829E+05 -2.20038E+02  1.93829E+05 -2.20038E+02  1.93829E+05 -2.20038E+02
    7.8449E+01  1.93829E+05 -2.20038E+02  1.93829E+05 -2.20038E+02  1.93829E+05 -2.20038E+02
    7.8537E+01  1.93829E+05 -2.20038E+02  1.93829E+05 -2.20038E+02  1.93829E+05 -2.20038E+02
    7.8624E+01  1.93829E+05 -2.20038E+02  1.93829E+05 -2.20038E+02  1.93829E+05 -2.20038E+02
    7.8712E+01  1.93829E+05 -2.20038E+02  1.93829E+05 -2.20038E+02  1.93829E+05 -2.20038E+02
    7.8799E+01  1.93829E+05 -2.20038E+02  1.93829E+05 -2.20038E+02  1.93829E+05 -2.20038E+02
    7.8887E+01  1.93829E+05 -2.20038E+02  1.93829E+05 -2.20038E+02  1.93829E+05 -2.20038E+02
    7.8974E+01  1.93829E+05 -2.20038E+02  1.93829E+05 -2.20038E+02  1.93829E+05 -2.20038E+02
    7.9062E+01  2.03299E+05 -2.27707E+02  2.03299E+05 -2.27707E+02  2.03299E+05 -2.27707E+02
    7.9150E+01  2.03299E+05 -2.27707E+02  2.03299E+05 -2.27707E+02  2.03299E+05 -2.27707E+02
    7.9237E+01  2.03299E+05 -2.27707E+02  2.03299E+05 -2.27707E+02  2.03299E+05 -2.27707E+02
    7.9325E+01  2.03299E+05 -2.27707E+02  2.03299E+05 -2.27707E+02  2.03299E+05 -2.27707E+02
    7.9412E+01  2.03299E+05 -2.27707E+02  2.03299E+05 -2.27707E+02  2.03299E+05 -2.27707E+02
    7.9500E+01  2.03299E+05 -2.27707E+02  2.03299E+05 -2.27707E+02  2.03299E+05 -2.27707E+02
    7.9587E+01  2.03299E+05 -2.27707E+02  2.03299E+05 -2.27707E+02  2.03299E+05 -2.27707E+02
    7.9675E+01  2.03299E+05 -2.27707E+02  2.03299E+05 -2.27707E+02  2.03299E+05 -2.27707E+02
    7.9762E+01  2.03299E+05 -2.27707E+02  2.03299E+05 -2.27707E+02  2.03299E+05 -2.27707E+02
    7.9850E+01  2.03299E+05 -2.27707E+02  2.03299E+05 -2.27707E+02  2.03299E+05 -2.27707E+02
    7.9938E+01  2.03299E+05 -2.27707E+02  2.03299E+05 -2.27707E+02  2.03299E+05 -2.27707E+02
    8.0025E+01  2.03299E+05 -2.27707E+02  2.03299E+05 -2.27707E+02  2.03299E+05 -2.27707E+02
    8.0113E+01  2.03299E+05 -2.27707E+02  2.03299E+05 -2.27707E+02  2.03299E+05 -2.27707E+02
    8.0200E+01  2.03299E+05 -2.27707E+02  2.03299E+05 -2.27707E+02  2.03299E+05 -2.27707E+02
    8.0288E+01  2.08381E+05 -2.30456E+02  2.08381E+05 -2.30456E+02  2.08381E+05 -2.30456E+02
    8.0375E+01  2.13532E+05 -2.33146E+02  2.13532E+05 -2.33146E+02  2.13532E+05 -2.33146E+02
    8.0463E+01  2.13532E+05 -2.33146E+02  2.13532E+05 -2.33146E+02  2.13532E+05 -2.33146E+02
    8.0550E+01  2.13532E+05 -2.33146E+02  2.13532E+05 -2.33146E+02  2.13532E+05 -2.33146E+02
    8.0638E+01  2.13532E+05 -2.33146E+02  2.13532E+05 -2.33146E+02  2.13532E+05 -2.33146E+02
    8.0725E+01  2.13532E+05 -2.33146E+02  2.13532E+05 -2.33146E+02  2.13532E+05 -2.33146E+02
    8.0813E+01  2.13532E+05 -2.33146E+02  2.13532E+05 -2.33146E+02  2.13532E+05 -2.33146E+02
    8.0901E+01  2.13532E+05 -2.33146E+02  2.13532E+05 -2.33146E+02  2.13532E+05 -2.33146E+02
    8.0988E+01  2.13532E+05 -2.33146E+02  2.13532E+05 -2.33146E+02  2.13532E+05 -2.33146E+02
    8.1076E+01  2.13532E+05 -2.33146E+02  2.13532E+05 -2.33146E+02  2.13532E+05 -2.33146E+02
    8.1163E+01  2.13532E+05 -2.33146E+02  2.13532E+05 -2.33146E+02  2.13532E+05 -2.33146E+02
    8.1251E+01  2.13532E+05 -2.33146E+02  2.13532E+05 -2.33146E+02  2.13532E+05 -2.33146E+02
    8.1338E+01  2.13532E+05 -2.33146E+02  2.13532E+05 -2.33146E+02  2.13532E+05 -2.33146E+02
    8.1426E+01  2.13532E+05 -2.33146E+02  2.13532E+05 -2.33146E+02  2.13532E+05 -2.33146E+02
    8.1513E+01  2.13532E+05 -2.33146E+02  2.13532E+05 -2.33146E+02  2.13532E+05 -2.33146E+02
    8.1601E+01  2.13532E+05 -2.33146E+02  2.13532E+05 -2.33146E+02  2.13532E+05 -2.33146E+02
    8.1689E+01  2.13532E+05 -2.33146E+02  2.13532E+05 -2.33146E+02  2.13532E+05 -2.33146E+02
    8.1776E+01  2.13532E+05 -2.33146E+02  2.13532E+05 -2.33146E+02  2.13532E+05 -2.33146E+02
    8.1864E+01  2.13532E+05 -2.33146E+02  2.13532E+05 -2.33146E+02  2.13532E+05 -2.33146E+02
    8.1951E+01  2.13532E+05 -2.33146E+02  2.13532E+05 -2.33146E+02  2.13532E+05 -2.33146E+02
    8.2039E+01  2.13532E+05 -2.33146E+02  2.13532E+05 -2.33146E+02  2.13532E+05 -2.33146E+02
    8.2126E+01  2.13532E+05 -2.33146E+02  2.13532E+05 -2.33146E+02  2.13532E+05 -2.33146E+02
    8.2214E+01  2.13532E+05 -2.33146E+02  2.13532E+05 -2.33146E+02  2.13532E+05 -2.33146E+02
    8.2301E+01  2.13532E+05 -2.33146E+02  2.13532E+05 -2.33146E+02  2.13532E+05 -2.33146E+02
    8.2389E+01  2.13532E+05 -2.33146E+02  2.13532E+05 -2.33146E+02  2.13532E+05 -2.33146E+02
    8.2477E+01  2.13532E+05 -2.33146E+02  2.13532E+05 -2.33146E+02  2.13532E+05 -2.33146E+02
    8.2564E+01  2.13532E+05 -2.33146E+02  2.13532E+05 -2.33146E+02  2.13532E+05 -2.33146E+02
    8.2652E+01  2.13532E+05 -2.33146E+02  2.13532E+05 -2.33146E+02  2.13532E+05 -2.33146E+02
    8.2739E+01  2.13532E+05 -2.33146E+02  2.13532E+05 -2.33146E+02  2.13532E+05 -2.33146E+02
    8.2827E+01  2.13532E+05 -2.33146E+02  2.13532E+05 -2.33146E+02  2.13532E+05 -2.33146E+02
    8.2914E+01  2.13532E+05 -2.33146E+02  2.13532E+05 -2.33146E+02  2.13532E+05 -2.33146E+02
    8.3002E+01  2.13532E+05 -2.33146E+02  2.13532E+05 -2.33146E+02  2.13532E+05 -2.33146E+02
    8.3089E+01  2.13532E+05 -2.33146E+02  2.13532E+05 -2.33146E+02  2.13532E+05 -2.33146E+02
    8.3177E+01  2.13532E+05 -2.33146E+02  2.13532E+05 -2.33146E+02  2.13532E+05 -2.33146E+02
    8.3265E+01  2.13532E+05 -2.33146E+02  2.13532E+05 -2.33146E+02  2.13532E+05 -2.33146E+02
    8.3352E+01  2.13532E+05 -2.33146E+02  2.13532E+05 -2.33146E+02  2.13532E+05 -2.33146E+02
    8.3440E+01  2.13532E+05 -2.33146E+02  2.13532E+05 -2.33146E+02  2.13532E+05 -2.33146E+02
    8.3527E+01  2.13532E+05 -2.33146E+02  2.13532E+05 -2.33146E+02  2.13532E+05 -2.33146E+02
    8.3615E+01  2.13532E+05 -2.33146E+02  2.13532E+05 -2.33146E+02  2.13532E+05 -2.33146E+02
    8.3702E+01  2.13532E+05 -2.33146E+02  2.13532E+05 -2.33146E+02  2.13532E+05 -2.33146E+02
    8.3790E+01  2.13532E+05 -2.33146E+02  2.13532E+05 -2.33146E+02  2.13532E+05 -2.33146E+02
    8.3877E+01  2.13532E+05 -2.33146E+02  2.13532E+05 -2.33146E+02  2.13532E+05 -2.33146E+02
    8.3965E+01  2.13532E+05 -2.33146E+02  2.13532E+05 -2.33146E+02  2.13532E+05 -2.33146E+02
    8.4053E+01  2.13532E+05 -2.33146E+02  2.13532E+05 -2.33146E+02  2.13532E+05 -2.33146E+02
    8.4140E+01  2.13532E+05 -2.33146E+02  2.13532E+05 -2.33146E+02  2.13532E+05 -2.33146E+02
    8.4228E+01  2.13532E+05 -2.33146E+02  2.13532E+05 -2.33146E+02  2.13532E+05 -2.33146E+02
    8.4315E+01  2.13532E+05 -2.33146E+02  2.13532E+05 -2.33146E+02  2.13532E+05 -2.33146E+02
    8.4403E+01  2.13532E+05 -2.33146E+02  2.13532E+05 -2.33146E+02  2.13532E+05 -2.33146E+02
    8.4490E+01  2.13532E+05 -2.33146E+02  2.13532E+05 -2.33146E+02  2.13532E+05 -2.33146E+02
    8.4578E+01  2.13532E+05 -2.33146E+02  2.13532E+05 -2.33146E+02  2.13532E+05 -2.33146E+02
    8.4665E+01  2.13532E+05 -2.33146E+02  2.13532E+05 -2.33146E+02  2.13532E+05 -2.33146E+02
    8.4753E+01  2.13532E+05 -2.33146E+02  2.13532E+05 -2.33146E+02  2.13532E+05 -2.33146E+02
    8.4841E+01  2.13532E+05 -2.33146E+02  2.13532E+05 -2.33146E+02  2.13532E+05 -2.33146E+02
    8.4928E+01  2.13532E+05 -2.33146E+02  2.13532E+05 -2.33146E+02  2.13532E+05 -2.33146E+02
    8.5016E+01  2.13532E+05 -2.33146E+02  2.13532E+05 -2.33146E+02  2.13532E+05 -2.33146E+02
    8.5103E+01  2.13532E+05 -2.33146E+02  2.13532E+05 -2.33146E+02  2.13532E+05 -2.33146E+02
    8.5191E+01  2.13532E+05 -2.33146E+02  2.13532E+05 -2.33146E+02  2.13532E+05 -2.33146E+02
    8.5278E+01  2.13532E+05 -2.33146E+02  2.13532E+05 -2.33146E+02  2.13532E+05 -2.33146E+02
    8.5366E+01  2.13532E+05 -2.33146E+02  2.13532E+05 -2.33146E+02  2.13532E+05 -2.33146E+02
    8.5453E+01  2.13532E+05 -2.33146E+02  2.13532E+05 -2.33146E+02  2.13532E+05 -2.33146E+02
    8.5541E+01  2.13532E+05 -2.33146E+02  2.13532E+05 -2.33146E+02  2.13532E+05 -2.33146E+02
    8.5629E+01  2.13532E+05 -2.33146E+02  2.13532E+05 -2.33146E+02  2.13532E+05 -2.33146E+02
    8.5716E+01  2.13532E+05 -2.33146E+02  2.13532E+05 -2.33146E+02  2.13532E+05 -2.33146E+02
    8.5804E+01  2.13532E+05 -2.33146E+02  2.13532E+05 -2.33146E+02  2.13532E+05 -2.33146E+02
    8.5891E+01  2.13532E+05 -2.33146E+02  2.13532E+05 -2.33146E+02  2.13532E+05 -2.33146E+02
    8.5979E+01  2.13532E+05 -2.33146E+02  2.13532E+05 -2.33146E+02  2.13532E+05 -2.33146E+02
    8.6066E+01  2.13532E+05 -2.33146E+02  2.13532E+05 -2.33146E+02  2.13532E+05 -2.33146E+02
    8.6154E+01  2.13532E+05 -2.33146E+02  2.13532E+05 -2.33146E+02  2.13532E+05 -2.33146E+02
    8.6241E+01  2.13532E+05 -2.33146E+02  2.13532E+05 -2.33146E+02  2.13532E+05 -2.33146E+02
    8.6329E+01  2.13532E+05 -2.33146E+02  2.13532E+05 -2.33146E+02  2.13532E+05 -2.33146E+02
    8.6417E+01  2.13532E+05 -2.33146E+02  2.13532E+05 -2.33146E+02  2.13532E+05 -2.33146E+02
    8.6504E+01  2.13532E+05 -2.33146E+02  2.13532E+05 -2.33146E+02  2.13532E+05 -2.33146E+02
    8.6592E+01  2.13532E+05 -2.33146E+02  2.13532E+05 -2.33146E+02  2.13532E+05 -2.33146E+02
    8.6679E+01  2.13532E+05 -2.33146E+02  2.13532E+05 -2.33146E+02  2.13532E+05 -2.33146E+02
    8.6767E+01  2.13532E+05 -2.33146E+02  2.13532E+05 -2.33146E+02  2.13532E+05 -2.33146E+02
    8.6854E+01  2.13532E+05 -2.33146E+02  2.13532E+05 -2.33146E+02  2.13532E+05 -2.33146E+02
    8.6942E+01  2.13532E+05 -2.33146E+02  2.13532E+05 -2.33146E+02  2.13532E+05 -2.33146E+02
    8.7029E+01  2.13532E+05 -2.33146E+02  2.13532E+05 -2.33146E+02  2.13532E+05 -2.33146E+02
    8.7117E+01  2.13532E+05 -2.33146E+02  2.13532E+05 -2.33146E+02  2.13532E+05 -2.33146E+02
    8.7205E+01  2.13532E+05 -2.33146E+02  2.13532E+05 -2.33146E+02  2.13532E+05 -2.33146E+02
    8.7292E+01  2.13532E+05 -2.33146E+02  2.13532E+05 -2.33146E+02  2.13532E+05 -2.33146E+02
    8.7380E+01  2.13532E+05 -2.33146E+02  2.13532E+05 -2.33146E+02  2.13532E+05 -2.33146E+02
    8.7467E+01  2.18046E+05 -2.35066E+02  2.18046E+05 -2.35066E+02  2.18046E+05 -2.35066E+02
