    0.0000E+00  0.00000E+00  0.00000E+00  0.00000E+00  0.00000E+00  0.00000E+00  0.00000E+00
    5.2849E-02  0.00000E+00  0.00000E+00  0.00000E+00  0.00000E+00  0.00000E+00  0.00000E+00
    1.0570E-01  0.00000E+00  0.00000E+00  0.00000E+00  0.00000E+00  0.00000E+00  0.00000E+00
    1.5855E-01  0.00000E+00  0.00000E+00  0.00000E+00  0.00000E+00  0.00000E+00  0.00000E+00
    2.1139E-01  0.00000E+00  0.00000E+00  0.00000E+00  0.00000E+00  0.00000E+00  0.00000E+00
    2.6424E-01  0.00000E+00  0.00000E+00  0.00000E+00  0.00000E+00  0.00000E+00  0.00000E+00
    3.1709E-01  0.00000E+00  0.00000E+00  0.00000E+00  0.00000E+00  0.00000E+00  0.00000E+00
    3.6994E-01  0.00000E+00  0.00000E+00  0.00000E+00  0.00000E+00  0.00000E+00  0.00000E+00
    4.2279E-01  0.00000E+00  0.00000E+00  0.00000E+00  0.00000E+00  0.00000E+00  0.00000E+00
    4.7564E-01  0.00000E+00  0.00000E+00  0.00000E+00  0.00000E+00  0.00000E+00  0.00000E+00
    5.2849E-01  0.00000E+00  0.00000E+00  0.00000E+00  0.00000E+00  0.00000E+00  0.00000E+00
    5.8134E-01  0.00000E+00  0.00000E+00  0.00000E+00  0.00000E+00  0.00000E+00  0.00000E+00
    6.3418E-01  0.00000E+00  0.00000E+00  0.00000E+00  0.00000E+00  0.00000E+00  0.00000E+00
    6.8703E-01  0.00000E+00  0.00000E+00  0.00000E+00  0.00000E+00  0.00000E+00  0.00000E+00
    7.3988E-01  0.00000E+00  0.00000E+00  0.00000E+00  0.00000E+00  0.00000E+00  0.00000E+00
    7.9273E-01  0.00000E+00  0.00000E+00  0.00000E+00  0.00000E+00  0.00000E+00  0.00000E+00
    8.4558E-01  0.00000E+00  0.00000E+00  0.00000E+00  0.00000E+00  0.00000E+00  0.00000E+00
    8.9843E-01  0.00000E+00  0.00000E+00  0.00000E+00  0.00000E+00  0.00000E+00  0.00000E+00
    9.5128E-01  0.00000E+00  0.00000E+00  0.00000E+00  0.00000E+00  0.00000E+00  0.00000E+00
    1.0041E+00  0.00000E+00  0.00000E+00  0.00000E+00  0.00000E+00  0.00000E+00  0.00000E+00
    1.0570E+00  0.00000E+00  0.00000E+00  0.00000E+00  0.00000E+00  0.00000E+00  0.00000E+00
    1.1098E+00  7.22267E-01 -5.50889E-04  7.22267E-01 -5.50889E-04  7.22267E-01 -5.50889E-04
    1.1627E+00  7.22267E-01 -5.50889E-04  7.22267E-01 -5.50889E-04  7.22267E-01 -5.50889E-04
    1.2155E+00  7.22267E-01 -5.50889E-04  7.22267E-01 -5.50889E-04  7.22267E-01 -5.50889E-04
    1.2684E+00  7.22267E-01 -5.50889E-04  7.22267E-01 -5.50889E-04  7.22267E-01 -5.50889E-04
    1.3212E+00  7.22267E-01 -5.50889E-04  7.22267E-01 -5.50889E-04  7.22267E-01 -5.50889E-04
    1.3741E+00  7.22267E-01 -5.50889E-04  7.22267E-01 -5.50889E-04  7.22267E-01 -5.50889E-04
    1.4269E+00  7.22267E-01 -5.50889E-04  7.22267E-01 -5.50889E-04  7.22267E-01 -5.50889E-04
    1.4798E+00  7.22267E-01 -5.50889E-04  7.22267E-01 -5.50889E-04  7.22267E-01 -5.50889E-04
    1.5326E+00  7.22267E-01 -5.50889E-04  7.22267E-01 -5.50889E-04  7.22267E-01 -5.50889E-04
    1.5855E+00  7.22267E-01 -5.50889E-04  7.22267E-01 -5.50889E-04  7.22267E-01 -5.50889E-04
    1.6383E+00  7.22267E-01 -5.50889E-04  7.22267E-01 -5.50889E-04  7.22267E-01 -5.50889E-04
    1.6912E+00  7.22267E-01 -5.50889E-04  7.22267E-01 -5.50889E-04  7.22267E-01 -5.50889E-04
    1.7440E+00  7.22267E-01 -5.50889E-04  7.22267E-01 -5.50889E-04  7.22267E-01 -5.50889E-04
    1.7969E+00  7.22267E-01 -5.50889E-04  7.22267E-01 -5.50889E-04  7.22267E-01 -5.50889E-04
    1.8497E+00  7.22267E-01 -5.50889E-04  7.22267E-01 -5.50889E-04  7.22267E-01 -5.50889E-04
    1.9026E+00  7.22267E-01 -5.50889E-04  7.22267E-01 -5.50889E-04  7.22267E-01 -5.50889E-04
    1.9554E+00  7.22267E-01 -5.50889E-04  7.22267E-01 -5.50889E-04  7.22267E-01 -5.50889E-04
    2.0082E+00  7.22267E-01 -5.50889E-04  7.22267E-01 -5.50889E-04  7.22267E-01 -5.50889E-04
    2.0611E+00  7.22267E-01 -5.50889E-04  7.22267E-01 -5.50889E-04  7.22267E-01 -5.50889E-04
    2.1139E+00  7.22267E-01 -5.50889E-04  7.22267E-01 -5.50889E-04  7.22267E-01 -5.50889E-04
    2.1668E+00  7.22267E-01 -5.50889E-04  7.22267E-01 -5.50889E-04  7.22267E-01 -5.50889E-04
    2.2196E+00  7.22267E-01 -5.50889E-04  7.22267E-01 -5.50889E-04  7.22267E-01 -5.50889E-04
    2.2725E+00  7.22267E-01 -5.50889E-04  7.22267E-01 -5.50889E-04  7.22267E-01 -5.50889E-04
    2.3253E+00  7.22267E-01 -5.50889E-04  7.22267E-01 -5.50889E-04  7.22267E-01 -5.50889E-04
    2.3782E+00  7.22267E-01 -5.50889E-04  7.22267E-01 -5.50889E-04  7.22267E-01 -5.50889E-04
    2.4310E+00  7.22267E-01 -5.50889E-04  7.22267E-01 -5.50889E-04  7.22267E-01 -5.50889E-04
    2.4839E+00  7.22267E-01 -5.50889E-04  7.22267E-01 -5.50889E-04  7.22267E-01 -5.50889E-04
    2.5367E+00  7.22267E-01 -5.50889E-04  7.22267E-01 -5.50889E-04  7.22267E-01 -5.50889E-04
    2.5896E+00  7.22267E-01 -5.50889E-04  7.22267E-01 -5.50889E-04  7.22267E-01 -5.50889E-04
    2.6424E+00  7.22267E-01 -5.50889E-04  7.22267E-01 -5.50889E-04  7.22267E-01 -5.50889E-04
    2.6953E+00  7.22267E-01 -5.50889E-04  7.22267E-01 -5.50889E-04  7.22267E-01 -5.50889E-04
    2.7481E+00  7.22267E-01 -5.50889E-04  7.22267E-01 -5.50889E-04  7.22267E-01 -5.50889E-04
    2.8010E+00  7.22267E-01 -5.50889E-04  7.22267E-01 -5.50889E-04  7.22267E-01 -5.50889E-04
    2.8538E+00  7.22267E-01 -5.50889E-04  7.22267E-01 -5.50889E-04  7.22267E-01 -5.50889E-04
    2.9067E+00  7.22267E-01 -5.50889E-04  7.22267E-01 -5.50889E-04  7.22267E-01 -5.50889E-04
    2.9595E+00  7.22267E-01 -5.50889E-04  7.22267E-01 -5.50889E-04  7.22267E-01 -5.50889E-04
    3.0124E+00  7.22267E-01 -5.50889E-04  7.22267E-01 -5.50889E-04  7.22267E-01 -5.50889E-04
    3.0652E+00  2.24442E+00 -9.31648E-03  2.24442E+00 -9.31648E-03  2.24442E+00 -9.31648E-03
    3.1181E+00  2.24442E+00 -9.31648E-03  2.24442E+00 -9.31648E-03  2.24442E+00 -9.31648E-03
    3.1709E+00  2.24442E+00 -9.31648E-03  2.24442E+00 -9.31648E-03  2.24442E+00 -9.31648E-03
    3.2238E+00  2.24442E+00 -9.31648E-03  2.24442E+00 -9.31648E-03  2.24442E+00 -9.31648E-03
    3.2766E+00  2.24442E+00 -9.31648E-03  2.24442E+00 -9.31648E-03  2.24442E+00 -9.31648E-03
    3.3295E+00  2.24442E+00 -9.31648E-03  2.24442E+00 -9.31648E-03  2.24442E+00 -9.31648E-03
    3.3823E+00  2.24442E+00 -9.31648E-03  2.24442E+00 -9.31648E-03  2.24442E+00 -9.31648E-03
    3.4352E+00  2.24442E+00 -9.31648E-03  2.24442E+00 -9.31648E-03  2.24442E+00 -9.31648E-03
    3.4880E+00  2.24442E+00 -9.31648E-03  2.24442E+00 -9.31648E-03  2.24442E+00 -9.31648E-03
    3.5409E+00  2.24442E+00 -9.31648E-03  2.24442E+00 -9.31648E-03  2.24442E+00 -9.31648E-03
    3.5937E+00  2.24442E+00 -9.31648E-03  2.24442E+00 -9.31648E-03  2.24442E+00 -9.31648E-03
    3.6466E+00  2.24442E+00 -9.31648E-03  2.24442E+00 -9.31648E-03  2.24442E+00 -9.31648E-03
    3.6994E+00  2.24442E+00 -9.31648E-03  2.24442E+00 -9.31648E-03  2.24442E+00 -9.31648E-03
    3.7523E+00  2.24442E+00 -9.31648E-03  2.24442E+00 -9.31648E-03  2.24442E+00 -9.31648E-03
    3.8051E+00  2.24442E+00 -9.31648E-03  2.24442E+00 -9.31648E-03  2.24442E+00 -9.31648E-03
    3.8580E+00  2.24442E+00 -9.31648E-03  2.24442E+00 -9.31648E-03  2.24442E+00 -9.31648E-03
    3.9108E+00  2.24442E+00 -9.31648E-03  2.24442E+00 -9.31648E-03  2.24442E+00 -9.31648E-03
    3.9637E+00  2.24442E+00 -9.31648E-03  2.24442E+00 -9.31648E-03  2.24442E+00 -9.31648E-03
    4.0165E+00  6.92815E+01 -8.69764E-02  6.92815E+01 -8.69764E-02  6.92815E+01 -8.69764E-02
    4.0693E+00  6.92815E+01 -8.69764E-02  6.92815E+01 -8.69764E-02  6.92815E+01 -8.69764E-02
    4.1222E+00  6.92815E+01 -8.69764E-02  6.92815E+01 -8.69764E-02  6.92815E+01 -8.69764E-02
    4.1750E+00  6.92815E+01 -8.69764E-02  6.92815E+01 -8.69764E-02  6.92815E+01 -8.69764E-02
    4.2279E+00  6.92815E+01 -8.69764E-02  6.92815E+01 -8.69764E-02  6.92815E+01 -8.69764E-02
    4.2807E+00  6.92815E+01 -8.69764E-02  6.92815E+01 -8.69764E-02  6.92815E+01 -8.69764E-02
    4.3336E+00  6.92815E+01 -8.69764E-02  6.92815E+01 -8.69764E-02  6.92815E+01 -8.69764E-02
    4.3864E+00  6.92815E+01 -8.69764E-02  6.92815E+01 -8.69764E-02  6.92815E+01 -8.69764E-02
    4.4393E+00  6.92815E+01 -8.69764E-02  6.92815E+01 -8.69764E-02  6.92815E+01 -8.69764E-02
    4.4921E+00  6.92815E+01 -8.69764E-02  6.92815E+01 -8.69764E-02  6.92815E+01 -8.69764E-02
    4.5450E+00  6.92815E+01 -8.69764E-02  6.92815E+01 -8.69764E-02  6.92815E+01 -8.69764E-02
    4.5978E+00  6.92815E+01 -8.69764E-02  6.92815E+01 -8.69764E-02  6.92815E+01 -8.69764E-02
    4.6507E+00  1.50340E+02 -2.48513E-01  1.50340E+02 -2.48513E-01  1.50340E+02 -2.48513E-01
    4.7035E+00  1.50340E+02 -2.48513E-01  1.50340E+02 -2.48513E-01  1.50340E+02 -2.48513E-01
    4.7564E+00  1.50340E+02 -2.48513E-01  1.50340E+02 -2.48513E-01  1.50340E+02 -2.48513E-01
    4.8092E+00  1.50340E+02 -2.48513E-01  1.50340E+02 -2.48513E-01  1.50340E+02 -2.48513E-01
    4.8621E+00  1.50340E+02 -2.48513E-01  1.50340E+02 -2.48513E-01  1.50340E+02 -2.48513E-01
    4.9149E+00  1.50340E+02 -2.48513E-01  1.50340E+02 -2.48513E-01  1.50340E+02 -2.48513E-01
    4.9678E+00  1.56139E+02 -2.84145E-01  1.56139E+02 -2.84145E-01  1.56139E+02 -2.84145E-01
    5.0206E+00  1.57847E+02 -2.95716E-01  1.57847E+02 -2.95716E-01  1.57847E+02 -2.95716E-01
    5.0735E+00  1.57847E+02 -2.95716E-01  1.57847E+02 -2.95716E-01  1.57847E+02 -2.95716E-01
    5.1263E+00  1.57847E+02 -2.95716E-01  1.57847E+02 -2.95716E-01  1.57847E+02 -2.95716E-01
    5.1792E+00  1.57847E+02 -2.95716E-01  1.57847E+02 -2.95716E-01  1.57847E+02 -2.95716E-01
    5.2320E+00  1.57847E+02 -2.95716E-01  1.57847E+02 -2.95716E-01  1.57847E+02 -2.95716E-01
    5.2849E+00  1.57847E+02 -2.95716E-01  1.57847E+02 -2.95716E-01  1.57847E+02 -2.95716E-01
    5.3377E+00  1.57847E+02 -2.95716E-01  1.57847E+02 -2.95716E-01  1.57847E+02 -2.95716E-01
    5.3906E+00  1.57847E+02 -2.95716E-01  1.57847E+02 -2.95716E-01  1.57847E+02 -2.95716E-01
    5.4434E+00  1.57847E+02 -2.95716E-01  1.57847E+02 -2.95716E-01  1.57847E+02 -2.95716E-01
    5.4963E+00  1.57847E+02 -2.95716E-01  1.57847E+02 -2.95716E-01  1.57847E+02 -2.95716E-01
    5.5491E+00  1.57847E+02 -2.95716E-01  1.57847E+02 -2.95716E-01  1.57847E+02 -2.95716E-01
    5.6020E+00  1.57847E+02 -2.95716E-01  1.57847E+02 -2.95716E-01  1.57847E+02 -2.95716E-01
    5.6548E+00  1.57847E+02 -2.95716E-01  1.57847E+02 -2.95716E-01  1.57847E+02 -2.95716E-01
    5.7077E+00  1.57847E+02 -2.95716E-01  1.57847E+02 -2.95716E-01  1.57847E+02 -2.95716E-01
    5.7605E+00  1.64639E+02 -3.43383E-01  1.64639E+02 -3.43383E-01  1.64639E+02 -3.43383E-01
    5.8134E+00  1.64639E+02 -3.43383E-01  1.64639E+02 -3.43383E-01  1.64639E+02 -3.43383E-01
    5.8662E+00  1.64639E+02 -3.43383E-01  1.64639E+02 -3.43383E-01  1.64639E+02 -3.43383E-01
    5.9191E+00  1.65194E+02 -3.48014E-01  1.65194E+02 -3.48014E-01  1.65194E+02 -3.48014E-01
    5.9719E+00  1.65194E+02 -3.48014E-01  1.65194E+02 -3.48014E-01  1.65194E+02 -3.48014E-01
    6.0247E+00  1.65194E+02 -3.48014E-01  1.65194E+02 -3.48014E-01  1.65194E+02 -3.48014E-01
    6.0776E+00  1.66644E+02 -3.60695E-01  1.66644E+02 -3.60695E-01  1.66644E+02 -3.60695E-01
    6.1304E+00  1.66713E+02 -3.61427E-01  1.66713E+02 -3.61427E-01  1.66713E+02 -3.61427E-01
    6.1833E+00  1.66713E+02 -3.61427E-01  1.66713E+02 -3.61427E-01  1.66713E+02 -3.61427E-01
    6.2361E+00  1.66834E+02 -3.62712E-01  1.66834E+02 -3.62712E-01  1.66834E+02 -3.62712E-01
    6.2890E+00  1.67194E+02 -3.66291E-01  1.67194E+02 -3.66291E-01  1.67194E+02 -3.66291E-01
    6.3418E+00  1.69507E+02 -3.84081E-01  1.69507E+02 -3.84081E-01  1.69507E+02 -3.84081E-01
    6.3947E+00  1.69507E+02 -3.84081E-01  1.69507E+02 -3.84081E-01  1.69507E+02 -3.84081E-01
    6.4475E+00  1.69507E+02 -3.84081E-01  1.69507E+02 -3.84081E-01  1.69507E+02 -3.84081E-01
    6.5004E+00  1.70276E+02 -3.90919E-01  1.70276E+02 -3.90919E-01  1.70276E+02 -3.90919E-01
    6.5532E+00  1.70351E+02 -3.91763E-01  1.70351E+02 -3.91763E-01  1.70351E+02 -3.91763E-01
    6.6061E+00  1.70351E+02 -3.91763E-01  1.70351E+02 -3.91763E-01  1.70351E+02 -3.91763E-01
    6.6589E+00  1.70559E+02 -3.93973E-01  1.70559E+02 -3.93973E-01  1.70559E+02 -3.93973E-01
    6.7118E+00  1.70559E+02 -3.93973E-01  1.70559E+02 -3.93973E-01  1.70559E+02 -3.93973E-01
    6.7646E+00  1.70559E+02 -3.93973E-01  1.70559E+02 -3.93973E-01  1.70559E+02 -3.93973E-01
    6.8175E+00  1.70559E+02 -3.93973E-01  1.70559E+02 -3.93973E-01  1.70559E+02 -3.93973E-01
    6.8703E+00  1.70559E+02 -3.93973E-01  1.70559E+02 -3.93973E-01  1.70559E+02 -3.93973E-01
    6.9232E+00  1.70559E+02 -3.93973E-01  1.70559E+02 -3.93973E-01  1.70559E+02 -3.93973E-01
    6.9760E+00  1.70559E+02 -3.93973E-01  1.70559E+02 -3.93973E-01  1.70559E+02 -3.93973E-01
    7.0289E+00  1.71039E+02 -3.98680E-01  1.71039E+02 -3.98680E-01  1.71039E+02 -3.98680E-01
    7.0817E+00  1.71039E+02 -3.98680E-01  1.71039E+02 -3.98680E-01  1.71039E+02 -3.98680E-01
    7.1346E+00  1.71109E+02 -3.99488E-01  1.71109E+02 -3.99488E-01  1.71109E+02 -3.99488E-01
    7.1874E+00  1.71109E+02 -3.99488E-01  1.71109E+02 -3.99488E-01  1.71109E+02 -3.99488E-01
    7.2403E+00  1.71109E+02 -3.99488E-01  1.71109E+02 -3.99488E-01  1.71109E+02 -3.99488E-01
    7.2931E+00  1.73269E+02 -4.17005E-01  1.73269E+02 -4.17005E-01  1.73269E+02 -4.17005E-01
    7.3460E+00  1.73269E+02 -4.17005E-01  1.73269E+02 -4.17005E-01  1.73269E+02 -4.17005E-01
    7.3988E+00  1.73269E+02 -4.17005E-01  1.73269E+02 -4.17005E-01  1.73269E+02 -4.17005E-01
    7.4517E+00  1.73269E+02 -4.17005E-01  1.73269E+02 -4.17005E-01  1.73269E+02 -4.17005E-01
    7.5045E+00  1.73269E+02 -4.17005E-01  1.73269E+02 -4.17005E-01  1.73269E+02 -4.17005E-01
    7.5574E+00  1.73269E+02 -4.17005E-01  1.73269E+02 -4.17005E-01  1.73269E+02 -4.17005E-01
    7.6102E+00  1.73269E+02 -4.17005E-01  1.73269E+02 -4.17005E-01  1.73269E+02 -4.17005E-01
    7.6631E+00  1.73269E+02 -4.17005E-01  1.73269E+02 -4.17005E-01  1.73269E+02 -4.17005E-01
    7.7159E+00  1.73462E+02 -4.19045E-01  1.73462E+02 -4.19045E-01  1.73462E+02 -4.19045E-01
    7.7688E+00  1.73462E+02 -4.19045E-01  1.73462E+02 -4.19045E-01  1.73462E+02 -4.19045E-01
    7.8216E+00  1.81453E+02 -4.73334E-01  1.81453E+02 -4.73334E-01  1.81453E+02 -4.73334E-01
    7.8745E+00  1.81453E+02 -4.73334E-01  1.81453E+02 -4.73334E-01  1.81453E+02 -4.73334E-01
    7.9273E+00  1.81453E+02 -4.73334E-01  1.81453E+02 -4.73334E-01  1.81453E+02 -4.73334E-01
    7.9802E+00  1.81453E+02 -4.73334E-01  1.81453E+02 -4.73334E-01  1.81453E+02 -4.73334E-01
    8.0330E+00  1.81453E+02 -4.73334E-01  1.81453E+02 -4.73334E-01  1.81453E+02 -4.73334E-01
    8.0858E+00  1.81477E+02 -4.73652E-01  1.81477E+02 -4.73652E-01  1.81477E+02 -4.73652E-01
    8.1387E+00  1.81477E+02 -4.73652E-01  1.81477E+02 -4.73652E-01  1.81477E+02 -4.73652E-01
    8.1915E+00  1.81487E+02 -4.73778E-01  1.81487E+02 -4.73778E-01  1.81487E+02 -4.73778E-01
    8.2444E+00  1.81487E+02 -4.73778E-01  1.81487E+02 -4.73778E-01  1.81487E+02 -4.73778E-01
    8.2972E+00  1.81487E+02 -4.73778E-01  1.81487E+02 -4.73778E-01  1.81487E+02 -4.73778E-01
    8.3501E+00  1.81487E+02 -4.73778E-01  1.81487E+02 -4.73778E-01  1.81487E+02 -4.73778E-01
    8.4029E+00  1.81487E+02 -4.73778E-01  1.81487E+02 -4.73778E-01  1.81487E+02 -4.73778E-01
    8.4558E+00  1.83122E+02 -4.87910E-01  1.83122E+02 -4.87910E-01  1.83122E+02 -4.87910E-01
    8.5086E+00  1.83122E+02 -4.87910E-01  1.83122E+02 -4.87910E-01  1.83122E+02 -4.87910E-01
    8.5615E+00  1.83122E+02 -4.87910E-01  1.83122E+02 -4.87910E-01  1.83122E+02 -4.87910E-01
    8.6143E+00  1.83122E+02 -4.87910E-01  1.83122E+02 -4.87910E-01  1.83122E+02 -4.87910E-01
    8.6672E+00  1.83122E+02 -4.87910E-01  1.83122E+02 -4.87910E-01  1.83122E+02 -4.87910E-01
    8.7200E+00  1.83127E+02 -4.87978E-01  1.83127E+02 -4.87978E-01  1.83127E+02 -4.87978E-01
    8.7729E+00  1.83193E+02 -4.88760E-01  1.83193E+02 -4.88760E-01  1.83193E+02 -4.88760E-01
    8.8257E+00  1.83193E+02 -4.88760E-01  1.83193E+02 -4.88760E-01  1.83193E+02 -4.88760E-01
    8.8786E+00  1.83193E+02 -4.88760E-01  1.83193E+02 -4.88760E-01  1.83193E+02 -4.88760E-01
    8.9314E+00  1.83193E+02 -4.88760E-01  1.83193E+02 -4.88760E-01  1.83193E+02 -4.88760E-01
    8.9843E+00  1.84126E+02 -4.97546E-01  1.84126E+02 -4.97546E-01  1.84126E+02 -4.97546E-01
    9.0371E+00  1.87630E+03 -3.96492E+00  1.87630E+03 -3.96492E+00  1.87630E+03 -3.96492E+00
    9.0900E+00  1.87630E+03 -3.96492E+00  1.87630E+03 -3.96492E+00  1.87630E+03 -3.96492E+00
    9.1428E+00  1.87630E+03 -3.96492E+00  1.87630E+03 -3.96492E+00  1.87630E+03 -3.96492E+00
    9.1957E+00  1.87630E+03 -3.96492E+00  1.87630E+03 -3.96492E+00  1.87630E+03 -3.96492E+00
    9.2485E+00  1.87630E+03 -3.96492E+00  1.87630E+03 -3.96492E+00  1.87630E+03 -3.96492E+00
    9.3014E+00  1.87630E+03 -3.96492E+00  1.87630E+03 -3.96492E+00  1.87630E+03 -3.96492E+00
    9.3542E+00  1.87630E+03 -3.96492E+00  1.87630E+03 -3.96492E+00  1.87630E+03 -3.96492E+00
    9.4071E+00  1.87634E+03 -3.96528E+00  1.87634E+03 -3.96528E+00  1.87634E+03 -3.96528E+00
    9.4599E+00  1.90324E+03 -4.12194E+00  1.90324E+03 -4.12194E+00  1.90324E+03 -4.12194E+00
    9.5128E+00  1.90324E+03 -4.12194E+00  1.90324E+03 -4.12194E+00  1.90324E+03 -4.12194E+00
    9.5656E+00  1.91475E+03 -4.20152E+00  1.91475E+03 -4.20152E+00  1.91475E+03 -4.20152E+00
    9.6185E+00  1.91475E+03 -4.20152E+00  1.91475E+03 -4.20152E+00  1.91475E+03 -4.20152E+00
    9.6713E+00  1.91475E+03 -4.20152E+00  1.91475E+03 -4.20152E+00  1.91475E+03 -4.20152E+00
    9.7242E+00  1.91475E+03 -4.20152E+00  1.91475E+03 -4.20152E+00  1.91475E+03 -4.20152E+00
    9.7770E+00  1.91475E+03 -4.20152E+00  1.91475E+03 -4.20152E+00  1.91475E+03 -4.20152E+00
    9.8299E+00  1.91475E+03 -4.20152E+00  1.91475E+03 -4.20152E+00  1.91475E+03 -4.20152E+00
    9.8827E+00  1.91475E+03 -4.20152E+00  1.91475E+03 -4.20152E+00  1.91475E+03 -4.20152E+00
    9.9356E+00  1.91475E+03 -4.20152E+00  1.91475E+03 -4.20152E+00  1.91475E+03 -4.20152E+00
    9.9884E+00  4.74255E+03 -8.36080E+00  4.74255E+03 -8.36080E+00  4.74255E+03 -8.36080E+00
    1.0041E+01  4.74255E+03 -8.36080E+00  4.74255E+03 -8.36080E+00  4.74255E+03 -8.36080E+00
    1.0094E+01  4.74282E+03 -8.36386E+00  4.74282E+03 -8.36386E+00  4.74282E+03 -8.36386E+00
    1.0147E+01  4.74300E+03 -8.36604E+00  4.74300E+03 -8.36604E+00  4.74300E+03 -8.36604E+00
    1.0200E+01  4.74353E+03 -8.37067E+00  4.74353E+03 -8.37067E+00  4.74353E+03 -8.37067E+00
    1.0253E+01  4.74353E+03 -8.37067E+00  4.74353E+03 -8.37067E+00  4.74353E+03 -8.37067E+00
    1.0305E+01  4.74353E+03 -8.37067E+00  4.74353E+03 -8.37067E+00  4.74353E+03 -8.37067E+00
    1.0358E+01  4.74356E+03 -8.37110E+00  4.74356E+03 -8.37110E+00  4.74356E+03 -8.37110E+00
    1.0411E+01  4.74424E+03 -8.37872E+00  4.74424E+03 -8.37872E+00  4.74424E+03 -8.37872E+00
    1.0464E+01  4.74525E+03 -8.38923E+00  4.74525E+03 -8.38923E+00  4.74525E+03 -8.38923E+00
    1.0517E+01  4.74588E+03 -8.39614E+00  4.74588E+03 -8.39614E+00  4.74588E+03 -8.39614E+00
    1.0570E+01  4.74588E+03 -8.39614E+00  4.74588E+03 -8.39614E+00  4.74588E+03 -8.39614E+00
    1.0623E+01  4.74588E+03 -8.39614E+00  4.74588E+03 -8.39614E+00  4.74588E+03 -8.39614E+00
    1.0675E+01  4.74589E+03 -8.39621E+00  4.74589E+03 -8.39621E+00  4.74589E+03 -8.39621E+00
    1.0728E+01  4.74589E+03 -8.39621E+00  4.74589E+03 -8.39621E+00  4.74589E+03 -8.39621E+00
    1.0781E+01  4.74636E+03 -8.40145E+00  4.74636E+03 -8.40145E+00  4.74636E+03 -8.40145E+00
    1.0834E+01  4.74752E+03 -8.41329E+00  4.74752E+03 -8.41329E+00  4.74752E+03 -8.41329E+00
    1.0887E+01  4.74752E+03 -8.41329E+00  4.74752E+03 -8.41329E+00  4.74752E+03 -8.41329E+00
    1.0940E+01  4.74963E+03 -8.43370E+00  4.74963E+03 -8.43370E+00  4.74963E+03 -8.43370E+00
    1.0993E+01  4.74975E+03 -8.43520E+00  4.74975E+03 -8.43520E+00  4.74975E+03 -8.43520E+00
    1.1045E+01  4.75268E+03 -8.46308E+00  4.75268E+03 -8.46308E+00  4.75268E+03 -8.46308E+00
    1.1098E+01  4.75268E+03 -8.46308E+00  4.75268E+03 -8.46308E+00  4.75268E+03 -8.46308E+00
    1.1151E+01  4.76387E+03 -8.53735E+00  4.76387E+03 -8.53735E+00  4.76387E+03 -8.53735E+00
    1.1204E+01  4.77438E+03 -8.60678E+00  4.77438E+03 -8.60678E+00  4.77438E+03 -8.60678E+00
    1.1257E+01  4.77487E+03 -8.61198E+00  4.77487E+03 -8.61198E+00  4.77487E+03 -8.61198E+00
    1.1310E+01  4.77487E+03 -8.61198E+00  4.77487E+03 -8.61198E+00  4.77487E+03 -8.61198E+00
    1.1362E+01  4.77487E+03 -8.61198E+00  4.77487E+03 -8.61198E+00  4.77487E+03 -8.61198E+00
    1.1415E+01  4.77511E+03 -8.61472E+00  4.77511E+03 -8.61472E+00  4.77511E+03 -8.61472E+00
    1.1468E+01  4.77566E+03 -8.62034E+00  4.77566E+03 -8.62034E+00  4.77566E+03 -8.62034E+00
    1.1521E+01  4.77568E+03 -8.62072E+00  4.77568E+03 -8.62072E+00  4.77568E+03 -8.62072E+00
    1.1574E+01  4.77568E+03 -8.62072E+00  4.77568E+03 -8.62072E+00  4.77568E+03 -8.62072E+00
    1.1627E+01  4.77742E+03 -8.63699E+00  4.77742E+03 -8.63699E+00  4.77742E+03 -8.63699E+00
    1.1680E+01  4.77742E+03 -8.63699E+00  4.77742E+03 -8.63699E+00  4.77742E+03 -8.63699E+00
    1.1732E+01  4.80195E+03 -8.82815E+00  4.80195E+03 -8.82815E+00  4.80195E+03 -8.82815E+00
    1.1785E+01  4.81250E+03 -8.90996E+00  4.81250E+03 -8.90996E+00  4.81250E+03 -8.90996E+00
    1.1838E+01  4.81587E+03 -8.94143E+00  4.81587E+03 -8.94143E+00  4.81587E+03 -8.94143E+00
    1.1891E+01  4.81587E+03 -8.94143E+00  4.81587E+03 -8.94143E+00  4.81587E+03 -8.94143E+00
    1.1944E+01  4.81587E+03 -8.94143E+00  4.81587E+03 -8.94143E+00  4.81587E+03 -8.94143E+00
    1.1997E+01  4.81587E+03 -8.94143E+00  4.81587E+03 -8.94143E+00  4.81587E+03 -8.94143E+00
    1.2049E+01  4.81852E+03 -8.96855E+00  4.81852E+03 -8.96855E+00  4.81852E+03 -8.96855E+00
    1.2102E+01  4.81852E+03 -8.96855E+00  4.81852E+03 -8.96855E+00  4.81852E+03 -8.96855E+00
    1.2155E+01  4.81860E+03 -8.96956E+00  4.81860E+03 -8.96956E+00  4.81860E+03 -8.96956E+00
    1.2208E+01  4.81860E+03 -8.96956E+00  4.81860E+03 -8.96956E+00  4.81860E+03 -8.96956E+00
    1.2261E+01  4.81860E+03 -8.96956E+00  4.81860E+03 -8.96956E+00  4.81860E+03 -8.96956E+00
    1.2314E+01  4.82143E+03 -8.99083E+00  4.82143E+03 -8.99083E+00  4.82143E+03 -8.99083E+00
    1.2367E+01  4.90435E+03 -9.42018E+00  4.90435E+03 -9.42018E+00  4.90435E+03 -9.42018E+00
    1.2419E+01  4.90435E+03 -9.42018E+00  4.90435E+03 -9.42018E+00  4.90435E+03 -9.42018E+00
    1.2472E+01  4.90435E+03 -9.42018E+00  4.90435E+03 -9.42018E+00  4.90435E+03 -9.42018E+00
    1.2525E+01  4.90435E+03 -9.42018E+00  4.90435E+03 -9.42018E+00  4.90435E+03 -9.42018E+00
    1.2578E+01  4.90436E+03 -9.42038E+00  4.90436E+03 -9.42038E+00  4.90436E+03 -9.42038E+00
    1.2631E+01  4.90814E+03 -9.45335E+00  4.90814E+03 -9.45335E+00  4.90814E+03 -9.45335E+00
    1.2684E+01  4.92538E+03 -9.58827E+00  4.92538E+03 -9.58827E+00  4.92538E+03 -9.58827E+00
    1.2737E+01  4.92542E+03 -9.58889E+00  4.92542E+03 -9.58889E+00  4.92542E+03 -9.58889E+00
    1.2789E+01  4.92542E+03 -9.58889E+00  4.92542E+03 -9.58889E+00  4.92542E+03 -9.58889E+00
    1.2842E+01  4.92542E+03 -9.58889E+00  4.92542E+03 -9.58889E+00  4.92542E+03 -9.58889E+00
    1.2895E+01  4.92543E+03 -9.58904E+00  4.92543E+03 -9.58904E+00  4.92543E+03 -9.58904E+00
    1.2948E+01  4.92543E+03 -9.58904E+00  4.92543E+03 -9.58904E+00  4.92543E+03 -9.58904E+00
    1.3001E+01  4.92543E+03 -9.58904E+00  4.92543E+03 -9.58904E+00  4.92543E+03 -9.58904E+00
    1.3054E+01  4.92543E+03 -9.58904E+00  4.92543E+03 -9.58904E+00  4.92543E+03 -9.58904E+00
    1.3106E+01  4.93227E+03 -9.64415E+00  4.93227E+03 -9.64415E+00  4.93227E+03 -9.64415E+00
    1.3159E+01  4.95085E+03 -9.78921E+00  4.95085E+03 -9.78921E+00  4.95085E+03 -9.78921E+00
    1.3212E+01  4.95085E+03 -9.78921E+00  4.95085E+03 -9.78921E+00  4.95085E+03 -9.78921E+00
    1.3265E+01  4.95137E+03 -9.79444E+00  4.95137E+03 -9.79444E+00  4.95137E+03 -9.79444E+00
    1.3318E+01  4.95194E+03 -9.80013E+00  4.95194E+03 -9.80013E+00  4.95194E+03 -9.80013E+00
    1.3371E+01  4.95219E+03 -9.80300E+00  4.95219E+03 -9.80300E+00  4.95219E+03 -9.80300E+00
    1.3424E+01  4.95219E+03 -9.80300E+00  4.95219E+03 -9.80300E+00  4.95219E+03 -9.80300E+00
    1.3476E+01  4.95388E+03 -9.81924E+00  4.95388E+03 -9.81924E+00  4.95388E+03 -9.81924E+00
    1.3529E+01  5.00284E+03 -1.00943E+01  5.00284E+03 -1.00943E+01  5.00284E+03 -1.00943E+01
    1.3582E+01  5.00284E+03 -1.00943E+01  5.00284E+03 -1.00943E+01  5.00284E+03 -1.00943E+01
    1.3635E+01  5.00284E+03 -1.00943E+01  5.00284E+03 -1.00943E+01  5.00284E+03 -1.00943E+01
    1.3688E+01  5.00284E+03 -1.00943E+01  5.00284E+03 -1.00943E+01  5.00284E+03 -1.00943E+01
    1.3741E+01  5.00284E+03 -1.00943E+01  5.00284E+03 -1.00943E+01  5.00284E+03 -1.00943E+01
    1.3794E+01  5.02093E+03 -1.02385E+01  5.02093E+03 -1.02385E+01  5.02093E+03 -1.02385E+01
    1.3846E+01  5.03384E+03 -1.03366E+01  5.03384E+03 -1.03366E+01  5.03384E+03 -1.03366E+01
    1.3899E+01  5.03415E+03 -1.03404E+01  5.03415E+03 -1.03404E+01  5.03415E+03 -1.03404E+01
    1.3952E+01  5.03428E+03 -1.03420E+01  5.03428E+03 -1.03420E+01  5.03428E+03 -1.03420E+01
    1.4005E+01  9.32139E+03 -1.60345E+01  9.32139E+03 -1.60345E+01  9.32139E+03 -1.60345E+01
    1.4058E+01  9.34137E+03 -1.61911E+01  9.34137E+03 -1.61911E+01  9.34137E+03 -1.61911E+01
    1.4111E+01  9.34137E+03 -1.61911E+01  9.34137E+03 -1.61911E+01  9.34137E+03 -1.61911E+01
    1.4163E+01  9.34144E+03 -1.61919E+01  9.34144E+03 -1.61919E+01  9.34144E+03 -1.61919E+01
    1.4216E+01  9.45349E+03 -1.68373E+01  9.45349E+03 -1.68373E+01  9.45349E+03 -1.68373E+01
    1.4269E+01  9.45349E+03 -1.68373E+01  9.45349E+03 -1.68373E+01  9.45349E+03 -1.68373E+01
    1.4322E+01  9.45349E+03 -1.68373E+01  9.45349E+03 -1.68373E+01  9.45349E+03 -1.68373E+01
    1.4375E+01  9.45353E+03 -1.68378E+01  9.45353E+03 -1.68378E+01  9.45353E+03 -1.68378E+01
    1.4428E+01  9.49965E+03 -1.71624E+01  9.49965E+03 -1.71624E+01  9.49965E+03 -1.71624E+01
    1.4481E+01  9.49965E+03 -1.71624E+01  9.49965E+03 -1.71624E+01  9.49965E+03 -1.71624E+01
    1.4533E+01  9.49965E+03 -1.71624E+01  9.49965E+03 -1.71624E+01  9.49965E+03 -1.71624E+01
    1.4586E+01  9.49965E+03 -1.71624E+01  9.49965E+03 -1.71624E+01  9.49965E+03 -1.71624E+01
    1.4639E+01  9.49965E+03 -1.71624E+01  9.49965E+03 -1.71624E+01  9.49965E+03 -1.71624E+01
    1.4692E+01  9.49965E+03 -1.71624E+01  9.49965E+03 -1.71624E+01  9.49965E+03 -1.71624E+01
    1.4745E+01  9.49965E+03 -1.71624E+01  9.49965E+03 -1.71624E+01  9.49965E+03 -1.71624E+01
    1.4798E+01  9.50044E+03 -1.71707E+01  9.50044E+03 -1.71707E+01  9.50044E+03 -1.71707E+01
    1.4850E+01  9.50044E+03 -1.71707E+01  9.50044E+03 -1.71707E+01  9.50044E+03 -1.71707E+01
    1.4903E+01  9.51639E+03 -1.73023E+01  9.51639E+03 -1.73023E+01  9.51639E+03 -1.73023E+01
    1.4956E+01  9.51639E+03 -1.73023E+01  9.51639E+03 -1.73023E+01  9.51639E+03 -1.73023E+01
    1.5009E+01  9.51639E+03 -1.73023E+01  9.51639E+03 -1.73023E+01  9.51639E+03 -1.73023E+01
    1.5062E+01  9.51666E+03 -1.73056E+01  9.51666E+03 -1.73056E+01  9.51666E+03 -1.73056E+01
    1.5115E+01  9.51666E+03 -1.73056E+01  9.51666E+03 -1.73056E+01  9.51666E+03 -1.73056E+01
    1.5168E+01  9.51666E+03 -1.73056E+01  9.51666E+03 -1.73056E+01  9.51666E+03 -1.73056E+01
    1.5220E+01  9.51666E+03 -1.73056E+01  9.51666E+03 -1.73056E+01  9.51666E+03 -1.73056E+01
    1.5273E+01  9.51742E+03 -1.73137E+01  9.51742E+03 -1.73137E+01  9.51742E+03 -1.73137E+01
    1.5326E+01  9.51742E+03 -1.73137E+01  9.51742E+03 -1.73137E+01  9.51742E+03 -1.73137E+01
    1.5379E+01  9.51742E+03 -1.73137E+01  9.51742E+03 -1.73137E+01  9.51742E+03 -1.73137E+01
    1.5432E+01  9.59673E+03 -1.78375E+01  9.59673E+03 -1.78375E+01  9.59673E+03 -1.78375E+01
    1.5485E+01  9.59673E+03 -1.78375E+01  9.59673E+03 -1.78375E+01  9.59673E+03 -1.78375E+01
    1.5538E+01  9.59683E+03 -1.78387E+01  9.59683E+03 -1.78387E+01  9.59683E+03 -1.78387E+01
    1.5590E+01  9.59683E+03 -1.78387E+01  9.59683E+03 -1.78387E+01  9.59683E+03 -1.78387E+01
    1.5643E+01  9.59683E+03 -1.78387E+01  9.59683E+03 -1.78387E+01  9.59683E+03 -1.78387E+01
    1.5696E+01  9.59683E+03 -1.78387E+01  9.59683E+03 -1.78387E+01  9.59683E+03 -1.78387E+01
    1.5749E+01  9.59683E+03 -1.78387E+01  9.59683E+03 -1.78387E+01  9.59683E+03 -1.78387E+01
    1.5802E+01  9.59683E+03 -1.78387E+01  9.59683E+03 -1.78387E+01  9.59683E+03 -1.78387E+01
    1.5855E+01  9.59683E+03 -1.78387E+01  9.59683E+03 -1.78387E+01  9.59683E+03 -1.78387E+01
    1.5907E+01  9.60636E+03 -1.79166E+01  9.60636E+03 -1.79166E+01  9.60636E+03 -1.79166E+01
    1.5960E+01  9.60636E+03 -1.79166E+01  9.60636E+03 -1.79166E+01  9.60636E+03 -1.79166E+01
    1.6013E+01  9.60636E+03 -1.79166E+01  9.60636E+03 -1.79166E+01  9.60636E+03 -1.79166E+01
    1.6066E+01  9.60654E+03 -1.79189E+01  9.60654E+03 -1.79189E+01  9.60654E+03 -1.79189E+01
    1.6119E+01  9.60692E+03 -1.79234E+01  9.60692E+03 -1.79234E+01  9.60692E+03 -1.79234E+01
    1.6172E+01  9.60808E+03 -1.79370E+01  9.60808E+03 -1.79370E+01  9.60808E+03 -1.79370E+01
    1.6225E+01  9.62355E+03 -1.80761E+01  9.62355E+03 -1.80761E+01  9.62355E+03 -1.80761E+01
    1.6277E+01  9.62379E+03 -1.80790E+01  9.62379E+03 -1.80790E+01  9.62379E+03 -1.80790E+01
    1.6330E+01  9.62381E+03 -1.80794E+01  9.62381E+03 -1.80794E+01  9.62381E+03 -1.80794E+01
    1.6383E+01  9.62404E+03 -1.80822E+01  9.62404E+03 -1.80822E+01  9.62404E+03 -1.80822E+01
    1.6436E+01  9.62404E+03 -1.80822E+01  9.62404E+03 -1.80822E+01  9.62404E+03 -1.80822E+01
    1.6489E+01  9.62419E+03 -1.80842E+01  9.62419E+03 -1.80842E+01  9.62419E+03 -1.80842E+01
    1.6542E+01  9.80638E+03 -1.89849E+01  9.80638E+03 -1.89849E+01  9.80638E+03 -1.89849E+01
    1.6594E+01  9.80638E+03 -1.89849E+01  9.80638E+03 -1.89849E+01  9.80638E+03 -1.89849E+01
    1.6647E+01  9.80846E+03 -1.90076E+01  9.80846E+03 -1.90076E+01  9.80846E+03 -1.90076E+01
    1.6700E+01  9.81004E+03 -1.90247E+01  9.81004E+03 -1.90247E+01  9.81004E+03 -1.90247E+01
    1.6753E+01  9.81004E+03 -1.90247E+01  9.81004E+03 -1.90247E+01  9.81004E+03 -1.90247E+01
    1.6806E+01  9.87711E+03 -1.94314E+01  9.87711E+03 -1.94314E+01  9.87711E+03 -1.94314E+01
    1.6859E+01  9.89843E+03 -1.95890E+01  9.89843E+03 -1.95890E+01  9.89843E+03 -1.95890E+01
    1.6912E+01  9.90474E+03 -1.96518E+01  9.90474E+03 -1.96518E+01  9.90474E+03 -1.96518E+01
    1.6964E+01  9.90475E+03 -1.96519E+01  9.90475E+03 -1.96519E+01  9.90475E+03 -1.96519E+01
    1.7017E+01  9.90487E+03 -1.96536E+01  9.90487E+03 -1.96536E+01  9.90487E+03 -1.96536E+01
    1.7070E+01  9.90487E+03 -1.96536E+01  9.90487E+03 -1.96536E+01  9.90487E+03 -1.96536E+01
    1.7123E+01  9.90761E+03 -1.96817E+01  9.90761E+03 -1.96817E+01  9.90761E+03 -1.96817E+01
    1.7176E+01  9.90768E+03 -1.96828E+01  9.90768E+03 -1.96828E+01  9.90768E+03 -1.96828E+01
    1.7229E+01  9.90768E+03 -1.96828E+01  9.90768E+03 -1.96828E+01  9.90768E+03 -1.96828E+01
    1.7282E+01  1.00050E+04 -2.03232E+01  1.00050E+04 -2.03232E+01  1.00050E+04 -2.03232E+01
    1.7334E+01  1.00068E+04 -2.03416E+01  1.00068E+04 -2.03416E+01  1.00068E+04 -2.03416E+01
    1.7387E+01  1.00085E+04 -2.03590E+01  1.00085E+04 -2.03590E+01  1.00085E+04 -2.03590E+01
    1.7440E+01  1.20934E+04 -2.70440E+01  1.20934E+04 -2.70440E+01  1.20934E+04 -2.70440E+01
    1.7493E+01  1.20934E+04 -2.70440E+01  1.20934E+04 -2.70440E+01  1.20934E+04 -2.70440E+01
    1.7546E+01  1.20951E+04 -2.70630E+01  1.20951E+04 -2.70630E+01  1.20951E+04 -2.70630E+01
    1.7599E+01  1.21032E+04 -2.71376E+01  1.21032E+04 -2.71376E+01  1.21032E+04 -2.71376E+01
    1.7651E+01  1.66171E+04 -3.44330E+01  1.66171E+04 -3.44330E+01  1.66171E+04 -3.44330E+01
    1.7704E+01  1.66171E+04 -3.44330E+01  1.66171E+04 -3.44330E+01  1.66171E+04 -3.44330E+01
    1.7757E+01  1.66171E+04 -3.44330E+01  1.66171E+04 -3.44330E+01  1.66171E+04 -3.44330E+01
    1.7810E+01  1.66274E+04 -3.45176E+01  1.66274E+04 -3.45176E+01  1.66274E+04 -3.45176E+01
    1.7863E+01  2.03976E+04 -4.30807E+01  2.03976E+04 -4.30807E+01  2.03976E+04 -4.30807E+01
    1.7916E+01  2.04082E+04 -4.31693E+01  2.04082E+04 -4.31693E+01  2.04082E+04 -4.31693E+01
    1.7969E+01  2.04082E+04 -4.31693E+01  2.04082E+04 -4.31693E+01  2.04082E+04 -4.31693E+01
    1.8021E+01  2.04082E+04 -4.31693E+01  2.04082E+04 -4.31693E+01  2.04082E+04 -4.31693E+01
    1.8074E+01  2.04082E+04 -4.31693E+01  2.04082E+04 -4.31693E+01  2.04082E+04 -4.31693E+01
    1.8127E+01  2.04082E+04 -4.31693E+01  2.04082E+04 -4.31693E+01  2.04082E+04 -4.31693E+01
    1.8180E+01  2.04082E+04 -4.31693E+01  2.04082E+04 -4.31693E+01  2.04082E+04 -4.31693E+01
    1.8233E+01  2.04082E+04 -4.31693E+01  2.04082E+04 -4.31693E+01  2.04082E+04 -4.31693E+01
    1.8286E+01  2.04083E+04 -4.31707E+01  2.04083E+04 -4.31707E+01  2.04083E+04 -4.31707E+01
    1.8338E+01  2.04085E+04 -4.31727E+01  2.04085E+04 -4.31727E+01  2.04085E+04 -4.31727E+01
    1.8391E+01  2.04098E+04 -4.31869E+01  2.04098E+04 -4.31869E+01  2.04098E+04 -4.31869E+01
    1.8444E+01  2.05662E+04 -4.36926E+01  2.05662E+04 -4.36926E+01  2.05662E+04 -4.36926E+01
    1.8497E+01  2.05662E+04 -4.36930E+01  2.05662E+04 -4.36930E+01  2.05662E+04 -4.36930E+01
    1.8550E+01  2.05663E+04 -4.36939E+01  2.05663E+04 -4.36939E+01  2.05663E+04 -4.36939E+01
    1.8603E+01  2.05719E+04 -4.37447E+01  2.05719E+04 -4.37447E+01  2.05719E+04 -4.37447E+01
    1.8656E+01  2.05725E+04 -4.37509E+01  2.05725E+04 -4.37509E+01  2.05725E+04 -4.37509E+01
    1.8708E+01  2.05725E+04 -4.37509E+01  2.05725E+04 -4.37509E+01  2.05725E+04 -4.37509E+01
    1.8761E+01  2.05725E+04 -4.37509E+01  2.05725E+04 -4.37509E+01  2.05725E+04 -4.37509E+01
    1.8814E+01  2.57382E+04 -5.38556E+01  2.57382E+04 -5.38556E+01  2.57382E+04 -5.38556E+01
    1.8867E+01  2.59963E+04 -5.51865E+01  2.59963E+04 -5.51865E+01  2.59963E+04 -5.51865E+01
    1.8920E+01  2.60114E+04 -5.53248E+01  2.60114E+04 -5.53248E+01  2.60114E+04 -5.53248E+01
    1.8973E+01  2.60114E+04 -5.53248E+01  2.60114E+04 -5.53248E+01  2.60114E+04 -5.53248E+01
    1.9026E+01  2.60114E+04 -5.53248E+01  2.60114E+04 -5.53248E+01  2.60114E+04 -5.53248E+01
    1.9078E+01  2.60114E+04 -5.53248E+01  2.60114E+04 -5.53248E+01  2.60114E+04 -5.53248E+01
    1.9131E+01  2.60114E+04 -5.53252E+01  2.60114E+04 -5.53252E+01  2.60114E+04 -5.53252E+01
    1.9184E+01  2.60119E+04 -5.53309E+01  2.60119E+04 -5.53309E+01  2.60119E+04 -5.53309E+01
    1.9237E+01  2.60119E+04 -5.53309E+01  2.60119E+04 -5.53309E+01  2.60119E+04 -5.53309E+01
    1.9290E+01  2.60120E+04 -5.53323E+01  2.60120E+04 -5.53323E+01  2.60120E+04 -5.53323E+01
    1.9343E+01  2.60162E+04 -5.53740E+01  2.60162E+04 -5.53740E+01  2.60162E+04 -5.53740E+01
    1.9395E+01  2.60162E+04 -5.53740E+01  2.60162E+04 -5.53740E+01  2.60162E+04 -5.53740E+01
    1.9448E+01  2.60175E+04 -5.53888E+01  2.60175E+04 -5.53888E+01  2.60175E+04 -5.53888E+01
    1.9501E+01  2.60175E+04 -5.53888E+01  2.60175E+04 -5.53888E+01  2.60175E+04 -5.53888E+01
    1.9554E+01  2.60175E+04 -5.53888E+01  2.60175E+04 -5.53888E+01  2.60175E+04 -5.53888E+01
    1.9607E+01  2.60241E+04 -5.54518E+01  2.60241E+04 -5.54518E+01  2.60241E+04 -5.54518E+01
    1.9660E+01  2.62125E+04 -5.66115E+01  2.62125E+04 -5.66115E+01  2.62125E+04 -5.66115E+01
    1.9713E+01  2.62127E+04 -5.66148E+01  2.62127E+04 -5.66148E+01  2.62127E+04 -5.66148E+01
    1.9765E+01  2.62127E+04 -5.66148E+01  2.62127E+04 -5.66148E+01  2.62127E+04 -5.66148E+01
    1.9818E+01  2.62127E+04 -5.66148E+01  2.62127E+04 -5.66148E+01  2.62127E+04 -5.66148E+01
    1.9871E+01  2.81683E+04 -6.29772E+01  2.81683E+04 -6.29772E+01  2.81683E+04 -6.29772E+01
    1.9924E+01  2.81692E+04 -6.29877E+01  2.81692E+04 -6.29877E+01  2.81692E+04 -6.29877E+01
    1.9977E+01  2.81692E+04 -6.29877E+01  2.81692E+04 -6.29877E+01  2.81692E+04 -6.29877E+01
    2.0030E+01  2.81692E+04 -6.29877E+01  2.81692E+04 -6.29877E+01  2.81692E+04 -6.29877E+01
    2.0082E+01  2.81700E+04 -6.29958E+01  2.81700E+04 -6.29958E+01  2.81700E+04 -6.29958E+01
    2.0135E+01  2.81700E+04 -6.29958E+01  2.81700E+04 -6.29958E+01  2.81700E+04 -6.29958E+01
    2.0188E+01  2.81700E+04 -6.29958E+01  2.81700E+04 -6.29958E+01  2.81700E+04 -6.29958E+01
    2.0241E+01  2.81700E+04 -6.29958E+01  2.81700E+04 -6.29958E+01  2.81700E+04 -6.29958E+01
    2.0294E+01  2.81700E+04 -6.29958E+01  2.81700E+04 -6.29958E+01  2.81700E+04 -6.29958E+01
    2.0347E+01  2.81700E+04 -6.29958E+01  2.81700E+04 -6.29958E+01  2.81700E+04 -6.29958E+01
    2.0400E+01  2.81700E+04 -6.29958E+01  2.81700E+04 -6.29958E+01  2.81700E+04 -6.29958E+01
    2.0452E+01  2.81700E+04 -6.29958E+01  2.81700E+04 -6.29958E+01  2.81700E+04 -6.29958E+01
    2.0505E+01  2.81700E+04 -6.29958E+01  2.81700E+04 -6.29958E+01  2.81700E+04 -6.29958E+01
    2.0558E+01  2.81700E+04 -6.29958E+01  2.81700E+04 -6.29958E+01  2.81700E+04 -6.29958E+01
    2.0611E+01  2.81708E+04 -6.30052E+01  2.81708E+04 -6.30052E+01  2.81708E+04 -6.30052E+01
    2.0664E+01  2.81710E+04 -6.30073E+01  2.81710E+04 -6.30073E+01  2.81710E+04 -6.30073E+01
    2.0717E+01  2.81710E+04 -6.30073E+01  2.81710E+04 -6.30073E+01  2.81710E+04 -6.30073E+01
    2.0770E+01  3.08172E+04 -7.09425E+01  3.08172E+04 -7.09425E+01  3.08172E+04 -7.09425E+01
    2.0822E+01  3.08190E+04 -7.09638E+01  3.08190E+04 -7.09638E+01  3.08190E+04 -7.09638E+01
    2.0875E+01  3.10784E+04 -7.23447E+01  3.10784E+04 -7.23447E+01  3.10784E+04 -7.23447E+01
    2.0928E+01  3.10784E+04 -7.23447E+01  3.10784E+04 -7.23447E+01  3.10784E+04 -7.23447E+01
    2.0981E+01  3.10784E+04 -7.23447E+01  3.10784E+04 -7.23447E+01  3.10784E+04 -7.23447E+01
    2.1034E+01  3.10784E+04 -7.23447E+01  3.10784E+04 -7.23447E+01  3.10784E+04 -7.23447E+01
    2.1087E+01  3.10784E+04 -7.23447E+01  3.10784E+04 -7.23447E+01  3.10784E+04 -7.23447E+01
    2.1139E+01  3.10784E+04 -7.23447E+01  3.10784E+04 -7.23447E+01  3.10784E+04 -7.23447E+01
    2.1192E+01  3.10784E+04 -7.23447E+01  3.10784E+04 -7.23447E+01  3.10784E+04 -7.23447E+01
    2.1245E+01  3.11271E+04 -7.27187E+01  3.11271E+04 -7.27187E+01  3.11271E+04 -7.27187E+01
    2.1298E+01  3.11271E+04 -7.27193E+01  3.11271E+04 -7.27193E+01  3.11271E+04 -7.27193E+01
    2.1351E+01  3.11271E+04 -7.27193E+01  3.11271E+04 -7.27193E+01  3.11271E+04 -7.27193E+01
    2.1404E+01  3.11636E+04 -7.30155E+01  3.11636E+04 -7.30155E+01  3.11636E+04 -7.30155E+01
    2.1457E+01  3.11636E+04 -7.30155E+01  3.11636E+04 -7.30155E+01  3.11636E+04 -7.30155E+01
    2.1509E+01  3.11636E+04 -7.30155E+01  3.11636E+04 -7.30155E+01  3.11636E+04 -7.30155E+01
    2.1562E+01  3.11636E+04 -7.30155E+01  3.11636E+04 -7.30155E+01  3.11636E+04 -7.30155E+01
    2.1615E+01  3.11782E+04 -7.31463E+01  3.11782E+04 -7.31463E+01  3.11782E+04 -7.31463E+01
    2.1668E+01  3.11782E+04 -7.31463E+01  3.11782E+04 -7.31463E+01  3.11782E+04 -7.31463E+01
    2.1721E+01  3.11782E+04 -7.31463E+01  3.11782E+04 -7.31463E+01  3.11782E+04 -7.31463E+01
    2.1774E+01  3.11782E+04 -7.31463E+01  3.11782E+04 -7.31463E+01  3.11782E+04 -7.31463E+01
    2.1827E+01  3.11789E+04 -7.31547E+01  3.11789E+04 -7.31547E+01  3.11789E+04 -7.31547E+01
    2.1879E+01  3.14700E+04 -7.48812E+01  3.14700E+04 -7.48812E+01  3.14700E+04 -7.48812E+01
    2.1932E+01  3.14700E+04 -7.48812E+01  3.14700E+04 -7.48812E+01  3.14700E+04 -7.48812E+01
    2.1985E+01  3.14700E+04 -7.48812E+01  3.14700E+04 -7.48812E+01  3.14700E+04 -7.48812E+01
    2.2038E+01  3.14700E+04 -7.48812E+01  3.14700E+04 -7.48812E+01  3.14700E+04 -7.48812E+01
    2.2091E+01  3.14700E+04 -7.48812E+01  3.14700E+04 -7.48812E+01  3.14700E+04 -7.48812E+01
    2.2144E+01  3.14704E+04 -7.48862E+01  3.14704E+04 -7.48862E+01  3.14704E+04 -7.48862E+01
    2.2196E+01  3.15112E+04 -7.52159E+01  3.15112E+04 -7.52159E+01  3.15112E+04 -7.52159E+01
    2.2249E+01  3.19056E+04 -7.73987E+01  3.19056E+04 -7.73987E+01  3.19056E+04 -7.73987E+01
    2.2302E+01  3.20874E+04 -7.84555E+01  3.20874E+04 -7.84555E+01  3.20874E+04 -7.84555E+01
    2.2355E+01  3.21401E+04 -7.88286E+01  3.21401E+04 -7.88286E+01  3.21401E+04 -7.88286E+01
    2.2408E+01  3.21401E+04 -7.88286E+01  3.21401E+04 -7.88286E+01  3.21401E+04 -7.88286E+01
    2.2461E+01  3.21401E+04 -7.88286E+01  3.21401E+04 -7.88286E+01  3.21401E+04 -7.88286E+01
    2.2514E+01  3.21472E+04 -7.88982E+01  3.21472E+04 -7.88982E+01  3.21472E+04 -7.88982E+01
    2.2566E+01  3.24703E+04 -8.08175E+01  3.24703E+04 -8.08175E+01  3.24703E+04 -8.08175E+01
    2.2619E+01  3.26542E+04 -8.18397E+01  3.26542E+04 -8.18397E+01  3.26542E+04 -8.18397E+01
    2.2672E+01  3.26543E+04 -8.18415E+01  3.26543E+04 -8.18415E+01  3.26543E+04 -8.18415E+01
    2.2725E+01  3.26543E+04 -8.18415E+01  3.26543E+04 -8.18415E+01  3.26543E+04 -8.18415E+01
    2.2778E+01  3.26884E+04 -8.21244E+01  3.26884E+04 -8.21244E+01  3.26884E+04 -8.21244E+01
    2.2831E+01  3.26884E+04 -8.21244E+01  3.26884E+04 -8.21244E+01  3.26884E+04 -8.21244E+01
    2.2883E+01  3.26884E+04 -8.21244E+01  3.26884E+04 -8.21244E+01  3.26884E+04 -8.21244E+01
    2.2936E+01  3.52017E+04 -8.97039E+01  3.52017E+04 -8.97039E+01  3.52017E+04 -8.97039E+01
    2.2989E+01  3.52017E+04 -8.97039E+01  3.52017E+04 -8.97039E+01  3.52017E+04 -8.97039E+01
    2.3042E+01  3.56890E+04 -9.18437E+01  3.56890E+04 -9.18437E+01  3.56890E+04 -9.18437E+01
    2.3095E+01  3.56890E+04 -9.18437E+01  3.56890E+04 -9.18437E+01  3.56890E+04 -9.18437E+01
    2.3148E+01  3.56890E+04 -9.18437E+01  3.56890E+04 -9.18437E+01  3.56890E+04 -9.18437E+01
    2.3201E+01  3.57148E+04 -9.20446E+01  3.57148E+04 -9.20446E+01  3.57148E+04 -9.20446E+01
    2.3253E+01  3.57148E+04 -9.20446E+01  3.57148E+04 -9.20446E+01  3.57148E+04 -9.20446E+01
    2.3306E+01  3.57148E+04 -9.20446E+01  3.57148E+04 -9.20446E+01  3.57148E+04 -9.20446E+01
    2.3359E+01  3.57148E+04 -9.20446E+01  3.57148E+04 -9.20446E+01  3.57148E+04 -9.20446E+01
    2.3412E+01  3.57148E+04 -9.20446E+01  3.57148E+04 -9.20446E+01  3.57148E+04 -9.20446E+01
    2.3465E+01  3.57148E+04 -9.20446E+01  3.57148E+04 -9.20446E+01  3.57148E+04 -9.20446E+01
    2.3518E+01  3.59863E+04 -9.37300E+01  3.59863E+04 -9.37300E+01  3.59863E+04 -9.37300E+01
    2.3571E+01  3.59864E+04 -9.37305E+01  3.59864E+04 -9.37305E+01  3.59864E+04 -9.37305E+01
    2.3623E+01  3.60052E+04 -9.38846E+01  3.60052E+04 -9.38846E+01  3.60052E+04 -9.38846E+01
    2.3676E+01  3.62550E+04 -9.55449E+01  3.62550E+04 -9.55449E+01  3.62550E+04 -9.55449E+01
    2.3729E+01  3.62550E+04 -9.55449E+01  3.62550E+04 -9.55449E+01  3.62550E+04 -9.55449E+01
    2.3782E+01  3.62550E+04 -9.55449E+01  3.62550E+04 -9.55449E+01  3.62550E+04 -9.55449E+01
    2.3835E+01  3.62550E+04 -9.55449E+01  3.62550E+04 -9.55449E+01  3.62550E+04 -9.55449E+01
    2.3888E+01  3.62550E+04 -9.55455E+01  3.62550E+04 -9.55455E+01  3.62550E+04 -9.55455E+01
    2.3940E+01  3.62756E+04 -9.57269E+01  3.62756E+04 -9.57269E+01  3.62756E+04 -9.57269E+01
    2.3993E+01  3.62756E+04 -9.57269E+01  3.62756E+04 -9.57269E+01  3.62756E+04 -9.57269E+01
    2.4046E+01  3.62756E+04 -9.57269E+01  3.62756E+04 -9.57269E+01  3.62756E+04 -9.57269E+01
    2.4099E+01  3.62756E+04 -9.57269E+01  3.62756E+04 -9.57269E+01  3.62756E+04 -9.57269E+01
    2.4152E+01  3.62756E+04 -9.57269E+01  3.62756E+04 -9.57269E+01  3.62756E+04 -9.57269E+01
    2.4205E+01  3.62756E+04 -9.57269E+01  3.62756E+04 -9.57269E+01  3.62756E+04 -9.57269E+01
    2.4258E+01  3.62756E+04 -9.57276E+01  3.62756E+04 -9.57276E+01  3.62756E+04 -9.57276E+01
    2.4310E+01  3.62756E+04 -9.57276E+01  3.62756E+04 -9.57276E+01  3.62756E+04 -9.57276E+01
    2.4363E+01  3.62756E+04 -9.57276E+01  3.62756E+04 -9.57276E+01  3.62756E+04 -9.57276E+01
    2.4416E+01  3.62756E+04 -9.57281E+01  3.62756E+04 -9.57281E+01  3.62756E+04 -9.57281E+01
    2.4469E+01  3.62756E+04 -9.57281E+01  3.62756E+04 -9.57281E+01  3.62756E+04 -9.57281E+01
    2.4522E+01  3.67083E+04 -9.78130E+01  3.67083E+04 -9.78130E+01  3.67083E+04 -9.78130E+01
    2.4575E+01  3.73439E+04 -1.00491E+02  3.73439E+04 -1.00491E+02  3.73439E+04 -1.00491E+02
    2.4627E+01  3.73439E+04 -1.00491E+02  3.73439E+04 -1.00491E+02  3.73439E+04 -1.00491E+02
    2.4680E+01  3.73439E+04 -1.00491E+02  3.73439E+04 -1.00491E+02  3.73439E+04 -1.00491E+02
    2.4733E+01  3.75967E+04 -1.01408E+02  3.75967E+04 -1.01408E+02  3.75967E+04 -1.01408E+02
    2.4786E+01  3.75967E+04 -1.01408E+02  3.75967E+04 -1.01408E+02  3.75967E+04 -1.01408E+02
    2.4839E+01  3.75967E+04 -1.01408E+02  3.75967E+04 -1.01408E+02  3.75967E+04 -1.01408E+02
    2.4892E+01  3.75967E+04 -1.01408E+02  3.75967E+04 -1.01408E+02  3.75967E+04 -1.01408E+02
    2.4945E+01  3.76630E+04 -1.01917E+02  3.76630E+04 -1.01917E+02  3.76630E+04 -1.01917E+02
    2.4997E+01  4.00346E+04 -1.11695E+02  4.00346E+04 -1.11695E+02  4.00346E+04 -1.11695E+02
    2.5050E+01  4.00346E+04 -1.11695E+02  4.00346E+04 -1.11695E+02  4.00346E+04 -1.11695E+02
    2.5103E+01  4.00346E+04 -1.11695E+02  4.00346E+04 -1.11695E+02  4.00346E+04 -1.11695E+02
    2.5156E+01  4.00346E+04 -1.11695E+02  4.00346E+04 -1.11695E+02  4.00346E+04 -1.11695E+02
    2.5209E+01  4.16712E+04 -1.17338E+02  4.16712E+04 -1.17338E+02  4.16712E+04 -1.17338E+02
    2.5262E+01  4.16712E+04 -1.17338E+02  4.16712E+04 -1.17338E+02  4.16712E+04 -1.17338E+02
    2.5315E+01  4.16712E+04 -1.17338E+02  4.16712E+04 -1.17338E+02  4.16712E+04 -1.17338E+02
    2.5367E+01  4.16712E+04 -1.17338E+02  4.16712E+04 -1.17338E+02  4.16712E+04 -1.17338E+02
    2.5420E+01  4.16713E+04 -1.17339E+02  4.16713E+04 -1.17339E+02  4.16713E+04 -1.17339E+02
    2.5473E+01  4.16713E+04 -1.17339E+02  4.16713E+04 -1.17339E+02  4.16713E+04 -1.17339E+02
    2.5526E+01  4.16713E+04 -1.17339E+02  4.16713E+04 -1.17339E+02  4.16713E+04 -1.17339E+02
    2.5579E+01  4.16713E+04 -1.17339E+02  4.16713E+04 -1.17339E+02  4.16713E+04 -1.17339E+02
    2.5632E+01  4.16713E+04 -1.17339E+02  4.16713E+04 -1.17339E+02  4.16713E+04 -1.17339E+02
    2.5684E+01  4.16713E+04 -1.17339E+02  4.16713E+04 -1.17339E+02  4.16713E+04 -1.17339E+02
    2.5737E+01  4.16713E+04 -1.17339E+02  4.16713E+04 -1.17339E+02  4.16713E+04 -1.17339E+02
    2.5790E+01  4.16713E+04 -1.17339E+02  4.16713E+04 -1.17339E+02  4.16713E+04 -1.17339E+02
    2.5843E+01  4.16713E+04 -1.17339E+02  4.16713E+04 -1.17339E+02  4.16713E+04 -1.17339E+02
    2.5896E+01  4.16713E+04 -1.17339E+02  4.16713E+04 -1.17339E+02  4.16713E+04 -1.17339E+02
    2.5949E+01  4.16713E+04 -1.17339E+02  4.16713E+04 -1.17339E+02  4.16713E+04 -1.17339E+02
    2.6002E+01  4.16713E+04 -1.17339E+02  4.16713E+04 -1.17339E+02  4.16713E+04 -1.17339E+02
    2.6054E+01  4.16713E+04 -1.17339E+02  4.16713E+04 -1.17339E+02  4.16713E+04 -1.17339E+02
    2.6107E+01  4.16713E+04 -1.17339E+02  4.16713E+04 -1.17339E+02  4.16713E+04 -1.17339E+02
    2.6160E+01  4.16713E+04 -1.17339E+02  4.16713E+04 -1.17339E+02  4.16713E+04 -1.17339E+02
    2.6213E+01  4.16713E+04 -1.17339E+02  4.16713E+04 -1.17339E+02  4.16713E+04 -1.17339E+02
    2.6266E+01  4.54606E+04 -1.31330E+02  4.54606E+04 -1.31330E+02  4.54606E+04 -1.31330E+02
    2.6319E+01  4.54606E+04 -1.31330E+02  4.54606E+04 -1.31330E+02  4.54606E+04 -1.31330E+02
    2.6371E+01  4.54606E+04 -1.31330E+02  4.54606E+04 -1.31330E+02  4.54606E+04 -1.31330E+02
    2.6424E+01  4.54606E+04 -1.31330E+02  4.54606E+04 -1.31330E+02  4.54606E+04 -1.31330E+02
    2.6477E+01  4.54606E+04 -1.31330E+02  4.54606E+04 -1.31330E+02  4.54606E+04 -1.31330E+02
    2.6530E+01  4.54606E+04 -1.31330E+02  4.54606E+04 -1.31330E+02  4.54606E+04 -1.31330E+02
    2.6583E+01  4.54606E+04 -1.31330E+02  4.54606E+04 -1.31330E+02  4.54606E+04 -1.31330E+02
    2.6636E+01  4.54606E+04 -1.31330E+02  4.54606E+04 -1.31330E+02  4.54606E+04 -1.31330E+02
    2.6689E+01  4.54606E+04 -1.31330E+02  4.54606E+04 -1.31330E+02  4.54606E+04 -1.31330E+02
    2.6741E+01  4.54606E+04 -1.31330E+02  4.54606E+04 -1.31330E+02  4.54606E+04 -1.31330E+02
    2.6794E+01  4.54606E+04 -1.31330E+02  4.54606E+04 -1.31330E+02  4.54606E+04 -1.31330E+02
    2.6847E+01  4.54606E+04 -1.31330E+02  4.54606E+04 -1.31330E+02  4.54606E+04 -1.31330E+02
    2.6900E+01  4.54606E+04 -1.31330E+02  4.54606E+04 -1.31330E+02  4.54606E+04 -1.31330E+02
    2.6953E+01  4.55602E+04 -1.31989E+02  4.55602E+04 -1.31989E+02  4.55602E+04 -1.31989E+02
    2.7006E+01  4.55602E+04 -1.31989E+02  4.55602E+04 -1.31989E+02  4.55602E+04 -1.31989E+02
    2.7059E+01  4.55602E+04 -1.31989E+02  4.55602E+04 -1.31989E+02  4.55602E+04 -1.31989E+02
    2.7111E+01  4.57625E+04 -1.33215E+02  4.57625E+04 -1.33215E+02  4.57625E+04 -1.33215E+02
    2.7164E+01  4.57625E+04 -1.33215E+02  4.57625E+04 -1.33215E+02  4.57625E+04 -1.33215E+02
    2.7217E+01  4.57625E+04 -1.33215E+02  4.57625E+04 -1.33215E+02  4.57625E+04 -1.33215E+02
    2.7270E+01  4.57625E+04 -1.33215E+02  4.57625E+04 -1.33215E+02  4.57625E+04 -1.33215E+02
    2.7323E+01  4.57625E+04 -1.33215E+02  4.57625E+04 -1.33215E+02  4.57625E+04 -1.33215E+02
    2.7376E+01  4.57625E+04 -1.33215E+02  4.57625E+04 -1.33215E+02  4.57625E+04 -1.33215E+02
    2.7428E+01  4.57625E+04 -1.33215E+02  4.57625E+04 -1.33215E+02  4.57625E+04 -1.33215E+02
    2.7481E+01  4.57625E+04 -1.33215E+02  4.57625E+04 -1.33215E+02  4.57625E+04 -1.33215E+02
    2.7534E+01  4.57625E+04 -1.33215E+02  4.57625E+04 -1.33215E+02  4.57625E+04 -1.33215E+02
    2.7587E+01  4.59311E+04 -1.34259E+02  4.59311E+04 -1.34259E+02  4.59311E+04 -1.34259E+02
    2.7640E+01  4.59311E+04 -1.34259E+02  4.59311E+04 -1.34259E+02  4.59311E+04 -1.34259E+02
    2.7693E+01  4.59312E+04 -1.34260E+02  4.59312E+04 -1.34260E+02  4.59312E+04 -1.34260E+02
    2.7746E+01  4.59312E+04 -1.34260E+02  4.59312E+04 -1.34260E+02  4.59312E+04 -1.34260E+02
    2.7798E+01  4.59312E+04 -1.34260E+02  4.59312E+04 -1.34260E+02  4.59312E+04 -1.34260E+02
    2.7851E+01  4.59312E+04 -1.34260E+02  4.59312E+04 -1.34260E+02  4.59312E+04 -1.34260E+02
    2.7904E+01  4.59312E+04 -1.34260E+02  4.59312E+04 -1.34260E+02  4.59312E+04 -1.34260E+02
    2.7957E+01  4.59312E+04 -1.34260E+02  4.59312E+04 -1.34260E+02  4.59312E+04 -1.34260E+02
    2.8010E+01  4.59312E+04 -1.34260E+02  4.59312E+04 -1.34260E+02  4.59312E+04 -1.34260E+02
    2.8063E+01  4.62710E+04 -1.36161E+02  4.62710E+04 -1.36161E+02  4.62710E+04 -1.36161E+02
    2.8115E+01  4.62710E+04 -1.36161E+02  4.62710E+04 -1.36161E+02  4.62710E+04 -1.36161E+02
    2.8168E+01  4.62710E+04 -1.36161E+02  4.62710E+04 -1.36161E+02  4.62710E+04 -1.36161E+02
    2.8221E+01  4.62710E+04 -1.36161E+02  4.62710E+04 -1.36161E+02  4.62710E+04 -1.36161E+02
    2.8274E+01  4.66112E+04 -1.38239E+02  4.66112E+04 -1.38239E+02  4.66112E+04 -1.38239E+02
    2.8327E+01  4.66112E+04 -1.38239E+02  4.66112E+04 -1.38239E+02  4.66112E+04 -1.38239E+02
    2.8380E+01  4.66112E+04 -1.38239E+02  4.66112E+04 -1.38239E+02  4.66112E+04 -1.38239E+02
    2.8433E+01  4.66112E+04 -1.38239E+02  4.66112E+04 -1.38239E+02  4.66112E+04 -1.38239E+02
    2.8485E+01  5.37946E+04 -1.52984E+02  5.37946E+04 -1.52984E+02  5.37946E+04 -1.52984E+02
    2.8538E+01  5.80557E+04 -1.68444E+02  5.80557E+04 -1.68444E+02  5.80557E+04 -1.68444E+02
    2.8591E+01  5.80557E+04 -1.68444E+02  5.80557E+04 -1.68444E+02  5.80557E+04 -1.68444E+02
    2.8644E+01  5.80557E+04 -1.68444E+02  5.80557E+04 -1.68444E+02  5.80557E+04 -1.68444E+02
    2.8697E+01  5.80557E+04 -1.68444E+02  5.80557E+04 -1.68444E+02  5.80557E+04 -1.68444E+02
    2.8750E+01  5.85350E+04 -1.71192E+02  5.85350E+04 -1.71192E+02  5.85350E+04 -1.71192E+02
    2.8803E+01  5.85350E+04 -1.71192E+02  5.85350E+04 -1.71192E+02  5.85350E+04 -1.71192E+02
    2.8855E+01  5.85350E+04 -1.71192E+02  5.85350E+04 -1.71192E+02  5.85350E+04 -1.71192E+02
    2.8908E+01  5.85350E+04 -1.71192E+02  5.85350E+04 -1.71192E+02  5.85350E+04 -1.71192E+02
    2.8961E+01  5.85350E+04 -1.71192E+02  5.85350E+04 -1.71192E+02  5.85350E+04 -1.71192E+02
    2.9014E+01  5.85350E+04 -1.71192E+02  5.85350E+04 -1.71192E+02  5.85350E+04 -1.71192E+02
    2.9067E+01  5.85350E+04 -1.71192E+02  5.85350E+04 -1.71192E+02  5.85350E+04 -1.71192E+02
    2.9120E+01  5.85350E+04 -1.71192E+02  5.85350E+04 -1.71192E+02  5.85350E+04 -1.71192E+02
    2.9172E+01  5.85350E+04 -1.71192E+02  5.85350E+04 -1.71192E+02  5.85350E+04 -1.71192E+02
    2.9225E+01  5.85350E+04 -1.71192E+02  5.85350E+04 -1.71192E+02  5.85350E+04 -1.71192E+02
    2.9278E+01  5.85350E+04 -1.71192E+02  5.85350E+04 -1.71192E+02  5.85350E+04 -1.71192E+02
    2.9331E+01  5.85350E+04 -1.71192E+02  5.85350E+04 -1.71192E+02  5.85350E+04 -1.71192E+02
    2.9384E+01  5.85350E+04 -1.71192E+02  5.85350E+04 -1.71192E+02  5.85350E+04 -1.71192E+02
    2.9437E+01  5.88545E+04 -1.73003E+02  5.88545E+04 -1.73003E+02  5.88545E+04 -1.73003E+02
    2.9490E+01  5.88545E+04 -1.73003E+02  5.88545E+04 -1.73003E+02  5.88545E+04 -1.73003E+02
    2.9542E+01  5.88545E+04 -1.73003E+02  5.88545E+04 -1.73003E+02  5.88545E+04 -1.73003E+02
    2.9595E+01  5.88545E+04 -1.73003E+02  5.88545E+04 -1.73003E+02  5.88545E+04 -1.73003E+02
    2.9648E+01  5.88545E+04 -1.73003E+02  5.88545E+04 -1.73003E+02  5.88545E+04 -1.73003E+02
    2.9701E+01  5.88545E+04 -1.73003E+02  5.88545E+04 -1.73003E+02  5.88545E+04 -1.73003E+02
    2.9754E+01  5.88545E+04 -1.73003E+02  5.88545E+04 -1.73003E+02  5.88545E+04 -1.73003E+02
    2.9807E+01  5.88545E+04 -1.73003E+02  5.88545E+04 -1.73003E+02  5.88545E+04 -1.73003E+02
    2.9860E+01  6.04779E+04 -1.78625E+02  6.04779E+04 -1.78625E+02  6.04779E+04 -1.78625E+02
    2.9912E+01  6.04779E+04 -1.78625E+02  6.04779E+04 -1.78625E+02  6.04779E+04 -1.78625E+02
    2.9965E+01  6.04779E+04 -1.78625E+02  6.04779E+04 -1.78625E+02  6.04779E+04 -1.78625E+02
    3.0018E+01  6.04779E+04 -1.78625E+02  6.04779E+04 -1.78625E+02  6.04779E+04 -1.78625E+02
    3.0071E+01  6.04779E+04 -1.78625E+02  6.04779E+04 -1.78625E+02  6.04779E+04 -1.78625E+02
    3.0124E+01  6.04779E+04 -1.78625E+02  6.04779E+04 -1.78625E+02  6.04779E+04 -1.78625E+02
    3.0177E+01  6.04779E+04 -1.78625E+02  6.04779E+04 -1.78625E+02  6.04779E+04 -1.78625E+02
    3.0229E+01  6.04779E+04 -1.78625E+02  6.04779E+04 -1.78625E+02  6.04779E+04 -1.78625E+02
    3.0282E+01  6.04779E+04 -1.78625E+02  6.04779E+04 -1.78625E+02  6.04779E+04 -1.78625E+02
    3.0335E+01  6.04779E+04 -1.78625E+02  6.04779E+04 -1.78625E+02  6.04779E+04 -1.78625E+02
    3.0388E+01  6.04779E+04 -1.78625E+02  6.04779E+04 -1.78625E+02  6.04779E+04 -1.78625E+02
    3.0441E+01  6.04779E+04 -1.78625E+02  6.04779E+04 -1.78625E+02  6.04779E+04 -1.78625E+02
    3.0494E+01  6.04779E+04 -1.78625E+02  6.04779E+04 -1.78625E+02  6.04779E+04 -1.78625E+02
    3.0547E+01  6.04779E+04 -1.78625E+02  6.04779E+04 -1.78625E+02  6.04779E+04 -1.78625E+02
    3.0599E+01  6.04779E+04 -1.78625E+02  6.04779E+04 -1.78625E+02  6.04779E+04 -1.78625E+02
    3.0652E+01  6.04779E+04 -1.78625E+02  6.04779E+04 -1.78625E+02  6.04779E+04 -1.78625E+02
    3.0705E+01  6.04779E+04 -1.78625E+02  6.04779E+04 -1.78625E+02  6.04779E+04 -1.78625E+02
    3.0758E+01  6.04779E+04 -1.78625E+02  6.04779E+04 -1.78625E+02  6.04779E+04 -1.78625E+02
    3.0811E+01  6.04779E+04 -1.78625E+02  6.04779E+04 -1.78625E+02  6.04779E+04 -1.78625E+02
    3.0864E+01  6.04779E+04 -1.78625E+02  6.04779E+04 -1.78625E+02  6.04779E+04 -1.78625E+02
    3.0916E+01  6.04779E+04 -1.78625E+02  6.04779E+04 -1.78625E+02  6.04779E+04 -1.78625E+02
    3.0969E+01  6.04779E+04 -1.78625E+02  6.04779E+04 -1.78625E+02  6.04779E+04 -1.78625E+02
    3.1022E+01  6.04779E+04 -1.78625E+02  6.04779E+04 -1.78625E+02  6.04779E+04 -1.78625E+02
    3.1075E+01  6.04779E+04 -1.78625E+02  6.04779E+04 -1.78625E+02  6.04779E+04 -1.78625E+02
    3.1128E+01  6.04779E+04 -1.78625E+02  6.04779E+04 -1.78625E+02  6.04779E+04 -1.78625E+02
    3.1181E+01  6.04779E+04 -1.78625E+02  6.04779E+04 -1.78625E+02  6.04779E+04 -1.78625E+02
    3.1234E+01  6.04779E+04 -1.78625E+02  6.04779E+04 -1.78625E+02  6.04779E+04 -1.78625E+02
    3.1286E+01  6.04779E+04 -1.78625E+02  6.04779E+04 -1.78625E+02  6.04779E+04 -1.78625E+02
    3.1339E+01  6.04779E+04 -1.78625E+02  6.04779E+04 -1.78625E+02  6.04779E+04 -1.78625E+02
    3.1392E+01  6.04779E+04 -1.78625E+02  6.04779E+04 -1.78625E+02  6.04779E+04 -1.78625E+02
    3.1445E+01  6.04779E+04 -1.78625E+02  6.04779E+04 -1.78625E+02  6.04779E+04 -1.78625E+02
    3.1498E+01  6.04779E+04 -1.78625E+02  6.04779E+04 -1.78625E+02  6.04779E+04 -1.78625E+02
    3.1551E+01  6.04779E+04 -1.78625E+02  6.04779E+04 -1.78625E+02  6.04779E+04 -1.78625E+02
    3.1604E+01  6.38421E+04 -1.91815E+02  6.38421E+04 -1.91815E+02  6.38421E+04 -1.91815E+02
    3.1656E+01  6.38421E+04 -1.91815E+02  6.38421E+04 -1.91815E+02  6.38421E+04 -1.91815E+02
    3.1709E+01  6.38421E+04 -1.91815E+02  6.38421E+04 -1.91815E+02  6.38421E+04 -1.91815E+02
    3.1762E+01  6.38421E+04 -1.91815E+02  6.38421E+04 -1.91815E+02  6.38421E+04 -1.91815E+02
    3.1815E+01  6.38421E+04 -1.91815E+02  6.38421E+04 -1.91815E+02  6.38421E+04 -1.91815E+02
    3.1868E+01  6.38421E+04 -1.91815E+02  6.38421E+04 -1.91815E+02  6.38421E+04 -1.91815E+02
    3.1921E+01  6.38421E+04 -1.91815E+02  6.38421E+04 -1.91815E+02  6.38421E+04 -1.91815E+02
    3.1973E+01  6.38421E+04 -1.91815E+02  6.38421E+04 -1.91815E+02  6.38421E+04 -1.91815E+02
    3.2026E+01  6.38421E+04 -1.91815E+02  6.38421E+04 -1.91815E+02  6.38421E+04 -1.91815E+02
    3.2079E+01  6.55175E+04 -1.99464E+02  6.55175E+04 -1.99464E+02  6.55175E+04 -1.99464E+02
    3.2132E+01  6.55175E+04 -1.99464E+02  6.55175E+04 -1.99464E+02  6.55175E+04 -1.99464E+02
    3.2185E+01  6.55175E+04 -1.99464E+02  6.55175E+04 -1.99464E+02  6.55175E+04 -1.99464E+02
    3.2238E+01  6.60686E+04 -2.02226E+02  6.60686E+04 -2.02226E+02  6.60686E+04 -2.02226E+02
    3.2291E+01  6.60686E+04 -2.02226E+02  6.60686E+04 -2.02226E+02  6.60686E+04 -2.02226E+02
    3.2343E+01  6.60686E+04 -2.02226E+02  6.60686E+04 -2.02226E+02  6.60686E+04 -2.02226E+02
    3.2396E+01  6.60686E+04 -2.02226E+02  6.60686E+04 -2.02226E+02  6.60686E+04 -2.02226E+02
    3.2449E+01  6.60686E+04 -2.02226E+02  6.60686E+04 -2.02226E+02  6.60686E+04 -2.02226E+02
    3.2502E+01  6.60686E+04 -2.02226E+02  6.60686E+04 -2.02226E+02  6.60686E+04 -2.02226E+02
    3.2555E+01  6.60686E+04 -2.02226E+02  6.60686E+04 -2.02226E+02  6.60686E+04 -2.02226E+02
    3.2608E+01  6.60686E+04 -2.02226E+02  6.60686E+04 -2.02226E+02  6.60686E+04 -2.02226E+02
    3.2660E+01  6.60686E+04 -2.02226E+02  6.60686E+04 -2.02226E+02  6.60686E+04 -2.02226E+02
    3.2713E+01  6.60686E+04 -2.02226E+02  6.60686E+04 -2.02226E+02  6.60686E+04 -2.02226E+02
    3.2766E+01  6.60686E+04 -2.02226E+02  6.60686E+04 -2.02226E+02  6.60686E+04 -2.02226E+02
    3.2819E+01  6.60686E+04 -2.02226E+02  6.60686E+04 -2.02226E+02  6.60686E+04 -2.02226E+02
    3.2872E+01  6.60686E+04 -2.02226E+02  6.60686E+04 -2.02226E+02  6.60686E+04 -2.02226E+02
    3.2925E+01  6.60686E+04 -2.02226E+02  6.60686E+04 -2.02226E+02  6.60686E+04 -2.02226E+02
    3.2978E+01  6.60686E+04 -2.02226E+02  6.60686E+04 -2.02226E+02  6.60686E+04 -2.02226E+02
    3.3030E+01  6.60686E+04 -2.02226E+02  6.60686E+04 -2.02226E+02  6.60686E+04 -2.02226E+02
    3.3083E+01  6.60686E+04 -2.02226E+02  6.60686E+04 -2.02226E+02  6.60686E+04 -2.02226E+02
    3.3136E+01  6.60686E+04 -2.02226E+02  6.60686E+04 -2.02226E+02  6.60686E+04 -2.02226E+02
    3.3189E+01  7.10796E+04 -2.13911E+02  7.10796E+04 -2.13911E+02  7.10796E+04 -2.13911E+02
    3.3242E+01  7.10796E+04 -2.13911E+02  7.10796E+04 -2.13911E+02  7.10796E+04 -2.13911E+02
    3.3295E+01  7.10796E+04 -2.13911E+02  7.10796E+04 -2.13911E+02  7.10796E+04 -2.13911E+02
    3.3348E+01  7.10796E+04 -2.13911E+02  7.10796E+04 -2.13911E+02  7.10796E+04 -2.13911E+02
    3.3400E+01  7.10796E+04 -2.13911E+02  7.10796E+04 -2.13911E+02  7.10796E+04 -2.13911E+02
    3.3453E+01  7.10796E+04 -2.13911E+02  7.10796E+04 -2.13911E+02  7.10796E+04 -2.13911E+02
    3.3506E+01  7.10796E+04 -2.13911E+02  7.10796E+04 -2.13911E+02  7.10796E+04 -2.13911E+02
    3.3559E+01  7.10796E+04 -2.13911E+02  7.10796E+04 -2.13911E+02  7.10796E+04 -2.13911E+02
    3.3612E+01  7.10796E+04 -2.13911E+02  7.10796E+04 -2.13911E+02  7.10796E+04 -2.13911E+02
    3.3665E+01  7.10796E+04 -2.13911E+02  7.10796E+04 -2.13911E+02  7.10796E+04 -2.13911E+02
    3.3717E+01  7.10796E+04 -2.13911E+02  7.10796E+04 -2.13911E+02  7.10796E+04 -2.13911E+02
    3.3770E+01  7.10796E+04 -2.13911E+02  7.10796E+04 -2.13911E+02  7.10796E+04 -2.13911E+02
    3.3823E+01  7.10796E+04 -2.13911E+02  7.10796E+04 -2.13911E+02  7.10796E+04 -2.13911E+02
    3.3876E+01  7.10796E+04 -2.13911E+02  7.10796E+04 -2.13911E+02  7.10796E+04 -2.13911E+02
    3.3929E+01  7.10796E+04 -2.13911E+02  7.10796E+04 -2.13911E+02  7.10796E+04 -2.13911E+02
    3.3982E+01  7.10796E+04 -2.13911E+02  7.10796E+04 -2.13911E+02  7.10796E+04 -2.13911E+02
    3.4035E+01  7.10796E+04 -2.13911E+02  7.10796E+04 -2.13911E+02  7.10796E+04 -2.13911E+02
    3.4087E+01  7.10796E+04 -2.13911E+02  7.10796E+04 -2.13911E+02  7.10796E+04 -2.13911E+02
    3.4140E+01  7.10796E+04 -2.13911E+02  7.10796E+04 -2.13911E+02  7.10796E+04 -2.13911E+02
    3.4193E+01  7.23145E+04 -2.18973E+02  7.23145E+04 -2.18973E+02  7.23145E+04 -2.18973E+02
    3.4246E+01  7.23145E+04 -2.18973E+02  7.23145E+04 -2.18973E+02  7.23145E+04 -2.18973E+02
    3.4299E+01  7.23145E+04 -2.18973E+02  7.23145E+04 -2.18973E+02  7.23145E+04 -2.18973E+02
    3.4352E+01  7.23145E+04 -2.18973E+02  7.23145E+04 -2.18973E+02  7.23145E+04 -2.18973E+02
    3.4404E+01  7.23145E+04 -2.18973E+02  7.23145E+04 -2.18973E+02  7.23145E+04 -2.18973E+02
    3.4457E+01  7.23145E+04 -2.18973E+02  7.23145E+04 -2.18973E+02  7.23145E+04 -2.18973E+02
    3.4510E+01  7.23145E+04 -2.18973E+02  7.23145E+04 -2.18973E+02  7.23145E+04 -2.18973E+02
    3.4563E+01  7.23145E+04 -2.18973E+02  7.23145E+04 -2.18973E+02  7.23145E+04 -2.18973E+02
    3.4616E+01  7.23145E+04 -2.18973E+02  7.23145E+04 -2.18973E+02  7.23145E+04 -2.18973E+02
    3.4669E+01  7.23145E+04 -2.18973E+02  7.23145E+04 -2.18973E+02  7.23145E+04 -2.18973E+02
    3.4722E+01  7.23145E+04 -2.18973E+02  7.23145E+04 -2.18973E+02  7.23145E+04 -2.18973E+02
    3.4774E+01  7.23145E+04 -2.18973E+02  7.23145E+04 -2.18973E+02  7.23145E+04 -2.18973E+02
    3.4827E+01  7.23145E+04 -2.18973E+02  7.23145E+04 -2.18973E+02  7.23145E+04 -2.18973E+02
    3.4880E+01  7.23145E+04 -2.18973E+02  7.23145E+04 -2.18973E+02  7.23145E+04 -2.18973E+02
    3.4933E+01  7.23145E+04 -2.18973E+02  7.23145E+04 -2.18973E+02  7.23145E+04 -2.18973E+02
    3.4986E+01  7.23145E+04 -2.18973E+02  7.23145E+04 -2.18973E+02  7.23145E+04 -2.18973E+02
    3.5039E+01  7.23145E+04 -2.18973E+02  7.23145E+04 -2.18973E+02  7.23145E+04 -2.18973E+02
    3.5092E+01  7.23145E+04 -2.18973E+02  7.23145E+04 -2.18973E+02  7.23145E+04 -2.18973E+02
    3.5144E+01  7.23145E+04 -2.18973E+02  7.23145E+04 -2.18973E+02  7.23145E+04 -2.18973E+02
    3.5197E+01  7.23145E+04 -2.18973E+02  7.23145E+04 -2.18973E+02  7.23145E+04 -2.18973E+02
    3.5250E+01  7.23145E+04 -2.18973E+02  7.23145E+04 -2.18973E+02  7.23145E+04 -2.18973E+02
    3.5303E+01  7.23145E+04 -2.18973E+02  7.23145E+04 -2.18973E+02  7.23145E+04 -2.18973E+02
    3.5356E+01  7.23145E+04 -2.18973E+02  7.23145E+04 -2.18973E+02  7.23145E+04 -2.18973E+02
    3.5409E+01  7.23145E+04 -2.18973E+02  7.23145E+04 -2.18973E+02  7.23145E+04 -2.18973E+02
    3.5461E+01  7.23145E+04 -2.18973E+02  7.23145E+04 -2.18973E+02  7.23145E+04 -2.18973E+02
    3.5514E+01  7.23145E+04 -2.18973E+02  7.23145E+04 -2.18973E+02  7.23145E+04 -2.18973E+02
    3.5567E+01  7.23145E+04 -2.18973E+02  7.23145E+04 -2.18973E+02  7.23145E+04 -2.18973E+02
    3.5620E+01  7.23145E+04 -2.18973E+02  7.23145E+04 -2.18973E+02  7.23145E+04 -2.18973E+02
    3.5673E+01  7.23145E+04 -2.18973E+02  7.23145E+04 -2.18973E+02  7.23145E+04 -2.18973E+02
    3.5726E+01  7.23145E+04 -2.18973E+02  7.23145E+04 -2.18973E+02  7.23145E+04 -2.18973E+02
    3.5779E+01  7.23145E+04 -2.18973E+02  7.23145E+04 -2.18973E+02  7.23145E+04 -2.18973E+02
    3.5831E+01  7.23145E+04 -2.18973E+02  7.23145E+04 -2.18973E+02  7.23145E+04 -2.18973E+02
    3.5884E+01  7.23145E+04 -2.18973E+02  7.23145E+04 -2.18973E+02  7.23145E+04 -2.18973E+02
    3.5937E+01  7.23145E+04 -2.18973E+02  7.23145E+04 -2.18973E+02  7.23145E+04 -2.18973E+02
    3.5990E+01  7.23145E+04 -2.18973E+02  7.23145E+04 -2.18973E+02  7.23145E+04 -2.18973E+02
    3.6043E+01  7.23145E+04 -2.18973E+02  7.23145E+04 -2.18973E+02  7.23145E+04 -2.18973E+02
    3.6096E+01  7.23145E+04 -2.18973E+02  7.23145E+04 -2.18973E+02  7.23145E+04 -2.18973E+02
    3.6148E+01  7.23145E+04 -2.18973E+02  7.23145E+04 -2.18973E+02  7.23145E+04 -2.18973E+02
    3.6201E+01  7.23145E+04 -2.18973E+02  7.23145E+04 -2.18973E+02  7.23145E+04 -2.18973E+02
    3.6254E+01  7.23145E+04 -2.18973E+02  7.23145E+04 -2.18973E+02  7.23145E+04 -2.18973E+02
    3.6307E+01  7.23145E+04 -2.18973E+02  7.23145E+04 -2.18973E+02  7.23145E+04 -2.18973E+02
    3.6360E+01  7.23145E+04 -2.18973E+02  7.23145E+04 -2.18973E+02  7.23145E+04 -2.18973E+02
    3.6413E+01  7.23145E+04 -2.18973E+02  7.23145E+04 -2.18973E+02  7.23145E+04 -2.18973E+02
    3.6466E+01  7.23145E+04 -2.18973E+02  7.23145E+04 -2.18973E+02  7.23145E+04 -2.18973E+02
    3.6518E+01  7.23145E+04 -2.18973E+02  7.23145E+04 -2.18973E+02  7.23145E+04 -2.18973E+02
    3.6571E+01  7.23145E+04 -2.18973E+02  7.23145E+04 -2.18973E+02  7.23145E+04 -2.18973E+02
    3.6624E+01  7.23145E+04 -2.18973E+02  7.23145E+04 -2.18973E+02  7.23145E+04 -2.18973E+02
    3.6677E+01  7.23145E+04 -2.18973E+02  7.23145E+04 -2.18973E+02  7.23145E+04 -2.18973E+02
    3.6730E+01  7.23145E+04 -2.18973E+02  7.23145E+04 -2.18973E+02  7.23145E+04 -2.18973E+02
    3.6783E+01  7.23145E+04 -2.18973E+02  7.23145E+04 -2.18973E+02  7.23145E+04 -2.18973E+02
    3.6836E+01  7.23145E+04 -2.18973E+02  7.23145E+04 -2.18973E+02  7.23145E+04 -2.18973E+02
    3.6888E+01  7.38465E+04 -2.26523E+02  7.38465E+04 -2.26523E+02  7.38465E+04 -2.26523E+02
    3.6941E+01  7.38465E+04 -2.26523E+02  7.38465E+04 -2.26523E+02  7.38465E+04 -2.26523E+02
    3.6994E+01  7.38465E+04 -2.26523E+02  7.38465E+04 -2.26523E+02  7.38465E+04 -2.26523E+02
    3.7047E+01  7.38465E+04 -2.26523E+02  7.38465E+04 -2.26523E+02  7.38465E+04 -2.26523E+02
    3.7100E+01  7.38465E+04 -2.26523E+02  7.38465E+04 -2.26523E+02  7.38465E+04 -2.26523E+02
    3.7153E+01  7.38465E+04 -2.26523E+02  7.38465E+04 -2.26523E+02  7.38465E+04 -2.26523E+02
    3.7205E+01  7.38465E+04 -2.26523E+02  7.38465E+04 -2.26523E+02  7.38465E+04 -2.26523E+02
    3.7258E+01  7.38465E+04 -2.26523E+02  7.38465E+04 -2.26523E+02  7.38465E+04 -2.26523E+02
    3.7311E+01  7.38465E+04 -2.26523E+02  7.38465E+04 -2.26523E+02  7.38465E+04 -2.26523E+02
    3.7364E+01  7.38465E+04 -2.26523E+02  7.38465E+04 -2.26523E+02  7.38465E+04 -2.26523E+02
    3.7417E+01  7.38465E+04 -2.26523E+02  7.38465E+04 -2.26523E+02  7.38465E+04 -2.26523E+02
    3.7470E+01  7.38465E+04 -2.26523E+02  7.38465E+04 -2.26523E+02  7.38465E+04 -2.26523E+02
    3.7523E+01  7.38465E+04 -2.26523E+02  7.38465E+04 -2.26523E+02  7.38465E+04 -2.26523E+02
    3.7575E+01  7.38465E+04 -2.26523E+02  7.38465E+04 -2.26523E+02  7.38465E+04 -2.26523E+02
    3.7628E+01  7.38465E+04 -2.26523E+02  7.38465E+04 -2.26523E+02  7.38465E+04 -2.26523E+02
    3.7681E+01  7.38465E+04 -2.26523E+02  7.38465E+04 -2.26523E+02  7.38465E+04 -2.26523E+02
    3.7734E+01  7.38465E+04 -2.26523E+02  7.38465E+04 -2.26523E+02  7.38465E+04 -2.26523E+02
    3.7787E+01  7.38465E+04 -2.26523E+02  7.38465E+04 -2.26523E+02  7.38465E+04 -2.26523E+02
    3.7840E+01  7.38465E+04 -2.26523E+02  7.38465E+04 -2.26523E+02  7.38465E+04 -2.26523E+02
    3.7893E+01  7.38465E+04 -2.26523E+02  7.38465E+04 -2.26523E+02  7.38465E+04 -2.26523E+02
    3.7945E+01  7.38465E+04 -2.26523E+02  7.38465E+04 -2.26523E+02  7.38465E+04 -2.26523E+02
    3.7998E+01  7.38465E+04 -2.26523E+02  7.38465E+04 -2.26523E+02  7.38465E+04 -2.26523E+02
    3.8051E+01  7.38465E+04 -2.26523E+02  7.38465E+04 -2.26523E+02  7.38465E+04 -2.26523E+02
    3.8104E+01  7.38465E+04 -2.26523E+02  7.38465E+04 -2.26523E+02  7.38465E+04 -2.26523E+02
    3.8157E+01  7.38465E+04 -2.26523E+02  7.38465E+04 -2.26523E+02  7.38465E+04 -2.26523E+02
    3.8210E+01  7.38465E+04 -2.26523E+02  7.38465E+04 -2.26523E+02  7.38465E+04 -2.26523E+02
    3.8262E+01  7.38465E+04 -2.26523E+02  7.38465E+04 -2.26523E+02  7.38465E+04 -2.26523E+02
    3.8315E+01  7.38465E+04 -2.26523E+02  7.38465E+04 -2.26523E+02  7.38465E+04 -2.26523E+02
    3.8368E+01  7.64510E+04 -2.35589E+02  7.64510E+04 -2.35589E+02  7.64510E+04 -2.35589E+02
    3.8421E+01  7.64510E+04 -2.35589E+02  7.64510E+04 -2.35589E+02  7.64510E+04 -2.35589E+02
    3.8474E+01  7.64510E+04 -2.35589E+02  7.64510E+04 -2.35589E+02  7.64510E+04 -2.35589E+02
    3.8527E+01  7.64510E+04 -2.35589E+02  7.64510E+04 -2.35589E+02  7.64510E+04 -2.35589E+02
    3.8580E+01  7.64510E+04 -2.35589E+02  7.64510E+04 -2.35589E+02  7.64510E+04 -2.35589E+02
    3.8632E+01  7.64510E+04 -2.35589E+02  7.64510E+04 -2.35589E+02  7.64510E+04 -2.35589E+02
    3.8685E+01  7.64510E+04 -2.35589E+02  7.64510E+04 -2.35589E+02  7.64510E+04 -2.35589E+02
    3.8738E+01  7.64510E+04 -2.35589E+02  7.64510E+04 -2.35589E+02  7.64510E+04 -2.35589E+02
    3.8791E+01  7.64510E+04 -2.35589E+02  7.64510E+04 -2.35589E+02  7.64510E+04 -2.35589E+02
    3.8844E+01  7.64510E+04 -2.35589E+02  7.64510E+04 -2.35589E+02  7.64510E+04 -2.35589E+02
    3.8897E+01  7.64510E+04 -2.35589E+02  7.64510E+04 -2.35589E+02  7.64510E+04 -2.35589E+02
    3.8949E+01  7.64510E+04 -2.35589E+02  7.64510E+04 -2.35589E+02  7.64510E+04 -2.35589E+02
    3.9002E+01  7.64510E+04 -2.35589E+02  7.64510E+04 -2.35589E+02  7.64510E+04 -2.35589E+02
    3.9055E+01  7.64510E+04 -2.35589E+02  7.64510E+04 -2.35589E+02  7.64510E+04 -2.35589E+02
    3.9108E+01  7.64510E+04 -2.35589E+02  7.64510E+04 -2.35589E+02  7.64510E+04 -2.35589E+02
    3.9161E+01  7.64510E+04 -2.35589E+02  7.64510E+04 -2.35589E+02  7.64510E+04 -2.35589E+02
    3.9214E+01  7.64510E+04 -2.35589E+02  7.64510E+04 -2.35589E+02  7.64510E+04 -2.35589E+02
    3.9267E+01  7.64510E+04 -2.35589E+02  7.64510E+04 -2.35589E+02  7.64510E+04 -2.35589E+02
    3.9319E+01  7.64510E+04 -2.35589E+02  7.64510E+04 -2.35589E+02  7.64510E+04 -2.35589E+02
    3.9372E+01  7.64510E+04 -2.35589E+02  7.64510E+04 -2.35589E+02  7.64510E+04 -2.35589E+02
    3.9425E+01  7.64510E+04 -2.35589E+02  7.64510E+04 -2.35589E+02  7.64510E+04 -2.35589E+02
    3.9478E+01  7.64510E+04 -2.35589E+02  7.64510E+04 -2.35589E+02  7.64510E+04 -2.35589E+02
    3.9531E+01  7.64510E+04 -2.35589E+02  7.64510E+04 -2.35589E+02  7.64510E+04 -2.35589E+02
    3.9584E+01  7.64510E+04 -2.35589E+02  7.64510E+04 -2.35589E+02  7.64510E+04 -2.35589E+02
    3.9637E+01  7.64510E+04 -2.35589E+02  7.64510E+04 -2.35589E+02  7.64510E+04 -2.35589E+02
    3.9689E+01  7.64510E+04 -2.35589E+02  7.64510E+04 -2.35589E+02  7.64510E+04 -2.35589E+02
    3.9742E+01  7.64510E+04 -2.35589E+02  7.64510E+04 -2.35589E+02  7.64510E+04 -2.35589E+02
    3.9795E+01  7.64510E+04 -2.35589E+02  7.64510E+04 -2.35589E+02  7.64510E+04 -2.35589E+02
    3.9848E+01  7.64510E+04 -2.35589E+02  7.64510E+04 -2.35589E+02  7.64510E+04 -2.35589E+02
    3.9901E+01  7.64510E+04 -2.35589E+02  7.64510E+04 -2.35589E+02  7.64510E+04 -2.35589E+02
    3.9954E+01  7.64510E+04 -2.35589E+02  7.64510E+04 -2.35589E+02  7.64510E+04 -2.35589E+02
    4.0006E+01  7.64510E+04 -2.35589E+02  7.64510E+04 -2.35589E+02  7.64510E+04 -2.35589E+02
    4.0059E+01  7.64510E+04 -2.35589E+02  7.64510E+04 -2.35589E+02  7.64510E+04 -2.35589E+02
    4.0112E+01  7.64510E+04 -2.35589E+02  7.64510E+04 -2.35589E+02  7.64510E+04 -2.35589E+02
    4.0165E+01  7.64510E+04 -2.35589E+02  7.64510E+04 -2.35589E+02  7.64510E+04 -2.35589E+02
    4.0218E+01  7.64510E+04 -2.35589E+02  7.64510E+04 -2.35589E+02  7.64510E+04 -2.35589E+02
    4.0271E+01  7.64510E+04 -2.35589E+02  7.64510E+04 -2.35589E+02  7.64510E+04 -2.35589E+02
    4.0324E+01  7.64510E+04 -2.35589E+02  7.64510E+04 -2.35589E+02  7.64510E+04 -2.35589E+02
    4.0376E+01  7.64510E+04 -2.35589E+02  7.64510E+04 -2.35589E+02  7.64510E+04 -2.35589E+02
    4.0429E+01  7.64510E+04 -2.35589E+02  7.64510E+04 -2.35589E+02  7.64510E+04 -2.35589E+02
    4.0482E+01  7.64510E+04 -2.35589E+02  7.64510E+04 -2.35589E+02  7.64510E+04 -2.35589E+02
    4.0535E+01  7.64510E+04 -2.35589E+02  7.64510E+04 -2.35589E+02  7.64510E+04 -2.35589E+02
    4.0588E+01  7.64510E+04 -2.35589E+02  7.64510E+04 -2.35589E+02  7.64510E+04 -2.35589E+02
    4.0641E+01  7.64510E+04 -2.35589E+02  7.64510E+04 -2.35589E+02  7.64510E+04 -2.35589E+02
    4.0693E+01  7.64510E+04 -2.35589E+02  7.64510E+04 -2.35589E+02  7.64510E+04 -2.35589E+02
    4.0746E+01  7.64510E+04 -2.35589E+02  7.64510E+04 -2.35589E+02  7.64510E+04 -2.35589E+02
    4.0799E+01  7.64510E+04 -2.35589E+02  7.64510E+04 -2.35589E+02  7.64510E+04 -2.35589E+02
    4.0852E+01  7.64510E+04 -2.35589E+02  7.64510E+04 -2.35589E+02  7.64510E+04 -2.35589E+02
    4.0905E+01  7.96596E+04 -2.45339E+02  7.96596E+04 -2.45339E+02  7.96596E+04 -2.45339E+02
    4.0958E+01  7.96596E+04 -2.45339E+02  7.96596E+04 -2.45339E+02  7.96596E+04 -2.45339E+02
    4.1011E+01  7.96596E+04 -2.45339E+02  7.96596E+04 -2.45339E+02  7.96596E+04 -2.45339E+02
    4.1063E+01  7.96596E+04 -2.45339E+02  7.96596E+04 -2.45339E+02  7.96596E+04 -2.45339E+02
    4.1116E+01  8.08760E+04 -2.48093E+02  8.08760E+04 -2.48093E+02  8.08760E+04 -2.48093E+02
    4.1169E+01  8.08760E+04 -2.48093E+02  8.08760E+04 -2.48093E+02  8.08760E+04 -2.48093E+02
    4.1222E+01  8.08760E+04 -2.48093E+02  8.08760E+04 -2.48093E+02  8.08760E+04 -2.48093E+02
    4.1275E+01  8.08760E+04 -2.48093E+02  8.08760E+04 -2.48093E+02  8.08760E+04 -2.48093E+02
    4.1328E+01  8.08760E+04 -2.48093E+02  8.08760E+04 -2.48093E+02  8.08760E+04 -2.48093E+02
    4.1381E+01  8.08760E+04 -2.48093E+02  8.08760E+04 -2.48093E+02  8.08760E+04 -2.48093E+02
    4.1433E+01  8.08760E+04 -2.48093E+02  8.08760E+04 -2.48093E+02  8.08760E+04 -2.48093E+02
    4.1486E+01  8.08760E+04 -2.48093E+02  8.08760E+04 -2.48093E+02  8.08760E+04 -2.48093E+02
    4.1539E+01  8.08760E+04 -2.48093E+02  8.08760E+04 -2.48093E+02  8.08760E+04 -2.48093E+02
    4.1592E+01  8.08760E+04 -2.48093E+02  8.08760E+04 -2.48093E+02  8.08760E+04 -2.48093E+02
    4.1645E+01  8.08760E+04 -2.48093E+02  8.08760E+04 -2.48093E+02  8.08760E+04 -2.48093E+02
    4.1698E+01  8.08760E+04 -2.48093E+02  8.08760E+04 -2.48093E+02  8.08760E+04 -2.48093E+02
    4.1750E+01  8.08760E+04 -2.48093E+02  8.08760E+04 -2.48093E+02  8.08760E+04 -2.48093E+02
    4.1803E+01  8.08760E+04 -2.48093E+02  8.08760E+04 -2.48093E+02  8.08760E+04 -2.48093E+02
    4.1856E+01  8.08760E+04 -2.48093E+02  8.08760E+04 -2.48093E+02  8.08760E+04 -2.48093E+02
    4.1909E+01  8.08760E+04 -2.48093E+02  8.08760E+04 -2.48093E+02  8.08760E+04 -2.48093E+02
    4.1962E+01  8.08760E+04 -2.48093E+02  8.08760E+04 -2.48093E+02  8.08760E+04 -2.48093E+02
    4.2015E+01  8.08760E+04 -2.48093E+02  8.08760E+04 -2.48093E+02  8.08760E+04 -2.48093E+02
    4.2068E+01  8.08760E+04 -2.48093E+02  8.08760E+04 -2.48093E+02  8.08760E+04 -2.48093E+02
    4.2120E+01  8.08760E+04 -2.48093E+02  8.08760E+04 -2.48093E+02  8.08760E+04 -2.48093E+02
    4.2173E+01  8.08760E+04 -2.48093E+02  8.08760E+04 -2.48093E+02  8.08760E+04 -2.48093E+02
    4.2226E+01  8.08760E+04 -2.48093E+02  8.08760E+04 -2.48093E+02  8.08760E+04 -2.48093E+02
    4.2279E+01  8.08760E+04 -2.48093E+02  8.08760E+04 -2.48093E+02  8.08760E+04 -2.48093E+02
    4.2332E+01  8.08760E+04 -2.48093E+02  8.08760E+04 -2.48093E+02  8.08760E+04 -2.48093E+02
    4.2385E+01  8.08760E+04 -2.48093E+02  8.08760E+04 -2.48093E+02  8.08760E+04 -2.48093E+02
    4.2437E+01  8.08760E+04 -2.48093E+02  8.08760E+04 -2.48093E+02  8.08760E+04 -2.48093E+02
    4.2490E+01  8.08760E+04 -2.48093E+02  8.08760E+04 -2.48093E+02  8.08760E+04 -2.48093E+02
    4.2543E+01  8.08760E+04 -2.48093E+02  8.08760E+04 -2.48093E+02  8.08760E+04 -2.48093E+02
    4.2596E+01  8.08760E+04 -2.48093E+02  8.08760E+04 -2.48093E+02  8.08760E+04 -2.48093E+02
    4.2649E+01  8.08760E+04 -2.48093E+02  8.08760E+04 -2.48093E+02  8.08760E+04 -2.48093E+02
    4.2702E+01  8.08760E+04 -2.48093E+02  8.08760E+04 -2.48093E+02  8.08760E+04 -2.48093E+02
    4.2755E+01  8.08760E+04 -2.48093E+02  8.08760E+04 -2.48093E+02  8.08760E+04 -2.48093E+02
    4.2807E+01  8.08760E+04 -2.48093E+02  8.08760E+04 -2.48093E+02  8.08760E+04 -2.48093E+02
    4.2860E+01  8.08760E+04 -2.48093E+02  8.08760E+04 -2.48093E+02  8.08760E+04 -2.48093E+02
    4.2913E+01  8.08760E+04 -2.48093E+02  8.08760E+04 -2.48093E+02  8.08760E+04 -2.48093E+02
    4.2966E+01  8.08760E+04 -2.48093E+02  8.08760E+04 -2.48093E+02  8.08760E+04 -2.48093E+02
    4.3019E+01  8.08760E+04 -2.48093E+02  8.08760E+04 -2.48093E+02  8.08760E+04 -2.48093E+02
    4.3072E+01  8.30609E+04 -2.56710E+02  8.30609E+04 -2.56710E+02  8.30609E+04 -2.56710E+02
    4.3125E+01  8.30609E+04 -2.56710E+02  8.30609E+04 -2.56710E+02  8.30609E+04 -2.56710E+02
    4.3177E+01  8.30609E+04 -2.56710E+02  8.30609E+04 -2.56710E+02  8.30609E+04 -2.56710E+02
    4.3230E+01  8.30609E+04 -2.56710E+02  8.30609E+04 -2.56710E+02  8.30609E+04 -2.56710E+02
    4.3283E+01  8.30609E+04 -2.56710E+02  8.30609E+04 -2.56710E+02  8.30609E+04 -2.56710E+02
    4.3336E+01  8.30609E+04 -2.56710E+02  8.30609E+04 -2.56710E+02  8.30609E+04 -2.56710E+02
    4.3389E+01  8.30609E+04 -2.56710E+02  8.30609E+04 -2.56710E+02  8.30609E+04 -2.56710E+02
    4.3442E+01  8.30609E+04 -2.56710E+02  8.30609E+04 -2.56710E+02  8.30609E+04 -2.56710E+02
    4.3494E+01  8.30609E+04 -2.56710E+02  8.30609E+04 -2.56710E+02  8.30609E+04 -2.56710E+02
    4.3547E+01  8.30609E+04 -2.56710E+02  8.30609E+04 -2.56710E+02  8.30609E+04 -2.56710E+02
    4.3600E+01  8.30609E+04 -2.56710E+02  8.30609E+04 -2.56710E+02  8.30609E+04 -2.56710E+02
    4.3653E+01  8.30609E+04 -2.56710E+02  8.30609E+04 -2.56710E+02  8.30609E+04 -2.56710E+02
    4.3706E+01  8.30609E+04 -2.56710E+02  8.30609E+04 -2.56710E+02  8.30609E+04 -2.56710E+02
    4.3759E+01  8.30609E+04 -2.56710E+02  8.30609E+04 -2.56710E+02  8.30609E+04 -2.56710E+02
    4.3812E+01  8.30609E+04 -2.56710E+02  8.30609E+04 -2.56710E+02  8.30609E+04 -2.56710E+02
    4.3864E+01  8.30609E+04 -2.56710E+02  8.30609E+04 -2.56710E+02  8.30609E+04 -2.56710E+02
    4.3917E+01  8.30609E+04 -2.56710E+02  8.30609E+04 -2.56710E+02  8.30609E+04 -2.56710E+02
    4.3970E+01  8.30609E+04 -2.56710E+02  8.30609E+04 -2.56710E+02  8.30609E+04 -2.56710E+02
    4.4023E+01  8.30609E+04 -2.56710E+02  8.30609E+04 -2.56710E+02  8.30609E+04 -2.56710E+02
    4.4076E+01  8.30609E+04 -2.56710E+02  8.30609E+04 -2.56710E+02  8.30609E+04 -2.56710E+02
    4.4129E+01  8.30609E+04 -2.56710E+02  8.30609E+04 -2.56710E+02  8.30609E+04 -2.56710E+02
    4.4181E+01  8.30609E+04 -2.56710E+02  8.30609E+04 -2.56710E+02  8.30609E+04 -2.56710E+02
    4.4234E+01  8.30609E+04 -2.56710E+02  8.30609E+04 -2.56710E+02  8.30609E+04 -2.56710E+02
    4.4287E+01  8.30609E+04 -2.56710E+02  8.30609E+04 -2.56710E+02  8.30609E+04 -2.56710E+02
    4.4340E+01  8.30609E+04 -2.56710E+02  8.30609E+04 -2.56710E+02  8.30609E+04 -2.56710E+02
    4.4393E+01  8.30609E+04 -2.56710E+02  8.30609E+04 -2.56710E+02  8.30609E+04 -2.56710E+02
    4.4446E+01  8.30609E+04 -2.56710E+02  8.30609E+04 -2.56710E+02  8.30609E+04 -2.56710E+02
    4.4499E+01  8.30609E+04 -2.56710E+02  8.30609E+04 -2.56710E+02  8.30609E+04 -2.56710E+02
    4.4551E+01  8.30609E+04 -2.56710E+02  8.30609E+04 -2.56710E+02  8.30609E+04 -2.56710E+02
    4.4604E+01  8.30609E+04 -2.56710E+02  8.30609E+04 -2.56710E+02  8.30609E+04 -2.56710E+02
    4.4657E+01  8.30609E+04 -2.56710E+02  8.30609E+04 -2.56710E+02  8.30609E+04 -2.56710E+02
    4.4710E+01  8.30609E+04 -2.56710E+02  8.30609E+04 -2.56710E+02  8.30609E+04 -2.56710E+02
    4.4763E+01  8.30609E+04 -2.56710E+02  8.30609E+04 -2.56710E+02  8.30609E+04 -2.56710E+02
    4.4816E+01  8.30609E+04 -2.56710E+02  8.30609E+04 -2.56710E+02  8.30609E+04 -2.56710E+02
    4.4869E+01  8.30609E+04 -2.56710E+02  8.30609E+04 -2.56710E+02  8.30609E+04 -2.56710E+02
    4.4921E+01  8.30609E+04 -2.56710E+02  8.30609E+04 -2.56710E+02  8.30609E+04 -2.56710E+02
    4.4974E+01  8.30609E+04 -2.56710E+02  8.30609E+04 -2.56710E+02  8.30609E+04 -2.56710E+02
    4.5027E+01  8.30609E+04 -2.56710E+02  8.30609E+04 -2.56710E+02  8.30609E+04 -2.56710E+02
    4.5080E+01  8.30609E+04 -2.56710E+02  8.30609E+04 -2.56710E+02  8.30609E+04 -2.56710E+02
    4.5133E+01  8.30609E+04 -2.56710E+02  8.30609E+04 -2.56710E+02  8.30609E+04 -2.56710E+02
    4.5186E+01  8.30609E+04 -2.56710E+02  8.30609E+04 -2.56710E+02  8.30609E+04 -2.56710E+02
    4.5238E+01  8.30609E+04 -2.56710E+02  8.30609E+04 -2.56710E+02  8.30609E+04 -2.56710E+02
    4.5291E+01  8.30609E+04 -2.56710E+02  8.30609E+04 -2.56710E+02  8.30609E+04 -2.56710E+02
    4.5344E+01  8.30609E+04 -2.56710E+02  8.30609E+04 -2.56710E+02  8.30609E+04 -2.56710E+02
    4.5397E+01  8.30609E+04 -2.56710E+02  8.30609E+04 -2.56710E+02  8.30609E+04 -2.56710E+02
    4.5450E+01  8.30609E+04 -2.56710E+02  8.30609E+04 -2.56710E+02  8.30609E+04 -2.56710E+02
    4.5503E+01  8.30609E+04 -2.56710E+02  8.30609E+04 -2.56710E+02  8.30609E+04 -2.56710E+02
    4.5556E+01  8.30609E+04 -2.56710E+02  8.30609E+04 -2.56710E+02  8.30609E+04 -2.56710E+02
    4.5608E+01  8.30609E+04 -2.56710E+02  8.30609E+04 -2.56710E+02  8.30609E+04 -2.56710E+02
    4.5661E+01  8.30609E+04 -2.56710E+02  8.30609E+04 -2.56710E+02  8.30609E+04 -2.56710E+02
    4.5714E+01  8.30609E+04 -2.56710E+02  8.30609E+04 -2.56710E+02  8.30609E+04 -2.56710E+02
    4.5767E+01  8.30609E+04 -2.56710E+02  8.30609E+04 -2.56710E+02  8.30609E+04 -2.56710E+02
    4.5820E+01  8.30609E+04 -2.56710E+02  8.30609E+04 -2.56710E+02  8.30609E+04 -2.56710E+02
    4.5873E+01  8.30609E+04 -2.56710E+02  8.30609E+04 -2.56710E+02  8.30609E+04 -2.56710E+02
    4.5926E+01  8.30609E+04 -2.56710E+02  8.30609E+04 -2.56710E+02  8.30609E+04 -2.56710E+02
    4.5978E+01  8.30609E+04 -2.56710E+02  8.30609E+04 -2.56710E+02  8.30609E+04 -2.56710E+02
    4.6031E+01  8.30609E+04 -2.56710E+02  8.30609E+04 -2.56710E+02  8.30609E+04 -2.56710E+02
    4.6084E+01  8.30609E+04 -2.56710E+02  8.30609E+04 -2.56710E+02  8.30609E+04 -2.56710E+02
    4.6137E+01  8.30609E+04 -2.56710E+02  8.30609E+04 -2.56710E+02  8.30609E+04 -2.56710E+02
    4.6190E+01  8.30609E+04 -2.56710E+02  8.30609E+04 -2.56710E+02  8.30609E+04 -2.56710E+02
    4.6243E+01  8.30609E+04 -2.56710E+02  8.30609E+04 -2.56710E+02  8.30609E+04 -2.56710E+02
    4.6295E+01  8.30609E+04 -2.56710E+02  8.30609E+04 -2.56710E+02  8.30609E+04 -2.56710E+02
    4.6348E+01  8.30609E+04 -2.56710E+02  8.30609E+04 -2.56710E+02  8.30609E+04 -2.56710E+02
    4.6401E+01  8.30609E+04 -2.56710E+02  8.30609E+04 -2.56710E+02  8.30609E+04 -2.56710E+02
    4.6454E+01  8.30609E+04 -2.56710E+02  8.30609E+04 -2.56710E+02  8.30609E+04 -2.56710E+02
    4.6507E+01  8.30609E+04 -2.56710E+02  8.30609E+04 -2.56710E+02  8.30609E+04 -2.56710E+02
    4.6560E+01  8.30609E+04 -2.56710E+02  8.30609E+04 -2.56710E+02  8.30609E+04 -2.56710E+02
    4.6613E+01  8.30609E+04 -2.56710E+02  8.30609E+04 -2.56710E+02  8.30609E+04 -2.56710E+02
    4.6665E+01  8.30609E+04 -2.56710E+02  8.30609E+04 -2.56710E+02  8.30609E+04 -2.56710E+02
    4.6718E+01  8.30609E+04 -2.56710E+02  8.30609E+04 -2.56710E+02  8.30609E+04 -2.56710E+02
    4.6771E+01  8.30609E+04 -2.56710E+02  8.30609E+04 -2.56710E+02  8.30609E+04 -2.56710E+02
    4.6824E+01  8.30609E+04 -2.56710E+02  8.30609E+04 -2.56710E+02  8.30609E+04 -2.56710E+02
    4.6877E+01  8.30609E+04 -2.56710E+02  8.30609E+04 -2.56710E+02  8.30609E+04 -2.56710E+02
    4.6930E+01  8.30609E+04 -2.56710E+02  8.30609E+04 -2.56710E+02  8.30609E+04 -2.56710E+02
    4.6982E+01  8.30609E+04 -2.56710E+02  8.30609E+04 -2.56710E+02  8.30609E+04 -2.56710E+02
    4.7035E+01  8.30609E+04 -2.56710E+02  8.30609E+04 -2.56710E+02  8.30609E+04 -2.56710E+02
    4.7088E+01  8.30609E+04 -2.56710E+02  8.30609E+04 -2.56710E+02  8.30609E+04 -2.56710E+02
    4.7141E+01  8.30609E+04 -2.56710E+02  8.30609E+04 -2.56710E+02  8.30609E+04 -2.56710E+02
    4.7194E+01  8.30609E+04 -2.56710E+02  8.30609E+04 -2.56710E+02  8.30609E+04 -2.56710E+02
    4.7247E+01  8.30609E+04 -2.56710E+02  8.30609E+04 -2.56710E+02  8.30609E+04 -2.56710E+02
    4.7300E+01  8.30609E+04 -2.56710E+02  8.30609E+04 -2.56710E+02  8.30609E+04 -2.56710E+02
    4.7352E+01  8.30609E+04 -2.56710E+02  8.30609E+04 -2.56710E+02  8.30609E+04 -2.56710E+02
    4.7405E+01  8.30609E+04 -2.56710E+02  8.30609E+04 -2.56710E+02  8.30609E+04 -2.56710E+02
    4.7458E+01  8.30609E+04 -2.56710E+02  8.30609E+04 -2.56710E+02  8.30609E+04 -2.56710E+02
    4.7511E+01  8.30609E+04 -2.56710E+02  8.30609E+04 -2.56710E+02  8.30609E+04 -2.56710E+02
    4.7564E+01  8.30609E+04 -2.56710E+02  8.30609E+04 -2.56710E+02  8.30609E+04 -2.56710E+02
    4.7617E+01  8.30609E+04 -2.56710E+02  8.30609E+04 -2.56710E+02  8.30609E+04 -2.56710E+02
    4.7670E+01  8.30609E+04 -2.56710E+02  8.30609E+04 -2.56710E+02  8.30609E+04 -2.56710E+02
    4.7722E+01  8.30609E+04 -2.56710E+02  8.30609E+04 -2.56710E+02  8.30609E+04 -2.56710E+02
    4.7775E+01  8.30609E+04 -2.56710E+02  8.30609E+04 -2.56710E+02  8.30609E+04 -2.56710E+02
    4.7828E+01  8.30609E+04 -2.56710E+02  8.30609E+04 -2.56710E+02  8.30609E+04 -2.56710E+02
    4.7881E+01  8.30609E+04 -2.56710E+02  8.30609E+04 -2.56710E+02  8.30609E+04 -2.56710E+02
    4.7934E+01  8.30609E+04 -2.56710E+02  8.30609E+04 -2.56710E+02  8.30609E+04 -2.56710E+02
    4.7987E+01  8.30609E+04 -2.56710E+02  8.30609E+04 -2.56710E+02  8.30609E+04 -2.56710E+02
    4.8039E+01  8.30609E+04 -2.56710E+02  8.30609E+04 -2.56710E+02  8.30609E+04 -2.56710E+02
    4.8092E+01  8.30609E+04 -2.56710E+02  8.30609E+04 -2.56710E+02  8.30609E+04 -2.56710E+02
    4.8145E+01  8.30609E+04 -2.56710E+02  8.30609E+04 -2.56710E+02  8.30609E+04 -2.56710E+02
    4.8198E+01  8.30609E+04 -2.56710E+02  8.30609E+04 -2.56710E+02  8.30609E+04 -2.56710E+02
    4.8251E+01  8.30609E+04 -2.56710E+02  8.30609E+04 -2.56710E+02  8.30609E+04 -2.56710E+02
    4.8304E+01  8.30609E+04 -2.56710E+02  8.30609E+04 -2.56710E+02  8.30609E+04 -2.56710E+02
    4.8357E+01  8.30609E+04 -2.56710E+02  8.30609E+04 -2.56710E+02  8.30609E+04 -2.56710E+02
    4.8409E+01  8.30609E+04 -2.56710E+02  8.30609E+04 -2.56710E+02  8.30609E+04 -2.56710E+02
    4.8462E+01  8.30609E+04 -2.56710E+02  8.30609E+04 -2.56710E+02  8.30609E+04 -2.56710E+02
    4.8515E+01  8.30609E+04 -2.56710E+02  8.30609E+04 -2.56710E+02  8.30609E+04 -2.56710E+02
    4.8568E+01  8.30609E+04 -2.56710E+02  8.30609E+04 -2.56710E+02  8.30609E+04 -2.56710E+02
    4.8621E+01  8.30609E+04 -2.56710E+02  8.30609E+04 -2.56710E+02  8.30609E+04 -2.56710E+02
    4.8674E+01  8.30609E+04 -2.56710E+02  8.30609E+04 -2.56710E+02  8.30609E+04 -2.56710E+02
    4.8726E+01  8.30609E+04 -2.56710E+02  8.30609E+04 -2.56710E+02  8.30609E+04 -2.56710E+02
    4.8779E+01  8.30609E+04 -2.56710E+02  8.30609E+04 -2.56710E+02  8.30609E+04 -2.56710E+02
    4.8832E+01  8.30609E+04 -2.56710E+02  8.30609E+04 -2.56710E+02  8.30609E+04 -2.56710E+02
    4.8885E+01  8.30609E+04 -2.56710E+02  8.30609E+04 -2.56710E+02  8.30609E+04 -2.56710E+02
    4.8938E+01  8.30609E+04 -2.56710E+02  8.30609E+04 -2.56710E+02  8.30609E+04 -2.56710E+02
    4.8991E+01  8.30609E+04 -2.56710E+02  8.30609E+04 -2.56710E+02  8.30609E+04 -2.56710E+02
    4.9044E+01  8.30609E+04 -2.56710E+02  8.30609E+04 -2.56710E+02  8.30609E+04 -2.56710E+02
    4.9096E+01  8.30609E+04 -2.56710E+02  8.30609E+04 -2.56710E+02  8.30609E+04 -2.56710E+02
    4.9149E+01  8.30609E+04 -2.56710E+02  8.30609E+04 -2.56710E+02  8.30609E+04 -2.56710E+02
    4.9202E+01  8.30609E+04 -2.56710E+02  8.30609E+04 -2.56710E+02  8.30609E+04 -2.56710E+02
    4.9255E+01  8.30609E+04 -2.56710E+02  8.30609E+04 -2.56710E+02  8.30609E+04 -2.56710E+02
    4.9308E+01  8.50695E+04 -2.59367E+02  8.50695E+04 -2.59367E+02  8.50695E+04 -2.59367E+02
    4.9361E+01  8.50695E+04 -2.59367E+02  8.50695E+04 -2.59367E+02  8.50695E+04 -2.59367E+02
    4.9414E+01  8.50695E+04 -2.59367E+02  8.50695E+04 -2.59367E+02  8.50695E+04 -2.59367E+02
    4.9466E+01  8.50695E+04 -2.59367E+02  8.50695E+04 -2.59367E+02  8.50695E+04 -2.59367E+02
    4.9519E+01  8.50695E+04 -2.59367E+02  8.50695E+04 -2.59367E+02  8.50695E+04 -2.59367E+02
    4.9572E+01  8.50695E+04 -2.59367E+02  8.50695E+04 -2.59367E+02  8.50695E+04 -2.59367E+02
    4.9625E+01  8.50695E+04 -2.59367E+02  8.50695E+04 -2.59367E+02  8.50695E+04 -2.59367E+02
    4.9678E+01  8.50695E+04 -2.59367E+02  8.50695E+04 -2.59367E+02  8.50695E+04 -2.59367E+02
    4.9731E+01  8.50695E+04 -2.59367E+02  8.50695E+04 -2.59367E+02  8.50695E+04 -2.59367E+02
    4.9783E+01  8.50695E+04 -2.59367E+02  8.50695E+04 -2.59367E+02  8.50695E+04 -2.59367E+02
    4.9836E+01  8.50695E+04 -2.59367E+02  8.50695E+04 -2.59367E+02  8.50695E+04 -2.59367E+02
    4.9889E+01  8.50695E+04 -2.59367E+02  8.50695E+04 -2.59367E+02  8.50695E+04 -2.59367E+02
    4.9942E+01  8.50695E+04 -2.59367E+02  8.50695E+04 -2.59367E+02  8.50695E+04 -2.59367E+02
    4.9995E+01  8.50695E+04 -2.59367E+02  8.50695E+04 -2.59367E+02  8.50695E+04 -2.59367E+02
    5.0048E+01  8.50695E+04 -2.59367E+02  8.50695E+04 -2.59367E+02  8.50695E+04 -2.59367E+02
    5.0101E+01  8.50695E+04 -2.59367E+02  8.50695E+04 -2.59367E+02  8.50695E+04 -2.59367E+02
    5.0153E+01  8.50695E+04 -2.59367E+02  8.50695E+04 -2.59367E+02  8.50695E+04 -2.59367E+02
    5.0206E+01  8.50695E+04 -2.59367E+02  8.50695E+04 -2.59367E+02  8.50695E+04 -2.59367E+02
    5.0259E+01  8.50695E+04 -2.59367E+02  8.50695E+04 -2.59367E+02  8.50695E+04 -2.59367E+02
    5.0312E+01  8.50695E+04 -2.59367E+02  8.50695E+04 -2.59367E+02  8.50695E+04 -2.59367E+02
    5.0365E+01  8.50695E+04 -2.59367E+02  8.50695E+04 -2.59367E+02  8.50695E+04 -2.59367E+02
    5.0418E+01  8.50695E+04 -2.59367E+02  8.50695E+04 -2.59367E+02  8.50695E+04 -2.59367E+02
    5.0470E+01  8.50695E+04 -2.59367E+02  8.50695E+04 -2.59367E+02  8.50695E+04 -2.59367E+02
    5.0523E+01  8.50695E+04 -2.59367E+02  8.50695E+04 -2.59367E+02  8.50695E+04 -2.59367E+02
    5.0576E+01  8.50695E+04 -2.59367E+02  8.50695E+04 -2.59367E+02  8.50695E+04 -2.59367E+02
    5.0629E+01  8.50695E+04 -2.59367E+02  8.50695E+04 -2.59367E+02  8.50695E+04 -2.59367E+02
    5.0682E+01  8.50695E+04 -2.59367E+02  8.50695E+04 -2.59367E+02  8.50695E+04 -2.59367E+02
    5.0735E+01  8.50695E+04 -2.59367E+02  8.50695E+04 -2.59367E+02  8.50695E+04 -2.59367E+02
    5.0788E+01  8.50695E+04 -2.59367E+02  8.50695E+04 -2.59367E+02  8.50695E+04 -2.59367E+02
    5.0840E+01  8.50695E+04 -2.59367E+02  8.50695E+04 -2.59367E+02  8.50695E+04 -2.59367E+02
    5.0893E+01  8.50695E+04 -2.59367E+02  8.50695E+04 -2.59367E+02  8.50695E+04 -2.59367E+02
    5.0946E+01  8.50695E+04 -2.59367E+02  8.50695E+04 -2.59367E+02  8.50695E+04 -2.59367E+02
    5.0999E+01  8.50695E+04 -2.59367E+02  8.50695E+04 -2.59367E+02  8.50695E+04 -2.59367E+02
    5.1052E+01  8.50695E+04 -2.59367E+02  8.50695E+04 -2.59367E+02  8.50695E+04 -2.59367E+02
    5.1105E+01  8.50695E+04 -2.59367E+02  8.50695E+04 -2.59367E+02  8.50695E+04 -2.59367E+02
    5.1158E+01  8.50695E+04 -2.59367E+02  8.50695E+04 -2.59367E+02  8.50695E+04 -2.59367E+02
    5.1210E+01  8.50695E+04 -2.59367E+02  8.50695E+04 -2.59367E+02  8.50695E+04 -2.59367E+02
    5.1263E+01  8.50695E+04 -2.59367E+02  8.50695E+04 -2.59367E+02  8.50695E+04 -2.59367E+02
    5.1316E+01  8.50695E+04 -2.59367E+02  8.50695E+04 -2.59367E+02  8.50695E+04 -2.59367E+02
    5.1369E+01  8.50695E+04 -2.59367E+02  8.50695E+04 -2.59367E+02  8.50695E+04 -2.59367E+02
    5.1422E+01  8.50695E+04 -2.59367E+02  8.50695E+04 -2.59367E+02  8.50695E+04 -2.59367E+02
    5.1475E+01  8.50695E+04 -2.59367E+02  8.50695E+04 -2.59367E+02  8.50695E+04 -2.59367E+02
    5.1527E+01  8.50695E+04 -2.59367E+02  8.50695E+04 -2.59367E+02  8.50695E+04 -2.59367E+02
    5.1580E+01  8.50695E+04 -2.59367E+02  8.50695E+04 -2.59367E+02  8.50695E+04 -2.59367E+02
    5.1633E+01  8.50695E+04 -2.59367E+02  8.50695E+04 -2.59367E+02  8.50695E+04 -2.59367E+02
    5.1686E+01  8.50695E+04 -2.59367E+02  8.50695E+04 -2.59367E+02  8.50695E+04 -2.59367E+02
    5.1739E+01  8.50695E+04 -2.59367E+02  8.50695E+04 -2.59367E+02  8.50695E+04 -2.59367E+02
    5.1792E+01  8.50695E+04 -2.59367E+02  8.50695E+04 -2.59367E+02  8.50695E+04 -2.59367E+02
    5.1845E+01  8.50695E+04 -2.59367E+02  8.50695E+04 -2.59367E+02  8.50695E+04 -2.59367E+02
    5.1897E+01  8.50695E+04 -2.59367E+02  8.50695E+04 -2.59367E+02  8.50695E+04 -2.59367E+02
    5.1950E+01  8.50695E+04 -2.59367E+02  8.50695E+04 -2.59367E+02  8.50695E+04 -2.59367E+02
    5.2003E+01  8.50695E+04 -2.59367E+02  8.50695E+04 -2.59367E+02  8.50695E+04 -2.59367E+02
    5.2056E+01  8.50695E+04 -2.59367E+02  8.50695E+04 -2.59367E+02  8.50695E+04 -2.59367E+02
    5.2109E+01  8.64007E+04 -2.60457E+02  8.64007E+04 -2.60457E+02  8.64007E+04 -2.60457E+02
    5.2162E+01  8.64007E+04 -2.60457E+02  8.64007E+04 -2.60457E+02  8.64007E+04 -2.60457E+02
    5.2214E+01  8.64007E+04 -2.60457E+02  8.64007E+04 -2.60457E+02  8.64007E+04 -2.60457E+02
    5.2267E+01  8.64007E+04 -2.60457E+02  8.64007E+04 -2.60457E+02  8.64007E+04 -2.60457E+02
    5.2320E+01  8.64007E+04 -2.60457E+02  8.64007E+04 -2.60457E+02  8.64007E+04 -2.60457E+02
    5.2373E+01  8.64007E+04 -2.60457E+02  8.64007E+04 -2.60457E+02  8.64007E+04 -2.60457E+02
    5.2426E+01  8.64007E+04 -2.60457E+02  8.64007E+04 -2.60457E+02  8.64007E+04 -2.60457E+02
    5.2479E+01  8.64007E+04 -2.60457E+02  8.64007E+04 -2.60457E+02  8.64007E+04 -2.60457E+02
    5.2532E+01  8.64007E+04 -2.60457E+02  8.64007E+04 -2.60457E+02  8.64007E+04 -2.60457E+02
    5.2584E+01  8.64007E+04 -2.60457E+02  8.64007E+04 -2.60457E+02  8.64007E+04 -2.60457E+02
    5.2637E+01  8.64007E+04 -2.60457E+02  8.64007E+04 -2.60457E+02  8.64007E+04 -2.60457E+02
    5.2690E+01  8.64007E+04 -2.60457E+02  8.64007E+04 -2.60457E+02  8.64007E+04 -2.60457E+02
    5.2743E+01  8.64007E+04 -2.60457E+02  8.64007E+04 -2.60457E+02  8.64007E+04 -2.60457E+02
    5.2796E+01  9.49803E+04 -2.82417E+02  9.49803E+04 -2.82417E+02  9.49803E+04 -2.82417E+02
