        1038    5    7.7829    3.2125E+01
        1039    5    7.7487    3.5315E+01
        1040    5    7.7442    3.5168E+01
        1041    5    7.7662    3.3174E+01
        1099    5    7.6914    3.5481E+01
        1100    5    7.6647    3.3142E+01
        1101    5    7.6652    3.2440E+01
        1102    5    7.6915    3.3653E+01
        1103    5    7.7424    3.3762E+01
        1160    5    7.6167    2.8237E+01
        1161    5    7.5962    2.4955E+01
        1162    5    7.6015    2.4765E+01
        1163    5    7.6330    2.7934E+01
        1164    5    7.6892    3.2493E+01
        1165    5    7.7620    3.2129E+01
        1221    5    7.5549    1.8998E+01
        1222    5    7.5392    1.6313E+01
        1223    5    7.5501    1.6971E+01
        1224    5    7.5882    2.1903E+01
        1225    5    7.6498    2.9256E+01
        1226    5    7.7227    3.3789E+01
        1227    5    7.7893    2.9315E+01
        1282    5    7.5024    1.1657E+01
        1283    5    7.4916    1.0023E+01
        1284    5    7.5093    1.1466E+01
        1285    5    7.5551    1.7354E+01
        1286    5    7.6209    2.6408E+01
        1287    5    7.6901    3.3175E+01
        1288    5    7.7455    3.4171E+01
        1289    5    7.7811    3.1278E+01
        1343    5    7.4582    5.5720E+00
        1344    5    7.4530    4.9314E+00
        1345    5    7.4788    7.9949E+00
        1346    5    7.5321    1.4654E+01
        1347    5    7.5994    2.4243E+01
        1348    5    7.6610    3.1547E+01
        1349    5    7.7046    3.5150E+01
        1350    5    7.7320    3.5650E+01
        1351    5    7.7516    3.5153E+01
        1352    5    7.7709    3.3465E+01
        1404    5    7.4232    3.1962E+00
        1405    5    7.4248    3.1225E+00
        1406    5    7.4592    5.4610E+00
        1407    5    7.5182    1.3333E+01
        1408    5    7.5830    2.2331E+01
        1409    5    7.6348    2.9332E+01
        1410    5    7.6688    3.3110E+01
        1411    5    7.6921    3.5312E+01
        1412    5    7.7129    3.6468E+01
        1413    5    7.7372    3.6300E+01
        1414    5    7.7689    3.3906E+01
        1465    5    7.3995    1.2509E+00
        1466    5    7.4084    2.0168E+00
        1467    5    7.4504    4.4751E+00
        1468    5    7.5122    1.3195E+01
        1469    5    7.5711    2.0972E+01
        1470    5    7.6127    2.6952E+01
        1471    5    7.6403    3.0645E+01
        1472    5    7.6626    3.3185E+01
        1473    5    7.6864    3.5420E+01
        1474    5    7.7161    3.6806E+01
        1475    5    7.7541    3.5486E+01
        1526    5    7.3882    7.9310E-01
        1527    5    7.4043    1.4640E+00
        1528    5    7.4524    4.6637E+00
        1529    5    7.5135    1.3201E+01
        1530    5    7.5635    2.0097E+01
        1531    5    7.5962    2.4984E+01
        1532    5    7.6201    2.8581E+01
        1533    5    7.6433    3.1499E+01
        1534    5    7.6711    3.4306E+01
        1535    5    7.7061    3.6754E+01
        1536    5    7.7494    3.5866E+01
        1587    5    7.3898    8.0949E-01
        1588    5    7.4125    2.5192E+00
        1589    5    7.4647    6.7812E+00
        1590    5    7.5211    1.4090E+01
        1591    5    7.5600    2.0052E+01
        1592    5    7.5856    2.3719E+01
        1593    5    7.6081    2.7222E+01
        1594    5    7.6339    3.0507E+01
        1595    5    7.6660    3.3909E+01
        1648    5    7.4041    1.8727E+00
        1648    6    7.7384    3.8895E+01
        1649    5    7.4329    3.5895E+00
        1649    6    7.7105    3.9130E+01
        1650    5    7.4865    9.4982E+00
        1650    6    7.7319    3.8565E+01
        1651    5    7.5323    1.5900E+01
        1652    5    7.5594    2.0535E+01
        1653    5    7.5806    2.3273E+01
        1654    5    7.6042    2.6792E+01
        1709    5    7.4310    3.5534E+00
        1709    6    7.6523    3.5228E+01
        1710    5    7.4651    7.4135E+00
        1710    6    7.6331    3.2884E+01
        1711    5    7.5140    1.3967E+01
        1711    6    7.6714    3.6188E+01
        1712    5    7.5415    1.7871E+01
        1713    5    7.5595    2.0846E+01
        1770    5    7.4699    8.0664E+00
        1770    6    7.5809    2.5267E+01
        1771    5    7.5073    1.3226E+01
        1771    6    7.5697    2.3594E+01
        1772    5    7.5305    1.6652E+01
        1772    6    7.6441    3.3479E+01
        1831    5    7.5202    1.5529E+01
        1831    6    7.5202    1.5423E+01
        4700    5    7.7158    3.5893E+01
        4701    5    7.7138    3.5351E+01
        4702    5    7.7387    3.4526E+01
        4703    5    7.7887    2.9778E+01
        4761    5    7.6388    3.0103E+01
        4762    5    7.6423    2.9767E+01
        4763    5    7.6725    3.1905E+01
        4764    5    7.7281    3.3842E+01
        4822    5    7.5761    2.1483E+01
        4823    5    7.5853    2.2009E+01
        4824    5    7.6220    2.6338E+01
        4825    5    7.6836    3.2018E+01
        4826    5    7.7601    3.2358E+01
        4883    5    7.5248    1.4137E+01
        4884    5    7.5406    1.5417E+01
        4885    5    7.5849    2.1393E+01
        4886    5    7.6520    2.9627E+01
        4887    5    7.7270    3.4057E+01
        4888    5    7.7915    2.9184E+01
        4944    5    7.4833    8.4687E+00
        4945    5    7.5069    1.1115E+01
        4946    5    7.5592    1.8101E+01
        4947    5    7.6296    2.7818E+01
        4948    5    7.6990    3.4211E+01
        4949    5    7.7510    3.4278E+01
        4950    5    7.7834    3.1204E+01
        5005    5    7.4517    4.4197E+00
        5006    5    7.4839    8.6545E+00
        5007    5    7.5433    1.6358E+01
        5008    5    7.6135    2.6493E+01
        5009    5    7.6735    3.3019E+01
        5010    5    7.7137    3.5758E+01
        5011    5    7.7392    3.5788E+01
        5012    5    7.7588    3.4849E+01
        5013    5    7.7801    3.2397E+01
        5066    5    7.4312    3.1355E+00
        5067    5    7.4717    7.5433E+00
        5068    5    7.5357    1.5823E+01
        5069    5    7.6017    2.5405E+01
        5070    5    7.6508    3.1501E+01
        5071    5    7.6821    3.4621E+01
        5072    5    7.7045    3.6356E+01
        5073    5    7.7262    3.6695E+01
        5074    5    7.7527    3.5750E+01
        5075    5    7.7872    3.1354E+01
        5127    5    7.4222    2.7765E+00
        5128    5    7.4698    7.5508E+00
        5129    5    7.5355    1.6011E+01
        5130    5    7.5937    2.4506E+01
        5131    5    7.6323    2.9861E+01
        5132    5    7.6579    3.2959E+01
        5133    5    7.6801    3.5126E+01
        5134    5    7.7053    3.6876E+01
        5135    5    7.7372    3.6741E+01
        5136    5    7.7777    3.2965E+01
        5188    5    7.4249    2.8713E+00
        5189    5    7.4782    8.5446E+00
        5190    5    7.5419    1.7035E+01
        5191    5    7.5897    2.4215E+01
        5192    5    7.6193    2.8798E+01
        5193    5    7.6420    3.1674E+01
        5194    5    7.6658    3.4140E+01
        5195    5    7.6952    3.6543E+01
        5196    5    7.7324    3.6948E+01
        5249    5    7.4394    3.7564E+00
        5249    6    7.7720    3.5576E+01
        5250    5    7.4965    1.0779E+01
        5250    6    7.7819    3.3889E+01
        5251    5    7.5537    1.9346E+01
        5252    5    7.5889    2.4611E+01
        5253    5    7.6119    2.8185E+01
        5254    5    7.6342    3.0973E+01
        5255    5    7.6613    3.3824E+01
        5310    5    7.4656    7.2981E+00
        5310    6    7.6864    3.7783E+01
        5311    5    7.5242    1.5105E+01
        5311    6    7.7086    3.8586E+01
        5312    5    7.5670    2.1841E+01
        5313    5    7.5895    2.5133E+01
        5314    5    7.6096    2.8030E+01
        5371    5    7.5038    1.2414E+01
        5371    6    7.6152    3.0189E+01
        5372    5    7.5546    2.0282E+01
        5372    6    7.6561    3.4743E+01
        5373    5    7.5735    2.2958E+01
        5432    5    7.5533    2.0562E+01
        5432    6    7.5548    2.0576E+01
        8362    5    7.7135    3.4948E+01
        8363    5    7.7433    3.4020E+01
        8423    5    7.6486    2.9950E+01
        8424    5    7.6859    3.2563E+01
        8425    5    7.7506    3.3038E+01
        8484    5    7.5992    2.3598E+01
        8485    5    7.6450    2.8878E+01
        8486    5    7.7170    3.3808E+01
        8545    5    7.5632    1.8485E+01
        8546    5    7.6182    2.6023E+01
        8547    5    7.6961    3.3487E+01
        8548    5    7.7789    3.1052E+01
        8606    5    7.5392    1.5399E+01
        8607    5    7.6028    2.4625E+01
        8608    5    7.6836    3.3309E+01
        8609    5    7.7590    3.3696E+01
        8667    5    7.5258    1.4279E+01
        8668    5    7.5966    2.4510E+01
        8669    5    7.6763    3.3401E+01
        8670    5    7.7405    3.5395E+01
        8671    5    7.7805    3.2015E+01
        8728    5    7.5223    1.4256E+01
        8729    5    7.5979    2.5215E+01
        8730    5    7.6725    3.3570E+01
        8731    5    7.7238    3.6294E+01
        8732    5    7.7541    3.5483E+01
        8733    5    7.7757    3.3300E+01
        8789    5    7.5279    1.5230E+01
        8790    5    7.6059    2.6548E+01
        8791    5    7.6716    3.3922E+01
        8792    5    7.7105    3.6801E+01
        8793    5    7.7347    3.6910E+01
        8794    5    7.7563    3.5868E+01
        8795    5    7.7820    3.2593E+01
        8850    5    7.5429    1.7416E+01
        8851    5    7.6206    2.8822E+01
        8852    5    7.6735    3.4576E+01
        8853    5    7.7017    3.6987E+01
        8854    5    7.7231    3.7435E+01
        8855    5    7.7469    3.6779E+01
        8856    5    7.7772    3.3449E+01
        8911    5    7.5679    2.1661E+01
        8911    6    7.7838    3.3239E+01
        8912    5    7.6409    3.1591E+01
        8913    5    7.6769    3.5304E+01
        8914    5    7.6976    3.7080E+01
        8915    5    7.7195    3.7583E+01
        8972    5    7.6042    2.7518E+01
        8972    6    7.7134    3.8199E+01
        8973    5    7.6602    3.3839E+01
        8974    5    7.6787    3.5648E+01
        9033    5    7.6519    3.3623E+01
        9033    6    7.6541    3.3888E+01
       12024    5    7.7804    3.0761E+01
       12085    5    7.7329    3.3766E+01
       12146    5    7.7030    3.3506E+01
       12147    5    7.7901    2.9096E+01
       12207    5    7.6873    3.2975E+01
       12208    5    7.7812    3.0772E+01
       12268    5    7.6820    3.3301E+01
       12269    5    7.7799    3.1429E+01
       12329    5    7.6845    3.4201E+01
       12330    5    7.7829    3.1417E+01
       12390    5    7.6931    3.5405E+01
       12391    5    7.7891    3.0691E+01
       12451    5    7.7081    3.6573E+01
       12512    5    7.7313    3.6952E+01
       12573    5    7.7646    3.5338E+01
