    0.0000E+00  0.00000E+00  0.00000E+00  0.00000E+00  0.00000E+00
    4.5613E-02  0.00000E+00  0.00000E+00  0.00000E+00  0.00000E+00
    9.1227E-02  0.00000E+00  0.00000E+00  0.00000E+00  0.00000E+00
    1.3684E-01  0.00000E+00  0.00000E+00  0.00000E+00  0.00000E+00
    1.8245E-01  0.00000E+00  0.00000E+00  0.00000E+00  0.00000E+00
    2.2807E-01 -2.02464E-01 -2.55199E-02  0.00000E+00  0.00000E+00
    2.7368E-01 -2.02464E-01 -2.55199E-02  0.00000E+00  0.00000E+00
    3.1929E-01 -2.02464E-01 -2.55199E-02  0.00000E+00  0.00000E+00
    3.6491E-01 -2.02464E-01 -2.55199E-02  0.00000E+00  0.00000E+00
    4.1052E-01 -2.02464E-01 -2.55199E-02  0.00000E+00  0.00000E+00
    4.5613E-01 -2.02464E-01 -2.55199E-02  0.00000E+00  0.00000E+00
    5.0175E-01 -2.02464E-01 -2.55199E-02  0.00000E+00  0.00000E+00
    5.4736E-01 -2.02464E-01 -2.55199E-02  0.00000E+00  0.00000E+00
    5.9297E-01 -2.02464E-01 -2.55199E-02  0.00000E+00  0.00000E+00
    6.3859E-01 -2.02464E-01 -2.55199E-02  0.00000E+00  0.00000E+00
    6.8420E-01 -2.02464E-01 -2.55199E-02  0.00000E+00  0.00000E+00
    7.2981E-01 -2.02464E-01 -2.55199E-02  0.00000E+00  0.00000E+00
    7.7543E-01 -2.02464E-01 -2.55199E-02  0.00000E+00  0.00000E+00
    8.2104E-01 -2.02464E-01 -2.55199E-02  0.00000E+00  0.00000E+00
    8.6665E-01 -2.02464E-01 -2.55199E-02  0.00000E+00  0.00000E+00
    9.1227E-01 -2.02464E-01 -2.55199E-02  0.00000E+00  0.00000E+00
    9.5788E-01 -2.02464E-01 -2.55199E-02  0.00000E+00  0.00000E+00
    1.0035E+00 -2.02464E-01 -2.55199E-02  0.00000E+00  0.00000E+00
    1.0491E+00 -2.02464E-01 -2.55199E-02  0.00000E+00  0.00000E+00
    1.0947E+00 -2.02464E-01 -2.55199E-02  0.00000E+00  0.00000E+00
    1.1403E+00 -2.02464E-01 -2.55199E-02  0.00000E+00  0.00000E+00
    1.1859E+00 -2.02464E-01 -2.55199E-02  0.00000E+00  0.00000E+00
    1.2316E+00 -2.02464E-01 -2.55199E-02  0.00000E+00  0.00000E+00
    1.2772E+00 -2.02464E-01 -2.55199E-02  0.00000E+00  0.00000E+00
    1.3228E+00 -2.02464E-01 -2.55199E-02  0.00000E+00  0.00000E+00
    1.3684E+00 -2.02464E-01 -2.55199E-02  0.00000E+00  0.00000E+00
    1.4140E+00 -2.02464E-01 -2.55199E-02  0.00000E+00  0.00000E+00
    1.4596E+00 -2.02464E-01 -2.55199E-02  0.00000E+00  0.00000E+00
    1.5052E+00 -2.02464E-01 -2.55199E-02  0.00000E+00  0.00000E+00
    1.5509E+00 -2.02464E-01 -2.55199E-02  0.00000E+00  0.00000E+00
    1.5965E+00 -2.02464E-01 -2.55199E-02  0.00000E+00  0.00000E+00
    1.6421E+00 -2.02464E-01 -2.55199E-02  0.00000E+00  0.00000E+00
    1.6877E+00 -2.02464E-01 -2.55199E-02  0.00000E+00  0.00000E+00
    1.7333E+00 -2.02464E-01 -2.55199E-02  0.00000E+00  0.00000E+00
    1.7789E+00 -2.02464E-01 -2.55199E-02  0.00000E+00  0.00000E+00
    1.8245E+00 -2.02464E-01 -2.55199E-02  0.00000E+00  0.00000E+00
    1.8701E+00 -2.02464E-01 -2.55199E-02  0.00000E+00  0.00000E+00
    1.9158E+00 -2.02464E-01 -2.55199E-02  0.00000E+00  0.00000E+00
    1.9614E+00 -2.02464E-01 -2.55199E-02  0.00000E+00  0.00000E+00
    2.0070E+00 -2.02464E-01 -2.55199E-02  0.00000E+00  0.00000E+00
    2.0526E+00 -2.02464E-01 -2.55199E-02  0.00000E+00  0.00000E+00
    2.0982E+00 -2.02464E-01 -2.55199E-02  0.00000E+00  0.00000E+00
    2.1438E+00 -2.02464E-01 -2.55199E-02  0.00000E+00  0.00000E+00
    2.1894E+00 -2.02464E-01 -2.55199E-02  0.00000E+00  0.00000E+00
    2.2351E+00 -2.02464E-01 -2.55199E-02  0.00000E+00  0.00000E+00
    2.2807E+00 -2.02464E-01 -2.55199E-02  0.00000E+00  0.00000E+00
    2.3263E+00 -2.02464E-01 -2.55199E-02  0.00000E+00  0.00000E+00
    2.3719E+00 -2.02464E-01 -2.55199E-02  0.00000E+00  0.00000E+00
    2.4175E+00 -2.02464E-01 -2.55199E-02  0.00000E+00  0.00000E+00
    2.4631E+00 -2.02464E-01 -2.55199E-02  0.00000E+00  0.00000E+00
    2.5087E+00 -2.02464E-01 -2.55199E-02  0.00000E+00  0.00000E+00
    2.5543E+00 -2.02464E-01 -2.55199E-02  0.00000E+00  0.00000E+00
    2.6000E+00 -2.02464E-01 -2.55199E-02  0.00000E+00  0.00000E+00
    2.6456E+00 -2.02464E-01 -2.55199E-02  0.00000E+00  0.00000E+00
    2.6912E+00 -2.02464E-01 -2.55199E-02  0.00000E+00  0.00000E+00
    2.7368E+00 -2.02464E-01 -2.55199E-02  0.00000E+00  0.00000E+00
    2.7824E+00 -2.02464E-01 -2.55199E-02  0.00000E+00  0.00000E+00
    2.8280E+00 -2.02464E-01 -2.55199E-02  0.00000E+00  0.00000E+00
    2.8736E+00 -2.02464E-01 -2.55199E-02  0.00000E+00  0.00000E+00
    2.9193E+00 -2.02464E-01 -2.55199E-02  0.00000E+00  0.00000E+00
    2.9649E+00 -2.02464E-01 -2.55199E-02  0.00000E+00  0.00000E+00
    3.0105E+00 -2.02464E-01 -2.55199E-02  0.00000E+00  0.00000E+00
    3.0561E+00 -2.02464E-01 -2.55199E-02  0.00000E+00  0.00000E+00
    3.1017E+00 -2.02464E-01 -2.55199E-02  0.00000E+00  0.00000E+00
    3.1473E+00 -2.02464E-01 -2.55199E-02  0.00000E+00  0.00000E+00
    3.1929E+00 -2.02464E-01 -2.55199E-02  0.00000E+00  0.00000E+00
    3.2385E+00 -2.02464E-01 -2.55199E-02  0.00000E+00  0.00000E+00
    3.2842E+00 -2.88523E-01 -1.11579E-01  0.00000E+00  0.00000E+00
    3.3298E+00 -2.88523E-01 -1.11579E-01  0.00000E+00  0.00000E+00
    3.3754E+00 -2.88523E-01 -1.11579E-01  0.00000E+00  0.00000E+00
    3.4210E+00 -2.88523E-01 -1.11579E-01  0.00000E+00  0.00000E+00
    3.4666E+00 -2.88523E-01 -1.11579E-01  0.00000E+00  0.00000E+00
    3.5122E+00 -2.88523E-01 -1.11579E-01  0.00000E+00  0.00000E+00
    3.5578E+00 -2.88523E-01 -1.11579E-01  0.00000E+00  0.00000E+00
    3.6035E+00 -2.88523E-01 -1.11579E-01  0.00000E+00  0.00000E+00
    3.6491E+00 -3.29915E-01 -1.52970E-01  0.00000E+00  0.00000E+00
    3.6947E+00 -3.29915E-01 -1.52970E-01  0.00000E+00  0.00000E+00
    3.7403E+00 -5.22504E-01 -1.52970E-01  0.00000E+00  0.00000E+00
    3.7859E+00 -5.22504E-01 -1.52970E-01  0.00000E+00  0.00000E+00
    3.8315E+00 -5.22504E-01 -1.52970E-01  0.00000E+00  0.00000E+00
    3.8771E+00 -5.22504E-01 -1.52970E-01  0.00000E+00  0.00000E+00
    3.9227E+00 -5.22504E-01 -1.52970E-01  0.00000E+00  0.00000E+00
    3.9684E+00 -5.22504E-01 -1.52970E-01  0.00000E+00  0.00000E+00
    4.0140E+00 -5.22504E-01 -1.52970E-01  0.00000E+00  0.00000E+00
    4.0596E+00 -5.22504E-01 -1.52970E-01  0.00000E+00  0.00000E+00
    4.1052E+00 -5.22504E-01 -1.52970E-01  0.00000E+00  0.00000E+00
    4.1508E+00 -5.22504E-01 -1.52970E-01  0.00000E+00  0.00000E+00
    4.1964E+00 -5.22504E-01 -1.52970E-01  0.00000E+00  0.00000E+00
    4.2420E+00 -5.22504E-01 -1.52970E-01  0.00000E+00  0.00000E+00
    4.2877E+00 -5.22504E-01 -1.52970E-01  0.00000E+00  0.00000E+00
    4.3333E+00 -5.22504E-01 -1.52970E-01  0.00000E+00  0.00000E+00
    4.3789E+00 -5.22504E-01 -1.52970E-01  0.00000E+00  0.00000E+00
    4.4245E+00 -5.22504E-01 -1.52970E-01  0.00000E+00  0.00000E+00
    4.4701E+00 -5.22504E-01 -1.52970E-01  0.00000E+00  0.00000E+00
    4.5157E+00 -5.22504E-01 -1.52970E-01  0.00000E+00  0.00000E+00
    4.5613E+00 -5.22504E-01 -1.52970E-01  0.00000E+00  0.00000E+00
    4.6069E+00 -5.22504E-01 -1.52970E-01  0.00000E+00  0.00000E+00
    4.6526E+00 -5.22504E-01 -1.52970E-01  0.00000E+00  0.00000E+00
    4.6982E+00 -5.22504E-01 -1.52970E-01  0.00000E+00  0.00000E+00
    4.7438E+00 -5.22504E-01 -1.52970E-01  0.00000E+00  0.00000E+00
    4.7894E+00 -5.22504E-01 -1.52970E-01  0.00000E+00  0.00000E+00
    4.8350E+00 -5.22504E-01 -1.52970E-01  0.00000E+00  0.00000E+00
    4.8806E+00 -5.22504E-01 -1.52970E-01  0.00000E+00  0.00000E+00
    4.9262E+00 -5.22504E-01 -1.52970E-01  0.00000E+00  0.00000E+00
    4.9719E+00 -5.22504E-01 -1.52970E-01  0.00000E+00  0.00000E+00
    5.0175E+00 -5.22504E-01 -1.52970E-01  0.00000E+00  0.00000E+00
    5.0631E+00 -5.22504E-01 -1.52970E-01  0.00000E+00  0.00000E+00
    5.1087E+00 -5.22504E-01 -1.52970E-01  0.00000E+00  0.00000E+00
    5.1543E+00 -5.22504E-01 -1.52970E-01  0.00000E+00  0.00000E+00
    5.1999E+00 -5.22504E-01 -1.52970E-01  0.00000E+00  0.00000E+00
    5.2455E+00 -5.22504E-01 -1.52970E-01  0.00000E+00  0.00000E+00
    5.2911E+00 -5.22504E-01 -1.52970E-01  0.00000E+00  0.00000E+00
    5.3368E+00 -5.22504E-01 -1.52970E-01  0.00000E+00  0.00000E+00
    5.3824E+00 -5.22504E-01 -1.52970E-01  0.00000E+00  0.00000E+00
    5.4280E+00 -5.22504E-01 -1.52970E-01  0.00000E+00  0.00000E+00
    5.4736E+00 -5.22504E-01 -1.52970E-01  0.00000E+00  0.00000E+00
    5.5192E+00 -5.22504E-01 -1.52970E-01  0.00000E+00  0.00000E+00
    5.5648E+00 -5.22504E-01 -1.52970E-01  0.00000E+00  0.00000E+00
    5.6104E+00 -5.22504E-01 -1.52970E-01  0.00000E+00  0.00000E+00
    5.6560E+00 -5.22504E-01 -1.52970E-01  0.00000E+00  0.00000E+00
    5.7017E+00 -5.22504E-01 -1.52970E-01  0.00000E+00  0.00000E+00
    5.7473E+00 -5.22504E-01 -1.52970E-01  0.00000E+00  0.00000E+00
    5.7929E+00 -5.22504E-01 -1.52970E-01  0.00000E+00  0.00000E+00
    5.8385E+00 -5.22504E-01 -1.52970E-01  0.00000E+00  0.00000E+00
    5.8841E+00 -5.92005E-01 -1.52970E-01  0.00000E+00  0.00000E+00
    5.9297E+00 -5.92005E-01 -1.52970E-01  0.00000E+00  0.00000E+00
    5.9753E+00 -5.92005E-01 -1.52970E-01  0.00000E+00  0.00000E+00
    6.0210E+00 -8.72672E-01 -1.52970E-01  0.00000E+00  0.00000E+00
    6.0666E+00 -8.72672E-01 -1.52970E-01  0.00000E+00  0.00000E+00
    6.1122E+00 -8.72672E-01 -1.52970E-01  0.00000E+00  0.00000E+00
    6.1578E+00 -8.72672E-01 -1.52970E-01  0.00000E+00  0.00000E+00
    6.2034E+00 -8.72672E-01 -1.52970E-01  0.00000E+00  0.00000E+00
    6.2490E+00 -8.73200E-01 -1.52970E-01  0.00000E+00  0.00000E+00
    6.2946E+00 -8.76854E-01 -1.52970E-01  0.00000E+00  0.00000E+00
    6.3402E+00 -8.83743E-01 -1.52970E-01  0.00000E+00  0.00000E+00
    6.3859E+00 -8.83743E-01 -1.52970E-01  0.00000E+00  0.00000E+00
    6.4315E+00 -9.25653E-01 -1.52970E-01  0.00000E+00  0.00000E+00
    6.4771E+00 -9.37521E-01 -1.52970E-01  0.00000E+00  0.00000E+00
    6.5227E+00 -9.37521E-01 -1.52970E-01  0.00000E+00  0.00000E+00
    6.5683E+00 -9.37521E-01 -1.52970E-01  0.00000E+00  0.00000E+00
    6.6139E+00 -9.37920E-01 -1.52970E-01  0.00000E+00  0.00000E+00
    6.6595E+00 -9.38052E-01 -1.52970E-01  0.00000E+00  0.00000E+00
    6.7052E+00 -9.38052E-01 -1.52970E-01  0.00000E+00  0.00000E+00
    6.7508E+00 -9.39128E-01 -1.52970E-01  0.00000E+00  0.00000E+00
    6.7964E+00 -1.07696E+00 -1.52970E-01  0.00000E+00  0.00000E+00
    6.8420E+00 -1.07696E+00 -1.52970E-01  0.00000E+00  0.00000E+00
    6.8876E+00 -1.07696E+00 -1.52970E-01  0.00000E+00  0.00000E+00
    6.9332E+00 -1.07696E+00 -1.52970E-01  0.00000E+00  0.00000E+00
    6.9788E+00 -1.07696E+00 -1.52970E-01  0.00000E+00  0.00000E+00
    7.0244E+00 -1.11097E+00 -1.52970E-01  0.00000E+00  0.00000E+00
    7.0701E+00 -1.11108E+00 -1.52970E-01  0.00000E+00  0.00000E+00
    7.1157E+00 -1.11108E+00 -1.52970E-01  0.00000E+00  0.00000E+00
    7.1613E+00 -1.11134E+00 -1.52970E-01  0.00000E+00  0.00000E+00
    7.2069E+00 -1.11134E+00 -1.52970E-01  0.00000E+00  0.00000E+00
    7.2525E+00 -1.11392E+00 -1.52970E-01  0.00000E+00  0.00000E+00
    7.2981E+00 -1.11394E+00 -1.52970E-01  0.00000E+00  0.00000E+00
    7.3437E+00 -1.11399E+00 -1.52970E-01  0.00000E+00  0.00000E+00
    7.3894E+00 -1.11399E+00 -1.52970E-01  0.00000E+00  0.00000E+00
    7.4350E+00 -1.11399E+00 -1.52970E-01  0.00000E+00  0.00000E+00
    7.4806E+00 -1.11399E+00 -1.52970E-01  0.00000E+00  0.00000E+00
    7.5262E+00 -1.11399E+00 -1.52970E-01  0.00000E+00  0.00000E+00
    7.5718E+00 -1.11399E+00 -1.52970E-01  0.00000E+00  0.00000E+00
    7.6174E+00 -1.11399E+00 -1.52970E-01  0.00000E+00  0.00000E+00
    7.6630E+00 -1.11399E+00 -1.52970E-01  0.00000E+00  0.00000E+00
    7.7086E+00 -1.11399E+00 -1.52970E-01  0.00000E+00  0.00000E+00
    7.7543E+00 -1.11399E+00 -1.52970E-01  0.00000E+00  0.00000E+00
    7.7999E+00 -1.11399E+00 -1.52970E-01  0.00000E+00  0.00000E+00
    7.8455E+00 -1.11468E+00 -1.52970E-01  0.00000E+00  0.00000E+00
    7.8911E+00 -1.11468E+00 -1.52970E-01  0.00000E+00  0.00000E+00
    7.9367E+00 -1.13758E+00 -1.52970E-01  0.00000E+00  0.00000E+00
    7.9823E+00 -1.13758E+00 -1.52970E-01  0.00000E+00  0.00000E+00
    8.0279E+00 -1.13758E+00 -1.52970E-01  0.00000E+00  0.00000E+00
    8.0736E+00 -1.13758E+00 -1.52970E-01  0.00000E+00  0.00000E+00
    8.1192E+00 -1.13763E+00 -1.52970E-01  0.00000E+00  0.00000E+00
    8.1648E+00 -1.13764E+00 -1.52970E-01  0.00000E+00  0.00000E+00
    8.2104E+00 -1.57230E+00 -5.87626E-01  0.00000E+00  0.00000E+00
    8.2560E+00 -1.57230E+00 -5.87626E-01  0.00000E+00  0.00000E+00
    8.3016E+00 -1.57230E+00 -5.87626E-01  0.00000E+00  0.00000E+00
    8.3472E+00 -1.57230E+00 -5.87626E-01  0.00000E+00  0.00000E+00
    8.3928E+00 -1.57230E+00 -5.87626E-01  0.00000E+00  0.00000E+00
    8.4385E+00 -1.57230E+00 -5.87626E-01  0.00000E+00  0.00000E+00
    8.4841E+00 -1.57230E+00 -5.87626E-01  0.00000E+00  0.00000E+00
    8.5297E+00 -1.57230E+00 -5.87626E-01  0.00000E+00  0.00000E+00
    8.5753E+00 -1.57662E+00 -5.89677E-01  0.00000E+00  0.00000E+00
    8.6209E+00 -1.57662E+00 -5.89677E-01  0.00000E+00  0.00000E+00
    8.6665E+00 -1.57662E+00 -5.89677E-01  0.00000E+00  0.00000E+00
    8.7121E+00 -1.57662E+00 -5.89677E-01  0.00000E+00  0.00000E+00
    8.7578E+00 -1.57662E+00 -5.89677E-01  0.00000E+00  0.00000E+00
    8.8034E+00 -1.57662E+00 -5.89677E-01  0.00000E+00  0.00000E+00
    8.8490E+00 -1.57675E+00 -5.89677E-01  0.00000E+00  0.00000E+00
    8.8946E+00 -1.57675E+00 -5.89677E-01  0.00000E+00  0.00000E+00
    8.9402E+00 -1.58817E+00 -5.89677E-01  0.00000E+00  0.00000E+00
    8.9858E+00 -1.58817E+00 -5.89677E-01  0.00000E+00  0.00000E+00
    9.0314E+00 -1.58817E+00 -5.89677E-01  0.00000E+00  0.00000E+00
    9.0770E+00 -1.58817E+00 -5.89677E-01  0.00000E+00  0.00000E+00
    9.1227E+00 -1.58817E+00 -5.89677E-01  0.00000E+00  0.00000E+00
    9.1683E+00 -1.58817E+00 -5.89677E-01  0.00000E+00  0.00000E+00
    9.2139E+00 -1.70848E+00 -5.89677E-01  0.00000E+00  0.00000E+00
    9.2595E+00 -1.70848E+00 -5.89677E-01  0.00000E+00  0.00000E+00
    9.3051E+00 -1.70848E+00 -5.89677E-01  0.00000E+00  0.00000E+00
    9.3507E+00 -1.70848E+00 -5.89677E-01  0.00000E+00  0.00000E+00
    9.3963E+00 -1.70848E+00 -5.89677E-01  0.00000E+00  0.00000E+00
    9.4420E+00 -1.70848E+00 -5.89677E-01  0.00000E+00  0.00000E+00
    9.4876E+00 -1.70865E+00 -5.89677E-01  0.00000E+00  0.00000E+00
    9.5332E+00 -1.70865E+00 -5.89677E-01  0.00000E+00  0.00000E+00
    9.5788E+00 -1.70865E+00 -5.89677E-01  0.00000E+00  0.00000E+00
    9.6244E+00 -1.70865E+00 -5.89677E-01  0.00000E+00  0.00000E+00
    9.6700E+00 -1.70865E+00 -5.89677E-01  0.00000E+00  0.00000E+00
    9.7156E+00 -1.70865E+00 -5.89677E-01  0.00000E+00  0.00000E+00
    9.7612E+00 -1.70865E+00 -5.89677E-01  0.00000E+00  0.00000E+00
    9.8069E+00 -1.70865E+00 -5.89677E-01  0.00000E+00  0.00000E+00
    9.8525E+00 -1.70865E+00 -5.89677E-01  0.00000E+00  0.00000E+00
    9.8981E+00 -1.70865E+00 -5.89677E-01  0.00000E+00  0.00000E+00
    9.9437E+00 -1.70865E+00 -5.89677E-01  0.00000E+00  0.00000E+00
    9.9893E+00 -1.70865E+00 -5.89677E-01  0.00000E+00  0.00000E+00
    1.0035E+01 -1.70865E+00 -5.89677E-01  0.00000E+00  0.00000E+00
    1.0081E+01 -1.70865E+00 -5.89677E-01  0.00000E+00  0.00000E+00
    1.0126E+01 -1.70865E+00 -5.89677E-01  0.00000E+00  0.00000E+00
    1.0172E+01 -1.70952E+00 -5.89677E-01  0.00000E+00  0.00000E+00
    1.0217E+01 -1.71003E+00 -5.89677E-01  0.00000E+00  0.00000E+00
    1.0263E+01 -1.71003E+00 -5.89677E-01  0.00000E+00  0.00000E+00
    1.0309E+01 -1.71003E+00 -5.89677E-01  0.00000E+00  0.00000E+00
    1.0354E+01 -1.71003E+00 -5.89677E-01  0.00000E+00  0.00000E+00
    1.0400E+01 -1.71012E+00 -5.89677E-01  0.00000E+00  0.00000E+00
    1.0445E+01 -1.71056E+00 -5.89677E-01  0.00000E+00  0.00000E+00
    1.0491E+01 -1.71556E+00 -5.93228E-01  0.00000E+00  0.00000E+00
    1.0537E+01 -1.71588E+00 -5.93228E-01  0.00000E+00  0.00000E+00
    1.0582E+01 -1.74346E+00 -6.17884E-01  0.00000E+00  0.00000E+00
    1.0628E+01 -1.74540E+00 -6.17999E-01  0.00000E+00  0.00000E+00
    1.0674E+01 -1.74540E+00 -6.17999E-01  0.00000E+00  0.00000E+00
    1.0719E+01 -2.07407E+00 -9.46676E-01  0.00000E+00  0.00000E+00
    1.0765E+01 -2.07754E+00 -9.46676E-01  0.00000E+00  0.00000E+00
    1.0810E+01 -2.07895E+00 -9.48088E-01  0.00000E+00  0.00000E+00
    1.0856E+01 -2.08012E+00 -9.48088E-01  0.00000E+00  0.00000E+00
    1.0902E+01 -2.08012E+00 -9.48088E-01  0.00000E+00  0.00000E+00
    1.0947E+01 -2.08012E+00 -9.48088E-01  0.00000E+00  0.00000E+00
    1.0993E+01 -2.08573E+00 -9.48519E-01  0.00000E+00  0.00000E+00
    1.1038E+01 -2.20189E+00 -1.00600E+00  0.00000E+00  0.00000E+00
    1.1084E+01 -2.20196E+00 -1.00600E+00  0.00000E+00  0.00000E+00
    1.1130E+01 -2.20196E+00 -1.00600E+00  0.00000E+00  0.00000E+00
    1.1175E+01 -2.20221E+00 -1.00600E+00  0.00000E+00  0.00000E+00
    1.1221E+01 -2.21017E+00 -1.00600E+00  0.00000E+00  0.00000E+00
    1.1266E+01 -2.21023E+00 -1.00600E+00  0.00000E+00  0.00000E+00
    1.1312E+01 -2.21023E+00 -1.00600E+00  0.00000E+00  0.00000E+00
    1.1358E+01 -2.22127E+00 -1.00600E+00  0.00000E+00  0.00000E+00
    1.1403E+01 -2.90393E+00 -1.37419E+00  0.00000E+00  0.00000E+00
    1.1449E+01 -2.90393E+00 -1.37419E+00  0.00000E+00  0.00000E+00
    1.1495E+01 -2.90766E+00 -1.37620E+00  0.00000E+00  0.00000E+00
    1.1540E+01 -2.90766E+00 -1.37620E+00  0.00000E+00  0.00000E+00
    1.1586E+01 -2.90766E+00 -1.37620E+00  0.00000E+00  0.00000E+00
    1.1631E+01 -2.90916E+00 -1.37620E+00  0.00000E+00  0.00000E+00
    1.1677E+01 -3.22714E+00 -1.44435E+00  0.00000E+00  0.00000E+00
    1.1723E+01 -3.22714E+00 -1.44435E+00  0.00000E+00  0.00000E+00
    1.1768E+01 -3.22714E+00 -1.44435E+00  0.00000E+00  0.00000E+00
    1.1814E+01 -3.22714E+00 -1.44435E+00  0.00000E+00  0.00000E+00
    1.1859E+01 -3.22714E+00 -1.44435E+00  0.00000E+00  0.00000E+00
    1.1905E+01 -3.22714E+00 -1.44435E+00  0.00000E+00  0.00000E+00
    1.1951E+01 -3.35769E+00 -1.50679E+00  0.00000E+00  0.00000E+00
    1.1996E+01 -3.35769E+00 -1.50679E+00  0.00000E+00  0.00000E+00
    1.2042E+01 -3.35769E+00 -1.50679E+00  0.00000E+00  0.00000E+00
    1.2088E+01 -3.35771E+00 -1.50679E+00  0.00000E+00  0.00000E+00
    1.2133E+01 -3.35771E+00 -1.50679E+00  0.00000E+00  0.00000E+00
    1.2179E+01 -4.39269E+00 -2.32923E+00  0.00000E+00  0.00000E+00
    1.2224E+01 -4.40561E+00 -2.32923E+00  0.00000E+00  0.00000E+00
    1.2270E+01 -4.40561E+00 -2.32923E+00  0.00000E+00  0.00000E+00
    1.2316E+01 -4.50495E+00 -2.37183E+00  0.00000E+00  0.00000E+00
    1.2361E+01 -4.50495E+00 -2.37183E+00  0.00000E+00  0.00000E+00
    1.2407E+01 -4.55201E+00 -2.37183E+00  0.00000E+00  0.00000E+00
    1.2452E+01 -4.55201E+00 -2.37183E+00  0.00000E+00  0.00000E+00
    1.2498E+01 -4.55201E+00 -2.37183E+00  0.00000E+00  0.00000E+00
    1.2544E+01 -4.55201E+00 -2.37183E+00  0.00000E+00  0.00000E+00
    1.2589E+01 -4.55202E+00 -2.37183E+00  0.00000E+00  0.00000E+00
    1.2635E+01 -4.55202E+00 -2.37183E+00  0.00000E+00  0.00000E+00
    1.2680E+01 -4.55202E+00 -2.37183E+00  0.00000E+00  0.00000E+00
    1.2726E+01 -4.55202E+00 -2.37183E+00  0.00000E+00  0.00000E+00
    1.2772E+01 -5.19282E+00 -3.01259E+00  0.00000E+00  0.00000E+00
    1.2817E+01 -5.19282E+00 -3.01259E+00  0.00000E+00  0.00000E+00
    1.2863E+01 -5.19282E+00 -3.01259E+00  0.00000E+00  0.00000E+00
    1.2909E+01 -5.19283E+00 -3.01259E+00  0.00000E+00  0.00000E+00
    1.2954E+01 -5.19283E+00 -3.01259E+00  0.00000E+00  0.00000E+00
    1.3000E+01 -6.50976E+00 -4.05969E+00  0.00000E+00  0.00000E+00
    1.3045E+01 -6.72518E+00 -4.05969E+00  0.00000E+00  0.00000E+00
    1.3091E+01 -6.72518E+00 -4.05969E+00  0.00000E+00  0.00000E+00
    1.3137E+01 -6.72518E+00 -4.05969E+00  0.00000E+00  0.00000E+00
    1.3182E+01 -6.78253E+00 -4.05969E+00  0.00000E+00  0.00000E+00
    1.3228E+01 -6.78253E+00 -4.05969E+00  0.00000E+00  0.00000E+00
    1.3273E+01 -6.78253E+00 -4.05969E+00  0.00000E+00  0.00000E+00
    1.3319E+01 -6.78253E+00 -4.05969E+00  0.00000E+00  0.00000E+00
    1.3365E+01 -6.78263E+00 -4.05978E+00  0.00000E+00  0.00000E+00
    1.3410E+01 -6.78263E+00 -4.05978E+00  0.00000E+00  0.00000E+00
    1.3456E+01 -6.78776E+00 -4.05978E+00  0.00000E+00  0.00000E+00
    1.3502E+01 -6.78776E+00 -4.05978E+00  0.00000E+00  0.00000E+00
    1.3547E+01 -6.83941E+00 -4.05978E+00  0.00000E+00  0.00000E+00
    1.3593E+01 -6.83941E+00 -4.05978E+00  0.00000E+00  0.00000E+00
    1.3638E+01 -6.87471E+00 -4.07984E+00  0.00000E+00  0.00000E+00
    1.3684E+01 -6.87471E+00 -4.07984E+00  0.00000E+00  0.00000E+00
    1.3730E+01 -6.87471E+00 -4.07984E+00  0.00000E+00  0.00000E+00
    1.3775E+01 -6.87471E+00 -4.07984E+00  0.00000E+00  0.00000E+00
    1.3821E+01 -6.87471E+00 -4.07984E+00  0.00000E+00  0.00000E+00
    1.3866E+01 -6.98142E+00 -4.07984E+00  0.00000E+00  0.00000E+00
    1.3912E+01 -6.98142E+00 -4.07984E+00  0.00000E+00  0.00000E+00
    1.3958E+01 -6.98391E+00 -4.08047E+00  0.00000E+00  0.00000E+00
    1.4003E+01 -6.98482E+00 -4.08047E+00  0.00000E+00  0.00000E+00
    1.4049E+01 -7.05064E+00 -4.11503E+00  0.00000E+00  0.00000E+00
    1.4095E+01 -7.05123E+00 -4.11503E+00  0.00000E+00  0.00000E+00
    1.4140E+01 -7.05123E+00 -4.11503E+00  0.00000E+00  0.00000E+00
    1.4186E+01 -7.16797E+00 -4.15512E+00  0.00000E+00  0.00000E+00
    1.4231E+01 -7.20875E+00 -4.17704E+00  0.00000E+00  0.00000E+00
    1.4277E+01 -7.24086E+00 -4.17704E+00  0.00000E+00  0.00000E+00
    1.4323E+01 -7.24086E+00 -4.17704E+00  0.00000E+00  0.00000E+00
    1.4368E+01 -7.24094E+00 -4.17704E+00  0.00000E+00  0.00000E+00
    1.4414E+01 -7.33982E+00 -4.17704E+00  0.00000E+00  0.00000E+00
    1.4459E+01 -7.33982E+00 -4.17704E+00  0.00000E+00  0.00000E+00
    1.4505E+01 -7.33982E+00 -4.17704E+00  0.00000E+00  0.00000E+00
    1.4551E+01 -7.33982E+00 -4.17704E+00  0.00000E+00  0.00000E+00
    1.4596E+01 -7.33982E+00 -4.17704E+00  0.00000E+00  0.00000E+00
    1.4642E+01 -7.33982E+00 -4.17704E+00  0.00000E+00  0.00000E+00
    1.4687E+01 -7.33982E+00 -4.17704E+00  0.00000E+00  0.00000E+00
    1.4733E+01 -7.33982E+00 -4.17704E+00  0.00000E+00  0.00000E+00
    1.4779E+01 -7.33982E+00 -4.17704E+00  0.00000E+00  0.00000E+00
    1.4824E+01 -7.33982E+00 -4.17704E+00  0.00000E+00  0.00000E+00
    1.4870E+01 -7.33982E+00 -4.17704E+00  0.00000E+00  0.00000E+00
    1.4916E+01 -7.33982E+00 -4.17704E+00  0.00000E+00  0.00000E+00
    1.4961E+01 -7.34208E+00 -4.17704E+00  0.00000E+00  0.00000E+00
    1.5007E+01 -7.34208E+00 -4.17704E+00  0.00000E+00  0.00000E+00
    1.5052E+01 -7.34208E+00 -4.17704E+00  0.00000E+00  0.00000E+00
    1.5098E+01 -7.34208E+00 -4.17704E+00  0.00000E+00  0.00000E+00
    1.5144E+01 -7.34265E+00 -4.17704E+00  0.00000E+00  0.00000E+00
    1.5189E+01 -7.36196E+00 -4.18280E+00  0.00000E+00  0.00000E+00
    1.5235E+01 -8.19508E+00 -4.74014E+00  0.00000E+00  0.00000E+00
    1.5280E+01 -8.67319E+00 -4.74014E+00  0.00000E+00  0.00000E+00
    1.5326E+01 -9.25823E+00 -5.32517E+00  0.00000E+00  0.00000E+00
    1.5372E+01 -9.35089E+00 -5.34625E+00  0.00000E+00  0.00000E+00
    1.5417E+01 -9.35667E+00 -5.34625E+00  0.00000E+00  0.00000E+00
    1.5463E+01 -9.65837E+00 -5.64795E+00  0.00000E+00  0.00000E+00
    1.5509E+01 -9.65837E+00 -5.64795E+00  0.00000E+00  0.00000E+00
    1.5554E+01 -9.65849E+00 -5.64795E+00  0.00000E+00  0.00000E+00
    1.5600E+01 -9.65849E+00 -5.64795E+00  0.00000E+00  0.00000E+00
    1.5645E+01 -9.65849E+00 -5.64795E+00  0.00000E+00  0.00000E+00
    1.5691E+01 -9.65849E+00 -5.64795E+00  0.00000E+00  0.00000E+00
    1.5737E+01 -1.06710E+01 -6.66042E+00  0.00000E+00  0.00000E+00
    1.5782E+01 -1.06710E+01 -6.66042E+00  0.00000E+00  0.00000E+00
    1.5828E+01 -1.26133E+01 -7.72599E+00  0.00000E+00  0.00000E+00
    1.5873E+01 -1.34207E+01 -8.53108E+00  0.00000E+00  0.00000E+00
    1.5919E+01 -1.34207E+01 -8.53108E+00  0.00000E+00  0.00000E+00
    1.5965E+01 -1.34207E+01 -8.53108E+00  0.00000E+00  0.00000E+00
    1.6010E+01 -1.36866E+01 -8.53108E+00  0.00000E+00  0.00000E+00
    1.6056E+01 -1.36868E+01 -8.53108E+00  0.00000E+00  0.00000E+00
    1.6101E+01 -1.40928E+01 -8.84699E+00  0.00000E+00  0.00000E+00
    1.6147E+01 -1.42097E+01 -8.84699E+00  0.00000E+00  0.00000E+00
    1.6193E+01 -1.42117E+01 -8.84699E+00  0.00000E+00  0.00000E+00
    1.6238E+01 -1.45573E+01 -9.19050E+00  0.00000E+00  0.00000E+00
    1.6284E+01 -1.45577E+01 -9.19050E+00  0.00000E+00  0.00000E+00
    1.6330E+01 -1.45578E+01 -9.19055E+00  0.00000E+00  0.00000E+00
    1.6375E+01 -1.45582E+01 -9.19055E+00  0.00000E+00  0.00000E+00
    1.6421E+01 -1.45790E+01 -9.19055E+00  0.00000E+00  0.00000E+00
    1.6466E+01 -1.45790E+01 -9.19055E+00  0.00000E+00  0.00000E+00
    1.6512E+01 -1.48705E+01 -9.19055E+00  0.00000E+00  0.00000E+00
    1.6558E+01 -1.48705E+01 -9.19055E+00  0.00000E+00  0.00000E+00
    1.6603E+01 -1.49175E+01 -9.23751E+00  0.00000E+00  0.00000E+00
    1.6649E+01 -1.73372E+01 -1.16573E+01  0.00000E+00  0.00000E+00
    1.6694E+01 -1.73372E+01 -1.16573E+01  0.00000E+00  0.00000E+00
    1.6740E+01 -1.73372E+01 -1.16573E+01  0.00000E+00  0.00000E+00
    1.6786E+01 -1.73442E+01 -1.16573E+01  0.00000E+00  0.00000E+00
    1.6831E+01 -1.73491E+01 -1.16573E+01  0.00000E+00  0.00000E+00
    1.6877E+01 -1.73491E+01 -1.16573E+01  0.00000E+00  0.00000E+00
    1.6923E+01 -1.73491E+01 -1.16573E+01  0.00000E+00  0.00000E+00
    1.6968E+01 -1.73492E+01 -1.16573E+01  0.00000E+00  0.00000E+00
    1.7014E+01 -1.73492E+01 -1.16573E+01  0.00000E+00  0.00000E+00
    1.7059E+01 -1.73539E+01 -1.16583E+01  0.00000E+00  0.00000E+00
    1.7105E+01 -1.73539E+01 -1.16583E+01  0.00000E+00  0.00000E+00
    1.7151E+01 -1.73540E+01 -1.16583E+01  0.00000E+00  0.00000E+00
    1.7196E+01 -1.73540E+01 -1.16583E+01  0.00000E+00  0.00000E+00
    1.7242E+01 -1.73540E+01 -1.16583E+01  0.00000E+00  0.00000E+00
    1.7287E+01 -1.73541E+01 -1.16583E+01  0.00000E+00  0.00000E+00
    1.7333E+01 -1.73662E+01 -1.16583E+01  0.00000E+00  0.00000E+00
    1.7379E+01 -1.73761E+01 -1.16583E+01  0.00000E+00  0.00000E+00
    1.7424E+01 -1.77975E+01 -1.19501E+01  0.00000E+00  0.00000E+00
    1.7470E+01 -1.77975E+01 -1.19501E+01  0.00000E+00  0.00000E+00
    1.7516E+01 -1.78019E+01 -1.19510E+01  0.00000E+00  0.00000E+00
    1.7561E+01 -1.78019E+01 -1.19510E+01  0.00000E+00  0.00000E+00
    1.7607E+01 -1.78022E+01 -1.19510E+01  0.00000E+00  0.00000E+00
    1.7652E+01 -1.78022E+01 -1.19510E+01  0.00000E+00  0.00000E+00
    1.7698E+01 -1.78022E+01 -1.19510E+01  0.00000E+00  0.00000E+00
    1.7744E+01 -1.78108E+01 -1.19510E+01  0.00000E+00  0.00000E+00
    1.7789E+01 -1.78108E+01 -1.19510E+01  0.00000E+00  0.00000E+00
    1.7835E+01 -1.78108E+01 -1.19510E+01  0.00000E+00  0.00000E+00
    1.7880E+01 -1.78326E+01 -1.19510E+01  0.00000E+00  0.00000E+00
    1.7926E+01 -1.78326E+01 -1.19510E+01  0.00000E+00  0.00000E+00
    1.7972E+01 -1.78326E+01 -1.19510E+01  0.00000E+00  0.00000E+00
    1.8017E+01 -1.89899E+01 -1.24455E+01  0.00000E+00  0.00000E+00
    1.8063E+01 -1.89899E+01 -1.24455E+01  0.00000E+00  0.00000E+00
    1.8108E+01 -1.89899E+01 -1.24455E+01  0.00000E+00  0.00000E+00
    1.8154E+01 -1.89899E+01 -1.24455E+01  0.00000E+00  0.00000E+00
    1.8200E+01 -1.89899E+01 -1.24455E+01  0.00000E+00  0.00000E+00
    1.8245E+01 -1.89899E+01 -1.24455E+01  0.00000E+00  0.00000E+00
    1.8291E+01 -1.96614E+01 -1.29720E+01  0.00000E+00  0.00000E+00
    1.8337E+01 -1.96617E+01 -1.29720E+01  0.00000E+00  0.00000E+00
    1.8382E+01 -1.96618E+01 -1.29720E+01  0.00000E+00  0.00000E+00
    1.8428E+01 -1.96632E+01 -1.29727E+01  0.00000E+00  0.00000E+00
    1.8473E+01 -1.96632E+01 -1.29727E+01  0.00000E+00  0.00000E+00
    1.8519E+01 -1.96638E+01 -1.29730E+01  0.00000E+00  0.00000E+00
    1.8565E+01 -1.99636E+01 -1.31335E+01  0.00000E+00  0.00000E+00
    1.8610E+01 -1.99636E+01 -1.31335E+01  0.00000E+00  0.00000E+00
    1.8656E+01 -1.99637E+01 -1.31335E+01  0.00000E+00  0.00000E+00
    1.8701E+01 -1.99637E+01 -1.31335E+01  0.00000E+00  0.00000E+00
    1.8747E+01 -1.99637E+01 -1.31335E+01  0.00000E+00  0.00000E+00
    1.8793E+01 -1.99642E+01 -1.31335E+01  0.00000E+00  0.00000E+00
    1.8838E+01 -1.99643E+01 -1.31335E+01  0.00000E+00  0.00000E+00
    1.8884E+01 -1.99643E+01 -1.31335E+01  0.00000E+00  0.00000E+00
    1.8930E+01 -2.09027E+01 -1.38732E+01  0.00000E+00  0.00000E+00
    1.8975E+01 -2.09027E+01 -1.38732E+01  0.00000E+00  0.00000E+00
    1.9021E+01 -2.09538E+01 -1.38732E+01  0.00000E+00  0.00000E+00
    1.9066E+01 -2.09538E+01 -1.38732E+01  0.00000E+00  0.00000E+00
    1.9112E+01 -2.09538E+01 -1.38732E+01  0.00000E+00  0.00000E+00
    1.9158E+01 -2.09563E+01 -1.38732E+01  0.00000E+00  0.00000E+00
    1.9203E+01 -2.09563E+01 -1.38732E+01  0.00000E+00  0.00000E+00
    1.9249E+01 -2.10415E+01 -1.38732E+01  0.00000E+00  0.00000E+00
    1.9294E+01 -2.10449E+01 -1.38732E+01  0.00000E+00  0.00000E+00
    1.9340E+01 -2.10450E+01 -1.38732E+01  0.00000E+00  0.00000E+00
    1.9386E+01 -2.10450E+01 -1.38732E+01  0.00000E+00  0.00000E+00
    1.9431E+01 -2.11155E+01 -1.39114E+01  0.00000E+00  0.00000E+00
    1.9477E+01 -2.11285E+01 -1.39114E+01  0.00000E+00  0.00000E+00
    1.9522E+01 -2.12375E+01 -1.39674E+01  0.00000E+00  0.00000E+00
    1.9568E+01 -2.12375E+01 -1.39674E+01  0.00000E+00  0.00000E+00
    1.9614E+01 -2.12390E+01 -1.39674E+01  0.00000E+00  0.00000E+00
    1.9659E+01 -2.12390E+01 -1.39674E+01  0.00000E+00  0.00000E+00
    1.9705E+01 -2.17887E+01 -1.39674E+01  0.00000E+00  0.00000E+00
    1.9751E+01 -2.18310E+01 -1.39893E+01  0.00000E+00  0.00000E+00
    1.9796E+01 -2.18310E+01 -1.39893E+01  0.00000E+00  0.00000E+00
    1.9842E+01 -2.18310E+01 -1.39893E+01  0.00000E+00  0.00000E+00
    1.9887E+01 -2.18310E+01 -1.39893E+01  0.00000E+00  0.00000E+00
    1.9933E+01 -2.18310E+01 -1.39893E+01  0.00000E+00  0.00000E+00
    1.9979E+01 -2.18310E+01 -1.39893E+01  0.00000E+00  0.00000E+00
    2.0024E+01 -2.18321E+01 -1.39893E+01  0.00000E+00  0.00000E+00
    2.0070E+01 -2.18353E+01 -1.39893E+01  0.00000E+00  0.00000E+00
    2.0115E+01 -2.18353E+01 -1.39893E+01  0.00000E+00  0.00000E+00
    2.0161E+01 -2.18353E+01 -1.39893E+01  0.00000E+00  0.00000E+00
    2.0207E+01 -2.18353E+01 -1.39893E+01  0.00000E+00  0.00000E+00
    2.0252E+01 -2.18366E+01 -1.39893E+01  0.00000E+00  0.00000E+00
    2.0298E+01 -2.19437E+01 -1.40431E+01  0.00000E+00  0.00000E+00
    2.0344E+01 -2.20592E+01 -1.41522E+01  0.00000E+00  0.00000E+00
    2.0389E+01 -2.20592E+01 -1.41522E+01  0.00000E+00  0.00000E+00
    2.0435E+01 -2.24564E+01 -1.43447E+01  0.00000E+00  0.00000E+00
    2.0480E+01 -2.24564E+01 -1.43447E+01  0.00000E+00  0.00000E+00
    2.0526E+01 -2.24564E+01 -1.43447E+01  0.00000E+00  0.00000E+00
    2.0572E+01 -2.24564E+01 -1.43447E+01  0.00000E+00  0.00000E+00
    2.0617E+01 -2.24564E+01 -1.43447E+01  0.00000E+00  0.00000E+00
    2.0663E+01 -2.24564E+01 -1.43447E+01  0.00000E+00  0.00000E+00
    2.0708E+01 -2.24565E+01 -1.43447E+01  0.00000E+00  0.00000E+00
    2.0754E+01 -2.24565E+01 -1.43447E+01  0.00000E+00  0.00000E+00
    2.0800E+01 -2.24565E+01 -1.43447E+01  0.00000E+00  0.00000E+00
    2.0845E+01 -2.48933E+01 -1.67816E+01  0.00000E+00  0.00000E+00
    2.0891E+01 -2.51139E+01 -1.67816E+01  0.00000E+00  0.00000E+00
    2.0937E+01 -2.51139E+01 -1.67816E+01  0.00000E+00  0.00000E+00
    2.0982E+01 -2.51152E+01 -1.67816E+01  0.00000E+00  0.00000E+00
    2.1028E+01 -2.63054E+01 -1.76281E+01  0.00000E+00  0.00000E+00
    2.1073E+01 -2.63054E+01 -1.76281E+01  0.00000E+00  0.00000E+00
    2.1119E+01 -2.63054E+01 -1.76281E+01  0.00000E+00  0.00000E+00
    2.1165E+01 -2.63054E+01 -1.76281E+01  0.00000E+00  0.00000E+00
    2.1210E+01 -2.63054E+01 -1.76281E+01  0.00000E+00  0.00000E+00
    2.1256E+01 -2.63054E+01 -1.76281E+01  0.00000E+00  0.00000E+00
    2.1301E+01 -2.63054E+01 -1.76281E+01  0.00000E+00  0.00000E+00
    2.1347E+01 -2.63054E+01 -1.76281E+01  0.00000E+00  0.00000E+00
    2.1393E+01 -2.63054E+01 -1.76281E+01  0.00000E+00  0.00000E+00
    2.1438E+01 -2.63054E+01 -1.76281E+01  0.00000E+00  0.00000E+00
    2.1484E+01 -2.63054E+01 -1.76281E+01  0.00000E+00  0.00000E+00
    2.1529E+01 -2.63054E+01 -1.76281E+01  0.00000E+00  0.00000E+00
    2.1575E+01 -2.63054E+01 -1.76281E+01  0.00000E+00  0.00000E+00
    2.1621E+01 -2.63054E+01 -1.76281E+01  0.00000E+00  0.00000E+00
    2.1666E+01 -2.63054E+01 -1.76281E+01  0.00000E+00  0.00000E+00
    2.1712E+01 -2.63054E+01 -1.76281E+01  0.00000E+00  0.00000E+00
    2.1758E+01 -2.63054E+01 -1.76281E+01  0.00000E+00  0.00000E+00
    2.1803E+01 -2.63054E+01 -1.76281E+01  0.00000E+00  0.00000E+00
    2.1849E+01 -2.63054E+01 -1.76281E+01  0.00000E+00  0.00000E+00
    2.1894E+01 -2.63054E+01 -1.76281E+01  0.00000E+00  0.00000E+00
    2.1940E+01 -2.63064E+01 -1.76281E+01  0.00000E+00  0.00000E+00
    2.1986E+01 -2.63064E+01 -1.76281E+01  0.00000E+00  0.00000E+00
    2.2031E+01 -2.63064E+01 -1.76281E+01  0.00000E+00  0.00000E+00
    2.2077E+01 -2.69747E+01 -1.79922E+01  0.00000E+00  0.00000E+00
    2.2122E+01 -2.69747E+01 -1.79922E+01  0.00000E+00  0.00000E+00
    2.2168E+01 -2.69747E+01 -1.79922E+01  0.00000E+00  0.00000E+00
    2.2214E+01 -2.69752E+01 -1.79922E+01  0.00000E+00  0.00000E+00
    2.2259E+01 -2.69752E+01 -1.79922E+01  0.00000E+00  0.00000E+00
    2.2305E+01 -2.78496E+01 -1.86534E+01  0.00000E+00  0.00000E+00
    2.2351E+01 -2.78497E+01 -1.86534E+01  0.00000E+00  0.00000E+00
    2.2396E+01 -2.84524E+01 -1.92562E+01  0.00000E+00  0.00000E+00
    2.2442E+01 -2.84524E+01 -1.92562E+01  0.00000E+00  0.00000E+00
    2.2487E+01 -2.84524E+01 -1.92562E+01  0.00000E+00  0.00000E+00
    2.2533E+01 -2.84524E+01 -1.92562E+01  0.00000E+00  0.00000E+00
    2.2579E+01 -2.84524E+01 -1.92562E+01  0.00000E+00  0.00000E+00
    2.2624E+01 -2.84524E+01 -1.92562E+01  0.00000E+00  0.00000E+00
    2.2670E+01 -2.84707E+01 -1.92562E+01  0.00000E+00  0.00000E+00
    2.2715E+01 -2.84708E+01 -1.92562E+01  0.00000E+00  0.00000E+00
    2.2761E+01 -2.84708E+01 -1.92562E+01  0.00000E+00  0.00000E+00
    2.2807E+01 -2.84708E+01 -1.92562E+01  0.00000E+00  0.00000E+00
    2.2852E+01 -2.84708E+01 -1.92562E+01  0.00000E+00  0.00000E+00
    2.2898E+01 -2.84708E+01 -1.92562E+01  0.00000E+00  0.00000E+00
    2.2943E+01 -2.84708E+01 -1.92562E+01  0.00000E+00  0.00000E+00
    2.2989E+01 -2.84708E+01 -1.92562E+01  0.00000E+00  0.00000E+00
    2.3035E+01 -2.84708E+01 -1.92562E+01  0.00000E+00  0.00000E+00
    2.3080E+01 -2.90764E+01 -1.96779E+01  0.00000E+00  0.00000E+00
    2.3126E+01 -2.92326E+01 -1.96779E+01  0.00000E+00  0.00000E+00
    2.3172E+01 -2.92326E+01 -1.96779E+01  0.00000E+00  0.00000E+00
    2.3217E+01 -2.92326E+01 -1.96779E+01  0.00000E+00  0.00000E+00
    2.3263E+01 -2.92326E+01 -1.96779E+01  0.00000E+00  0.00000E+00
    2.3308E+01 -2.92326E+01 -1.96779E+01  0.00000E+00  0.00000E+00
    2.3354E+01 -2.92326E+01 -1.96779E+01  0.00000E+00  0.00000E+00
    2.3400E+01 -2.92326E+01 -1.96779E+01  0.00000E+00  0.00000E+00
    2.3445E+01 -2.92326E+01 -1.96779E+01  0.00000E+00  0.00000E+00
    2.3491E+01 -2.92326E+01 -1.96779E+01  0.00000E+00  0.00000E+00
    2.3536E+01 -2.92326E+01 -1.96779E+01  0.00000E+00  0.00000E+00
    2.3582E+01 -2.92326E+01 -1.96779E+01  0.00000E+00  0.00000E+00
    2.3628E+01 -2.92326E+01 -1.96779E+01  0.00000E+00  0.00000E+00
    2.3673E+01 -2.92326E+01 -1.96779E+01  0.00000E+00  0.00000E+00
    2.3719E+01 -2.92326E+01 -1.96779E+01  0.00000E+00  0.00000E+00
    2.3765E+01 -2.92326E+01 -1.96779E+01  0.00000E+00  0.00000E+00
    2.3810E+01 -2.93108E+01 -1.96779E+01  0.00000E+00  0.00000E+00
    2.3856E+01 -2.93108E+01 -1.96779E+01  0.00000E+00  0.00000E+00
    2.3901E+01 -2.93108E+01 -1.96779E+01  0.00000E+00  0.00000E+00
    2.3947E+01 -2.93108E+01 -1.96779E+01  0.00000E+00  0.00000E+00
    2.3993E+01 -2.93108E+01 -1.96779E+01  0.00000E+00  0.00000E+00
    2.4038E+01 -2.93108E+01 -1.96779E+01  0.00000E+00  0.00000E+00
    2.4084E+01 -2.98096E+01 -2.01767E+01  0.00000E+00  0.00000E+00
    2.4129E+01 -2.98096E+01 -2.01767E+01  0.00000E+00  0.00000E+00
    2.4175E+01 -2.98096E+01 -2.01767E+01  0.00000E+00  0.00000E+00
    2.4221E+01 -2.98096E+01 -2.01767E+01  0.00000E+00  0.00000E+00
    2.4266E+01 -2.98096E+01 -2.01767E+01  0.00000E+00  0.00000E+00
    2.4312E+01 -2.98096E+01 -2.01767E+01  0.00000E+00  0.00000E+00
    2.4358E+01 -2.98096E+01 -2.01767E+01  0.00000E+00  0.00000E+00
    2.4403E+01 -2.98096E+01 -2.01767E+01  0.00000E+00  0.00000E+00
    2.4449E+01 -2.98096E+01 -2.01767E+01  0.00000E+00  0.00000E+00
    2.4494E+01 -2.98096E+01 -2.01767E+01  0.00000E+00  0.00000E+00
    2.4540E+01 -2.98096E+01 -2.01767E+01  0.00000E+00  0.00000E+00
    2.4586E+01 -2.98096E+01 -2.01767E+01  0.00000E+00  0.00000E+00
    2.4631E+01 -2.98096E+01 -2.01767E+01  0.00000E+00  0.00000E+00
    2.4677E+01 -2.98096E+01 -2.01767E+01  0.00000E+00  0.00000E+00
    2.4722E+01 -2.98096E+01 -2.01767E+01  0.00000E+00  0.00000E+00
    2.4768E+01 -2.98096E+01 -2.01767E+01  0.00000E+00  0.00000E+00
    2.4814E+01 -2.98096E+01 -2.01767E+01  0.00000E+00  0.00000E+00
    2.4859E+01 -2.98096E+01 -2.01767E+01  0.00000E+00  0.00000E+00
    2.4905E+01 -3.03464E+01 -2.01767E+01  0.00000E+00  0.00000E+00
    2.4950E+01 -3.03464E+01 -2.01767E+01  0.00000E+00  0.00000E+00
    2.4996E+01 -3.03464E+01 -2.01767E+01  0.00000E+00  0.00000E+00
    2.5042E+01 -3.03464E+01 -2.01767E+01  0.00000E+00  0.00000E+00
    2.5087E+01 -3.03464E+01 -2.01767E+01  0.00000E+00  0.00000E+00
    2.5133E+01 -3.03464E+01 -2.01767E+01  0.00000E+00  0.00000E+00
    2.5179E+01 -3.03753E+01 -2.01767E+01  0.00000E+00  0.00000E+00
    2.5224E+01 -3.03753E+01 -2.01767E+01  0.00000E+00  0.00000E+00
    2.5270E+01 -3.03753E+01 -2.01767E+01  0.00000E+00  0.00000E+00
    2.5315E+01 -3.03753E+01 -2.01767E+01  0.00000E+00  0.00000E+00
    2.5361E+01 -3.03753E+01 -2.01767E+01  0.00000E+00  0.00000E+00
    2.5407E+01 -3.03753E+01 -2.01767E+01  0.00000E+00  0.00000E+00
    2.5452E+01 -3.03753E+01 -2.01767E+01  0.00000E+00  0.00000E+00
    2.5498E+01 -3.11009E+01 -2.09023E+01  0.00000E+00  0.00000E+00
    2.5543E+01 -3.12488E+01 -2.09754E+01  0.00000E+00  0.00000E+00
    2.5589E+01 -3.12488E+01 -2.09754E+01  0.00000E+00  0.00000E+00
    2.5635E+01 -3.12488E+01 -2.09754E+01  0.00000E+00  0.00000E+00
    2.5680E+01 -3.18315E+01 -2.11128E+01  0.00000E+00  0.00000E+00
    2.5726E+01 -3.18315E+01 -2.11128E+01  0.00000E+00  0.00000E+00
    2.5772E+01 -3.18315E+01 -2.11128E+01  0.00000E+00  0.00000E+00
    2.5817E+01 -3.18678E+01 -2.11128E+01  0.00000E+00  0.00000E+00
    2.5863E+01 -3.18678E+01 -2.11128E+01  0.00000E+00  0.00000E+00
    2.5908E+01 -3.18678E+01 -2.11128E+01  0.00000E+00  0.00000E+00
    2.5954E+01 -3.18678E+01 -2.11128E+01  0.00000E+00  0.00000E+00
    2.6000E+01 -3.18678E+01 -2.11128E+01  0.00000E+00  0.00000E+00
    2.6045E+01 -3.25111E+01 -2.12680E+01  0.00000E+00  0.00000E+00
    2.6091E+01 -3.25111E+01 -2.12680E+01  0.00000E+00  0.00000E+00
    2.6136E+01 -3.25111E+01 -2.12680E+01  0.00000E+00  0.00000E+00
    2.6182E+01 -3.25111E+01 -2.12680E+01  0.00000E+00  0.00000E+00
    2.6228E+01 -3.25111E+01 -2.12680E+01  0.00000E+00  0.00000E+00
    2.6273E+01 -3.25111E+01 -2.12680E+01  0.00000E+00  0.00000E+00
    2.6319E+01 -3.25111E+01 -2.12680E+01  0.00000E+00  0.00000E+00
    2.6364E+01 -3.25111E+01 -2.12680E+01  0.00000E+00  0.00000E+00
    2.6410E+01 -3.25111E+01 -2.12680E+01  0.00000E+00  0.00000E+00
    2.6456E+01 -3.25111E+01 -2.12680E+01  0.00000E+00  0.00000E+00
    2.6501E+01 -3.31746E+01 -2.14160E+01  0.00000E+00  0.00000E+00
    2.6547E+01 -3.31746E+01 -2.14160E+01  0.00000E+00  0.00000E+00
    2.6593E+01 -3.31746E+01 -2.14160E+01  0.00000E+00  0.00000E+00
    2.6638E+01 -3.31746E+01 -2.14160E+01  0.00000E+00  0.00000E+00
    2.6684E+01 -3.31746E+01 -2.14160E+01  0.00000E+00  0.00000E+00
    2.6729E+01 -3.31746E+01 -2.14160E+01  0.00000E+00  0.00000E+00
    2.6775E+01 -3.31746E+01 -2.14160E+01  0.00000E+00  0.00000E+00
    2.6821E+01 -3.31746E+01 -2.14160E+01  0.00000E+00  0.00000E+00
    2.6866E+01 -3.31746E+01 -2.14160E+01  0.00000E+00  0.00000E+00
    2.6912E+01 -3.31746E+01 -2.14160E+01  0.00000E+00  0.00000E+00
    2.6957E+01 -3.31746E+01 -2.14160E+01  0.00000E+00  0.00000E+00
    2.7003E+01 -3.31746E+01 -2.14160E+01  0.00000E+00  0.00000E+00
    2.7049E+01 -3.31746E+01 -2.14160E+01  0.00000E+00  0.00000E+00
    2.7094E+01 -3.31746E+01 -2.14160E+01  0.00000E+00  0.00000E+00
    2.7140E+01 -3.31746E+01 -2.14160E+01  0.00000E+00  0.00000E+00
    2.7186E+01 -3.31746E+01 -2.14160E+01  0.00000E+00  0.00000E+00
    2.7231E+01 -3.31746E+01 -2.14160E+01  0.00000E+00  0.00000E+00
    2.7277E+01 -3.31746E+01 -2.14160E+01  0.00000E+00  0.00000E+00
    2.7322E+01 -3.31746E+01 -2.14160E+01  0.00000E+00  0.00000E+00
    2.7368E+01 -3.31746E+01 -2.14160E+01  0.00000E+00  0.00000E+00
    2.7414E+01 -3.40730E+01 -2.16279E+01  0.00000E+00  0.00000E+00
    2.7459E+01 -3.40730E+01 -2.16279E+01  0.00000E+00  0.00000E+00
    2.7505E+01 -3.40730E+01 -2.16279E+01  0.00000E+00  0.00000E+00
    2.7550E+01 -3.40730E+01 -2.16279E+01  0.00000E+00  0.00000E+00
    2.7596E+01 -3.40730E+01 -2.16279E+01  0.00000E+00  0.00000E+00
    2.7642E+01 -3.40730E+01 -2.16279E+01  0.00000E+00  0.00000E+00
    2.7687E+01 -3.40730E+01 -2.16279E+01  0.00000E+00  0.00000E+00
    2.7733E+01 -3.40730E+01 -2.16279E+01  0.00000E+00  0.00000E+00
    2.7779E+01 -3.40730E+01 -2.16279E+01  0.00000E+00  0.00000E+00
    2.7824E+01 -3.40730E+01 -2.16279E+01  0.00000E+00  0.00000E+00
    2.7870E+01 -3.61683E+01 -2.37232E+01  0.00000E+00  0.00000E+00
    2.7915E+01 -3.61683E+01 -2.37232E+01  0.00000E+00  0.00000E+00
    2.7961E+01 -3.62568E+01 -2.37232E+01  0.00000E+00  0.00000E+00
    2.8007E+01 -3.62568E+01 -2.37232E+01  0.00000E+00  0.00000E+00
    2.8052E+01 -3.62568E+01 -2.37232E+01  0.00000E+00  0.00000E+00
    2.8098E+01 -3.62568E+01 -2.37232E+01  0.00000E+00  0.00000E+00
    2.8143E+01 -3.62568E+01 -2.37232E+01  0.00000E+00  0.00000E+00
    2.8189E+01 -3.62568E+01 -2.37232E+01  0.00000E+00  0.00000E+00
    2.8235E+01 -3.62568E+01 -2.37232E+01  0.00000E+00  0.00000E+00
    2.8280E+01 -3.62568E+01 -2.37232E+01  0.00000E+00  0.00000E+00
    2.8326E+01 -3.62568E+01 -2.37232E+01  0.00000E+00  0.00000E+00
    2.8371E+01 -3.62568E+01 -2.37232E+01  0.00000E+00  0.00000E+00
    2.8417E+01 -3.62568E+01 -2.37232E+01  0.00000E+00  0.00000E+00
    2.8463E+01 -3.62568E+01 -2.37232E+01  0.00000E+00  0.00000E+00
    2.8508E+01 -3.62568E+01 -2.37232E+01  0.00000E+00  0.00000E+00
    2.8554E+01 -3.62568E+01 -2.37232E+01  0.00000E+00  0.00000E+00
    2.8600E+01 -3.62568E+01 -2.37232E+01  0.00000E+00  0.00000E+00
    2.8645E+01 -3.62568E+01 -2.37232E+01  0.00000E+00  0.00000E+00
    2.8691E+01 -3.62568E+01 -2.37232E+01  0.00000E+00  0.00000E+00
    2.8736E+01 -3.62568E+01 -2.37232E+01  0.00000E+00  0.00000E+00
    2.8782E+01 -3.62568E+01 -2.37232E+01  0.00000E+00  0.00000E+00
    2.8828E+01 -3.62568E+01 -2.37232E+01  0.00000E+00  0.00000E+00
    2.8873E+01 -3.62568E+01 -2.37232E+01  0.00000E+00  0.00000E+00
    2.8919E+01 -3.65431E+01 -2.37232E+01  0.00000E+00  0.00000E+00
    2.8964E+01 -3.65431E+01 -2.37232E+01  0.00000E+00  0.00000E+00
    2.9010E+01 -3.65431E+01 -2.37232E+01  0.00000E+00  0.00000E+00
    2.9056E+01 -3.65431E+01 -2.37232E+01  0.00000E+00  0.00000E+00
    2.9101E+01 -3.71243E+01 -2.37232E+01  0.00000E+00  0.00000E+00
    2.9147E+01 -3.72621E+01 -2.37232E+01  0.00000E+00  0.00000E+00
    2.9193E+01 -3.72621E+01 -2.37232E+01  0.00000E+00  0.00000E+00
    2.9238E+01 -3.72621E+01 -2.37232E+01  0.00000E+00  0.00000E+00
    2.9284E+01 -3.72621E+01 -2.37232E+01  0.00000E+00  0.00000E+00
    2.9329E+01 -3.72621E+01 -2.37232E+01  0.00000E+00  0.00000E+00
    2.9375E+01 -3.72621E+01 -2.37232E+01  0.00000E+00  0.00000E+00
    2.9421E+01 -3.72621E+01 -2.37232E+01  0.00000E+00  0.00000E+00
    2.9466E+01 -3.72621E+01 -2.37232E+01  0.00000E+00  0.00000E+00
    2.9512E+01 -3.72621E+01 -2.37232E+01  0.00000E+00  0.00000E+00
    2.9557E+01 -3.72621E+01 -2.37232E+01  0.00000E+00  0.00000E+00
    2.9603E+01 -3.72621E+01 -2.37232E+01  0.00000E+00  0.00000E+00
    2.9649E+01 -3.72621E+01 -2.37232E+01  0.00000E+00  0.00000E+00
    2.9694E+01 -3.72621E+01 -2.37232E+01  0.00000E+00  0.00000E+00
    2.9740E+01 -3.72621E+01 -2.37232E+01  0.00000E+00  0.00000E+00
    2.9785E+01 -3.72621E+01 -2.37232E+01  0.00000E+00  0.00000E+00
    2.9831E+01 -3.72621E+01 -2.37232E+01  0.00000E+00  0.00000E+00
    2.9877E+01 -3.72621E+01 -2.37232E+01  0.00000E+00  0.00000E+00
    2.9922E+01 -3.72621E+01 -2.37232E+01  0.00000E+00  0.00000E+00
    2.9968E+01 -3.72621E+01 -2.37232E+01  0.00000E+00  0.00000E+00
    3.0014E+01 -3.72621E+01 -2.37232E+01  0.00000E+00  0.00000E+00
    3.0059E+01 -3.72621E+01 -2.37232E+01  0.00000E+00  0.00000E+00
    3.0105E+01 -3.72621E+01 -2.37232E+01  0.00000E+00  0.00000E+00
    3.0150E+01 -3.72621E+01 -2.37232E+01  0.00000E+00  0.00000E+00
    3.0196E+01 -3.72621E+01 -2.37232E+01  0.00000E+00  0.00000E+00
    3.0242E+01 -3.72621E+01 -2.37232E+01  0.00000E+00  0.00000E+00
    3.0287E+01 -3.72621E+01 -2.37232E+01  0.00000E+00  0.00000E+00
    3.0333E+01 -3.72621E+01 -2.37232E+01  0.00000E+00  0.00000E+00
    3.0378E+01 -3.72621E+01 -2.37232E+01  0.00000E+00  0.00000E+00
    3.0424E+01 -3.72621E+01 -2.37232E+01  0.00000E+00  0.00000E+00
    3.0470E+01 -3.72621E+01 -2.37232E+01  0.00000E+00  0.00000E+00
    3.0515E+01 -3.72621E+01 -2.37232E+01  0.00000E+00  0.00000E+00
    3.0561E+01 -3.72621E+01 -2.37232E+01  0.00000E+00  0.00000E+00
    3.0607E+01 -3.72621E+01 -2.37232E+01  0.00000E+00  0.00000E+00
    3.0652E+01 -3.72621E+01 -2.37232E+01  0.00000E+00  0.00000E+00
    3.0698E+01 -3.72621E+01 -2.37232E+01  0.00000E+00  0.00000E+00
    3.0743E+01 -3.72621E+01 -2.37232E+01  0.00000E+00  0.00000E+00
    3.0789E+01 -3.72621E+01 -2.37232E+01  0.00000E+00  0.00000E+00
    3.0835E+01 -3.72621E+01 -2.37232E+01  0.00000E+00  0.00000E+00
    3.0880E+01 -3.72621E+01 -2.37232E+01  0.00000E+00  0.00000E+00
    3.0926E+01 -3.78653E+01 -2.43264E+01  0.00000E+00  0.00000E+00
    3.0971E+01 -3.78653E+01 -2.43264E+01  0.00000E+00  0.00000E+00
    3.1017E+01 -3.78653E+01 -2.43264E+01  0.00000E+00  0.00000E+00
    3.1063E+01 -3.78653E+01 -2.43264E+01  0.00000E+00  0.00000E+00
    3.1108E+01 -3.78653E+01 -2.43264E+01  0.00000E+00  0.00000E+00
    3.1154E+01 -3.78653E+01 -2.43264E+01  0.00000E+00  0.00000E+00
    3.1199E+01 -3.78653E+01 -2.43264E+01  0.00000E+00  0.00000E+00
    3.1245E+01 -3.78653E+01 -2.43264E+01  0.00000E+00  0.00000E+00
    3.1291E+01 -3.78653E+01 -2.43264E+01  0.00000E+00  0.00000E+00
    3.1336E+01 -3.78653E+01 -2.43264E+01  0.00000E+00  0.00000E+00
    3.1382E+01 -3.78653E+01 -2.43264E+01  0.00000E+00  0.00000E+00
    3.1428E+01 -3.78653E+01 -2.43264E+01  0.00000E+00  0.00000E+00
    3.1473E+01 -3.78653E+01 -2.43264E+01  0.00000E+00  0.00000E+00
    3.1519E+01 -3.78653E+01 -2.43264E+01  0.00000E+00  0.00000E+00
    3.1564E+01 -3.78653E+01 -2.43264E+01  0.00000E+00  0.00000E+00
    3.1610E+01 -3.78653E+01 -2.43264E+01  0.00000E+00  0.00000E+00
    3.1656E+01 -3.78653E+01 -2.43264E+01  0.00000E+00  0.00000E+00
    3.1701E+01 -3.78653E+01 -2.43264E+01  0.00000E+00  0.00000E+00
    3.1747E+01 -3.78653E+01 -2.43264E+01  0.00000E+00  0.00000E+00
    3.1792E+01 -3.78653E+01 -2.43264E+01  0.00000E+00  0.00000E+00
    3.1838E+01 -3.78653E+01 -2.43264E+01  0.00000E+00  0.00000E+00
    3.1884E+01 -3.78653E+01 -2.43264E+01  0.00000E+00  0.00000E+00
    3.1929E+01 -3.78653E+01 -2.43264E+01  0.00000E+00  0.00000E+00
    3.1975E+01 -3.78653E+01 -2.43264E+01  0.00000E+00  0.00000E+00
    3.2021E+01 -3.78653E+01 -2.43264E+01  0.00000E+00  0.00000E+00
    3.2066E+01 -3.78653E+01 -2.43264E+01  0.00000E+00  0.00000E+00
    3.2112E+01 -3.78653E+01 -2.43264E+01  0.00000E+00  0.00000E+00
    3.2157E+01 -3.78653E+01 -2.43264E+01  0.00000E+00  0.00000E+00
    3.2203E+01 -3.78653E+01 -2.43264E+01  0.00000E+00  0.00000E+00
    3.2249E+01 -3.78653E+01 -2.43264E+01  0.00000E+00  0.00000E+00
    3.2294E+01 -3.78653E+01 -2.43264E+01  0.00000E+00  0.00000E+00
    3.2340E+01 -3.78653E+01 -2.43264E+01  0.00000E+00  0.00000E+00
    3.2385E+01 -3.78653E+01 -2.43264E+01  0.00000E+00  0.00000E+00
    3.2431E+01 -3.78653E+01 -2.43264E+01  0.00000E+00  0.00000E+00
    3.2477E+01 -3.78653E+01 -2.43264E+01  0.00000E+00  0.00000E+00
    3.2522E+01 -3.78653E+01 -2.43264E+01  0.00000E+00  0.00000E+00
    3.2568E+01 -3.78653E+01 -2.43264E+01  0.00000E+00  0.00000E+00
    3.2614E+01 -3.78653E+01 -2.43264E+01  0.00000E+00  0.00000E+00
    3.2659E+01 -3.78653E+01 -2.43264E+01  0.00000E+00  0.00000E+00
    3.2705E+01 -3.80137E+01 -2.43600E+01  0.00000E+00  0.00000E+00
    3.2750E+01 -3.80137E+01 -2.43600E+01  0.00000E+00  0.00000E+00
    3.2796E+01 -3.80137E+01 -2.43600E+01  0.00000E+00  0.00000E+00
    3.2842E+01 -3.80137E+01 -2.43600E+01  0.00000E+00  0.00000E+00
    3.2887E+01 -3.80137E+01 -2.43600E+01  0.00000E+00  0.00000E+00
    3.2933E+01 -3.80137E+01 -2.43600E+01  0.00000E+00  0.00000E+00
    3.2978E+01 -3.80137E+01 -2.43600E+01  0.00000E+00  0.00000E+00
    3.3024E+01 -3.80137E+01 -2.43600E+01  0.00000E+00  0.00000E+00
    3.3070E+01 -3.80137E+01 -2.43600E+01  0.00000E+00  0.00000E+00
    3.3115E+01 -3.80137E+01 -2.43600E+01  0.00000E+00  0.00000E+00
    3.3161E+01 -3.80137E+01 -2.43600E+01  0.00000E+00  0.00000E+00
    3.3206E+01 -3.80137E+01 -2.43600E+01  0.00000E+00  0.00000E+00
    3.3252E+01 -3.83602E+01 -2.45338E+01  0.00000E+00  0.00000E+00
    3.3298E+01 -3.83602E+01 -2.45338E+01  0.00000E+00  0.00000E+00
    3.3343E+01 -3.83602E+01 -2.45338E+01  0.00000E+00  0.00000E+00
    3.3389E+01 -3.90667E+01 -2.49018E+01  0.00000E+00  0.00000E+00
    3.3435E+01 -3.90667E+01 -2.49018E+01  0.00000E+00  0.00000E+00
    3.3480E+01 -3.90667E+01 -2.49018E+01  0.00000E+00  0.00000E+00
    3.3526E+01 -3.90667E+01 -2.49018E+01  0.00000E+00  0.00000E+00
    3.3571E+01 -3.90667E+01 -2.49018E+01  0.00000E+00  0.00000E+00
    3.3617E+01 -3.90667E+01 -2.49018E+01  0.00000E+00  0.00000E+00
    3.3663E+01 -3.97394E+01 -2.55745E+01  0.00000E+00  0.00000E+00
    3.3708E+01 -3.97394E+01 -2.55745E+01  0.00000E+00  0.00000E+00
    3.3754E+01 -3.97394E+01 -2.55745E+01  0.00000E+00  0.00000E+00
    3.3799E+01 -3.97394E+01 -2.55745E+01  0.00000E+00  0.00000E+00
    3.3845E+01 -3.97394E+01 -2.55745E+01  0.00000E+00  0.00000E+00
    3.3891E+01 -3.97394E+01 -2.55745E+01  0.00000E+00  0.00000E+00
    3.3936E+01 -3.97394E+01 -2.55745E+01  0.00000E+00  0.00000E+00
    3.3982E+01 -3.97394E+01 -2.55745E+01  0.00000E+00  0.00000E+00
    3.4028E+01 -3.97394E+01 -2.55745E+01  0.00000E+00  0.00000E+00
    3.4073E+01 -3.97394E+01 -2.55745E+01  0.00000E+00  0.00000E+00
    3.4119E+01 -3.97394E+01 -2.55745E+01  0.00000E+00  0.00000E+00
    3.4164E+01 -3.98338E+01 -2.55745E+01  0.00000E+00  0.00000E+00
    3.4210E+01 -3.98338E+01 -2.55745E+01  0.00000E+00  0.00000E+00
    3.4256E+01 -3.98338E+01 -2.55745E+01  0.00000E+00  0.00000E+00
    3.4301E+01 -3.98338E+01 -2.55745E+01  0.00000E+00  0.00000E+00
    3.4347E+01 -3.98338E+01 -2.55745E+01  0.00000E+00  0.00000E+00
    3.4392E+01 -3.98338E+01 -2.55745E+01  0.00000E+00  0.00000E+00
    3.4438E+01 -3.98338E+01 -2.55745E+01  0.00000E+00  0.00000E+00
    3.4484E+01 -3.98338E+01 -2.55745E+01  0.00000E+00  0.00000E+00
    3.4529E+01 -3.98338E+01 -2.55745E+01  0.00000E+00  0.00000E+00
    3.4575E+01 -3.98338E+01 -2.55745E+01  0.00000E+00  0.00000E+00
    3.4620E+01 -3.98338E+01 -2.55745E+01  0.00000E+00  0.00000E+00
    3.4666E+01 -3.98338E+01 -2.55745E+01  0.00000E+00  0.00000E+00
    3.4712E+01 -3.98338E+01 -2.55745E+01  0.00000E+00  0.00000E+00
    3.4757E+01 -3.98338E+01 -2.55745E+01  0.00000E+00  0.00000E+00
    3.4803E+01 -3.98338E+01 -2.55745E+01  0.00000E+00  0.00000E+00
    3.4849E+01 -3.98338E+01 -2.55745E+01  0.00000E+00  0.00000E+00
    3.4894E+01 -3.98338E+01 -2.55745E+01  0.00000E+00  0.00000E+00
    3.4940E+01 -3.98338E+01 -2.55745E+01  0.00000E+00  0.00000E+00
    3.4985E+01 -3.98338E+01 -2.55745E+01  0.00000E+00  0.00000E+00
    3.5031E+01 -3.98338E+01 -2.55745E+01  0.00000E+00  0.00000E+00
    3.5077E+01 -3.98338E+01 -2.55745E+01  0.00000E+00  0.00000E+00
    3.5122E+01 -3.98338E+01 -2.55745E+01  0.00000E+00  0.00000E+00
    3.5168E+01 -3.98338E+01 -2.55745E+01  0.00000E+00  0.00000E+00
    3.5213E+01 -3.98338E+01 -2.55745E+01  0.00000E+00  0.00000E+00
    3.5259E+01 -3.98338E+01 -2.55745E+01  0.00000E+00  0.00000E+00
    3.5305E+01 -3.98338E+01 -2.55745E+01  0.00000E+00  0.00000E+00
    3.5350E+01 -4.01958E+01 -2.55745E+01  0.00000E+00  0.00000E+00
    3.5396E+01 -4.01958E+01 -2.55745E+01  0.00000E+00  0.00000E+00
    3.5442E+01 -4.01958E+01 -2.55745E+01  0.00000E+00  0.00000E+00
    3.5487E+01 -4.01958E+01 -2.55745E+01  0.00000E+00  0.00000E+00
    3.5533E+01 -4.01958E+01 -2.55745E+01  0.00000E+00  0.00000E+00
    3.5578E+01 -4.01958E+01 -2.55745E+01  0.00000E+00  0.00000E+00
    3.5624E+01 -4.07723E+01 -2.55745E+01  0.00000E+00  0.00000E+00
    3.5670E+01 -4.07723E+01 -2.55745E+01  0.00000E+00  0.00000E+00
    3.5715E+01 -4.07723E+01 -2.55745E+01  0.00000E+00  0.00000E+00
    3.5761E+01 -4.07723E+01 -2.55745E+01  0.00000E+00  0.00000E+00
    3.5806E+01 -4.07723E+01 -2.55745E+01  0.00000E+00  0.00000E+00
    3.5852E+01 -4.07723E+01 -2.55745E+01  0.00000E+00  0.00000E+00
    3.5898E+01 -4.07723E+01 -2.55745E+01  0.00000E+00  0.00000E+00
    3.5943E+01 -4.07723E+01 -2.55745E+01  0.00000E+00  0.00000E+00
    3.5989E+01 -4.07723E+01 -2.55745E+01  0.00000E+00  0.00000E+00
    3.6035E+01 -4.07723E+01 -2.55745E+01  0.00000E+00  0.00000E+00
    3.6080E+01 -4.07723E+01 -2.55745E+01  0.00000E+00  0.00000E+00
    3.6126E+01 -4.07723E+01 -2.55745E+01  0.00000E+00  0.00000E+00
    3.6171E+01 -4.07723E+01 -2.55745E+01  0.00000E+00  0.00000E+00
    3.6217E+01 -4.07723E+01 -2.55745E+01  0.00000E+00  0.00000E+00
    3.6263E+01 -4.07723E+01 -2.55745E+01  0.00000E+00  0.00000E+00
    3.6308E+01 -4.07723E+01 -2.55745E+01  0.00000E+00  0.00000E+00
    3.6354E+01 -4.07723E+01 -2.55745E+01  0.00000E+00  0.00000E+00
    3.6399E+01 -4.07723E+01 -2.55745E+01  0.00000E+00  0.00000E+00
    3.6445E+01 -4.07723E+01 -2.55745E+01  0.00000E+00  0.00000E+00
    3.6491E+01 -4.07723E+01 -2.55745E+01  0.00000E+00  0.00000E+00
    3.6536E+01 -4.07723E+01 -2.55745E+01  0.00000E+00  0.00000E+00
    3.6582E+01 -4.07723E+01 -2.55745E+01  0.00000E+00  0.00000E+00
    3.6627E+01 -4.07723E+01 -2.55745E+01  0.00000E+00  0.00000E+00
    3.6673E+01 -4.07723E+01 -2.55745E+01  0.00000E+00  0.00000E+00
    3.6719E+01 -4.07723E+01 -2.55745E+01  0.00000E+00  0.00000E+00
    3.6764E+01 -4.07723E+01 -2.55745E+01  0.00000E+00  0.00000E+00
    3.6810E+01 -4.07723E+01 -2.55745E+01  0.00000E+00  0.00000E+00
    3.6856E+01 -4.07723E+01 -2.55745E+01  0.00000E+00  0.00000E+00
    3.6901E+01 -4.07723E+01 -2.55745E+01  0.00000E+00  0.00000E+00
    3.6947E+01 -4.07723E+01 -2.55745E+01  0.00000E+00  0.00000E+00
    3.6992E+01 -4.07723E+01 -2.55745E+01  0.00000E+00  0.00000E+00
    3.7038E+01 -4.07723E+01 -2.55745E+01  0.00000E+00  0.00000E+00
    3.7084E+01 -4.07723E+01 -2.55745E+01  0.00000E+00  0.00000E+00
    3.7129E+01 -4.07723E+01 -2.55745E+01  0.00000E+00  0.00000E+00
    3.7175E+01 -4.07723E+01 -2.55745E+01  0.00000E+00  0.00000E+00
    3.7220E+01 -4.07723E+01 -2.55745E+01  0.00000E+00  0.00000E+00
    3.7266E+01 -4.07723E+01 -2.55745E+01  0.00000E+00  0.00000E+00
    3.7312E+01 -4.07723E+01 -2.55745E+01  0.00000E+00  0.00000E+00
    3.7357E+01 -4.07723E+01 -2.55745E+01  0.00000E+00  0.00000E+00
    3.7403E+01 -4.07723E+01 -2.55745E+01  0.00000E+00  0.00000E+00
    3.7449E+01 -4.07723E+01 -2.55745E+01  0.00000E+00  0.00000E+00
    3.7494E+01 -4.07723E+01 -2.55745E+01  0.00000E+00  0.00000E+00
    3.7540E+01 -4.07723E+01 -2.55745E+01  0.00000E+00  0.00000E+00
    3.7585E+01 -4.07723E+01 -2.55745E+01  0.00000E+00  0.00000E+00
    3.7631E+01 -4.07723E+01 -2.55745E+01  0.00000E+00  0.00000E+00
    3.7677E+01 -4.07723E+01 -2.55745E+01  0.00000E+00  0.00000E+00
    3.7722E+01 -4.07723E+01 -2.55745E+01  0.00000E+00  0.00000E+00
    3.7768E+01 -4.07723E+01 -2.55745E+01  0.00000E+00  0.00000E+00
    3.7813E+01 -4.07723E+01 -2.55745E+01  0.00000E+00  0.00000E+00
    3.7859E+01 -4.07723E+01 -2.55745E+01  0.00000E+00  0.00000E+00
    3.7905E+01 -4.07723E+01 -2.55745E+01  0.00000E+00  0.00000E+00
    3.7950E+01 -4.07723E+01 -2.55745E+01  0.00000E+00  0.00000E+00
    3.7996E+01 -4.07723E+01 -2.55745E+01  0.00000E+00  0.00000E+00
    3.8041E+01 -4.07723E+01 -2.55745E+01  0.00000E+00  0.00000E+00
    3.8087E+01 -4.07723E+01 -2.55745E+01  0.00000E+00  0.00000E+00
    3.8133E+01 -4.07723E+01 -2.55745E+01  0.00000E+00  0.00000E+00
    3.8178E+01 -4.07723E+01 -2.55745E+01  0.00000E+00  0.00000E+00
    3.8224E+01 -4.07723E+01 -2.55745E+01  0.00000E+00  0.00000E+00
    3.8270E+01 -4.07723E+01 -2.55745E+01  0.00000E+00  0.00000E+00
    3.8315E+01 -4.07723E+01 -2.55745E+01  0.00000E+00  0.00000E+00
    3.8361E+01 -4.07723E+01 -2.55745E+01  0.00000E+00  0.00000E+00
    3.8406E+01 -4.07723E+01 -2.55745E+01  0.00000E+00  0.00000E+00
    3.8452E+01 -4.07723E+01 -2.55745E+01  0.00000E+00  0.00000E+00
    3.8498E+01 -4.07723E+01 -2.55745E+01  0.00000E+00  0.00000E+00
    3.8543E+01 -4.07723E+01 -2.55745E+01  0.00000E+00  0.00000E+00
    3.8589E+01 -4.07723E+01 -2.55745E+01  0.00000E+00  0.00000E+00
    3.8634E+01 -4.07723E+01 -2.55745E+01  0.00000E+00  0.00000E+00
    3.8680E+01 -4.22854E+01 -2.63438E+01  0.00000E+00  0.00000E+00
    3.8726E+01 -4.22854E+01 -2.63438E+01  0.00000E+00  0.00000E+00
    3.8771E+01 -4.22854E+01 -2.63438E+01  0.00000E+00  0.00000E+00
    3.8817E+01 -4.22854E+01 -2.63438E+01  0.00000E+00  0.00000E+00
    3.8863E+01 -4.22854E+01 -2.63438E+01  0.00000E+00  0.00000E+00
    3.8908E+01 -4.22854E+01 -2.63438E+01  0.00000E+00  0.00000E+00
    3.8954E+01 -4.22854E+01 -2.63438E+01  0.00000E+00  0.00000E+00
    3.8999E+01 -4.22854E+01 -2.63438E+01  0.00000E+00  0.00000E+00
    3.9045E+01 -4.22854E+01 -2.63438E+01  0.00000E+00  0.00000E+00
    3.9091E+01 -4.22854E+01 -2.63438E+01  0.00000E+00  0.00000E+00
    3.9136E+01 -4.22854E+01 -2.63438E+01  0.00000E+00  0.00000E+00
    3.9182E+01 -4.22854E+01 -2.63438E+01  0.00000E+00  0.00000E+00
    3.9227E+01 -4.22854E+01 -2.63438E+01  0.00000E+00  0.00000E+00
    3.9273E+01 -4.22854E+01 -2.63438E+01  0.00000E+00  0.00000E+00
    3.9319E+01 -4.22854E+01 -2.63438E+01  0.00000E+00  0.00000E+00
    3.9364E+01 -4.22854E+01 -2.63438E+01  0.00000E+00  0.00000E+00
    3.9410E+01 -4.22854E+01 -2.63438E+01  0.00000E+00  0.00000E+00
    3.9456E+01 -4.22854E+01 -2.63438E+01  0.00000E+00  0.00000E+00
    3.9501E+01 -4.22854E+01 -2.63438E+01  0.00000E+00  0.00000E+00
    3.9547E+01 -4.22854E+01 -2.63438E+01  0.00000E+00  0.00000E+00
    3.9592E+01 -4.22854E+01 -2.63438E+01  0.00000E+00  0.00000E+00
    3.9638E+01 -4.22854E+01 -2.63438E+01  0.00000E+00  0.00000E+00
    3.9684E+01 -4.22854E+01 -2.63438E+01  0.00000E+00  0.00000E+00
    3.9729E+01 -4.22854E+01 -2.63438E+01  0.00000E+00  0.00000E+00
    3.9775E+01 -4.22854E+01 -2.63438E+01  0.00000E+00  0.00000E+00
    3.9820E+01 -4.22854E+01 -2.63438E+01  0.00000E+00  0.00000E+00
    3.9866E+01 -4.22854E+01 -2.63438E+01  0.00000E+00  0.00000E+00
    3.9912E+01 -4.22854E+01 -2.63438E+01  0.00000E+00  0.00000E+00
    3.9957E+01 -4.22854E+01 -2.63438E+01  0.00000E+00  0.00000E+00
    4.0003E+01 -4.22854E+01 -2.63438E+01  0.00000E+00  0.00000E+00
    4.0048E+01 -4.22854E+01 -2.63438E+01  0.00000E+00  0.00000E+00
    4.0094E+01 -4.22854E+01 -2.63438E+01  0.00000E+00  0.00000E+00
    4.0140E+01 -4.22854E+01 -2.63438E+01  0.00000E+00  0.00000E+00
    4.0185E+01 -4.22854E+01 -2.63438E+01  0.00000E+00  0.00000E+00
    4.0231E+01 -4.27149E+01 -2.63438E+01  0.00000E+00  0.00000E+00
    4.0277E+01 -4.27149E+01 -2.63438E+01  0.00000E+00  0.00000E+00
    4.0322E+01 -4.27149E+01 -2.63438E+01  0.00000E+00  0.00000E+00
    4.0368E+01 -4.27149E+01 -2.63438E+01  0.00000E+00  0.00000E+00
    4.0413E+01 -4.27149E+01 -2.63438E+01  0.00000E+00  0.00000E+00
    4.0459E+01 -4.27149E+01 -2.63438E+01  0.00000E+00  0.00000E+00
    4.0505E+01 -4.27149E+01 -2.63438E+01  0.00000E+00  0.00000E+00
    4.0550E+01 -4.27149E+01 -2.63438E+01  0.00000E+00  0.00000E+00
    4.0596E+01 -4.27149E+01 -2.63438E+01  0.00000E+00  0.00000E+00
    4.0641E+01 -4.27149E+01 -2.63438E+01  0.00000E+00  0.00000E+00
    4.0687E+01 -4.27149E+01 -2.63438E+01  0.00000E+00  0.00000E+00
    4.0733E+01 -4.27149E+01 -2.63438E+01  0.00000E+00  0.00000E+00
    4.0778E+01 -4.27149E+01 -2.63438E+01  0.00000E+00  0.00000E+00
    4.0824E+01 -4.27149E+01 -2.63438E+01  0.00000E+00  0.00000E+00
    4.0870E+01 -4.27149E+01 -2.63438E+01  0.00000E+00  0.00000E+00
    4.0915E+01 -4.27149E+01 -2.63438E+01  0.00000E+00  0.00000E+00
    4.0961E+01 -4.27149E+01 -2.63438E+01  0.00000E+00  0.00000E+00
    4.1006E+01 -4.27149E+01 -2.63438E+01  0.00000E+00  0.00000E+00
    4.1052E+01 -4.27149E+01 -2.63438E+01  0.00000E+00  0.00000E+00
    4.1098E+01 -4.27149E+01 -2.63438E+01  0.00000E+00  0.00000E+00
    4.1143E+01 -4.27149E+01 -2.63438E+01  0.00000E+00  0.00000E+00
    4.1189E+01 -4.27149E+01 -2.63438E+01  0.00000E+00  0.00000E+00
    4.1234E+01 -4.27149E+01 -2.63438E+01  0.00000E+00  0.00000E+00
    4.1280E+01 -4.27149E+01 -2.63438E+01  0.00000E+00  0.00000E+00
    4.1326E+01 -4.27149E+01 -2.63438E+01  0.00000E+00  0.00000E+00
    4.1371E+01 -4.27149E+01 -2.63438E+01  0.00000E+00  0.00000E+00
    4.1417E+01 -4.27149E+01 -2.63438E+01  0.00000E+00  0.00000E+00
    4.1462E+01 -4.27149E+01 -2.63438E+01  0.00000E+00  0.00000E+00
    4.1508E+01 -4.27149E+01 -2.63438E+01  0.00000E+00  0.00000E+00
    4.1554E+01 -4.27149E+01 -2.63438E+01  0.00000E+00  0.00000E+00
    4.1599E+01 -4.27149E+01 -2.63438E+01  0.00000E+00  0.00000E+00
    4.1645E+01 -4.27149E+01 -2.63438E+01  0.00000E+00  0.00000E+00
    4.1691E+01 -4.27149E+01 -2.63438E+01  0.00000E+00  0.00000E+00
    4.1736E+01 -4.27149E+01 -2.63438E+01  0.00000E+00  0.00000E+00
    4.1782E+01 -4.27149E+01 -2.63438E+01  0.00000E+00  0.00000E+00
    4.1827E+01 -4.27149E+01 -2.63438E+01  0.00000E+00  0.00000E+00
    4.1873E+01 -4.27149E+01 -2.63438E+01  0.00000E+00  0.00000E+00
    4.1919E+01 -4.27149E+01 -2.63438E+01  0.00000E+00  0.00000E+00
    4.1964E+01 -4.27149E+01 -2.63438E+01  0.00000E+00  0.00000E+00
    4.2010E+01 -4.27149E+01 -2.63438E+01  0.00000E+00  0.00000E+00
    4.2055E+01 -4.27149E+01 -2.63438E+01  0.00000E+00  0.00000E+00
    4.2101E+01 -4.27149E+01 -2.63438E+01  0.00000E+00  0.00000E+00
    4.2147E+01 -4.27149E+01 -2.63438E+01  0.00000E+00  0.00000E+00
    4.2192E+01 -4.27149E+01 -2.63438E+01  0.00000E+00  0.00000E+00
    4.2238E+01 -4.27149E+01 -2.63438E+01  0.00000E+00  0.00000E+00
    4.2284E+01 -4.27149E+01 -2.63438E+01  0.00000E+00  0.00000E+00
    4.2329E+01 -4.27149E+01 -2.63438E+01  0.00000E+00  0.00000E+00
    4.2375E+01 -4.27149E+01 -2.63438E+01  0.00000E+00  0.00000E+00
    4.2420E+01 -4.27149E+01 -2.63438E+01  0.00000E+00  0.00000E+00
    4.2466E+01 -4.27149E+01 -2.63438E+01  0.00000E+00  0.00000E+00
    4.2512E+01 -4.27149E+01 -2.63438E+01  0.00000E+00  0.00000E+00
    4.2557E+01 -4.27149E+01 -2.63438E+01  0.00000E+00  0.00000E+00
    4.2603E+01 -4.27149E+01 -2.63438E+01  0.00000E+00  0.00000E+00
    4.2648E+01 -4.27149E+01 -2.63438E+01  0.00000E+00  0.00000E+00
    4.2694E+01 -4.27149E+01 -2.63438E+01  0.00000E+00  0.00000E+00
    4.2740E+01 -4.27149E+01 -2.63438E+01  0.00000E+00  0.00000E+00
    4.2785E+01 -4.27149E+01 -2.63438E+01  0.00000E+00  0.00000E+00
    4.2831E+01 -4.27149E+01 -2.63438E+01  0.00000E+00  0.00000E+00
    4.2877E+01 -4.27149E+01 -2.63438E+01  0.00000E+00  0.00000E+00
    4.2922E+01 -4.27149E+01 -2.63438E+01  0.00000E+00  0.00000E+00
    4.2968E+01 -4.27149E+01 -2.63438E+01  0.00000E+00  0.00000E+00
    4.3013E+01 -4.27149E+01 -2.63438E+01  0.00000E+00  0.00000E+00
    4.3059E+01 -4.27149E+01 -2.63438E+01  0.00000E+00  0.00000E+00
    4.3105E+01 -4.27149E+01 -2.63438E+01  0.00000E+00  0.00000E+00
    4.3150E+01 -4.27149E+01 -2.63438E+01  0.00000E+00  0.00000E+00
    4.3196E+01 -4.27149E+01 -2.63438E+01  0.00000E+00  0.00000E+00
    4.3241E+01 -4.27149E+01 -2.63438E+01  0.00000E+00  0.00000E+00
    4.3287E+01 -4.27149E+01 -2.63438E+01  0.00000E+00  0.00000E+00
    4.3333E+01 -4.27149E+01 -2.63438E+01  0.00000E+00  0.00000E+00
    4.3378E+01 -4.27149E+01 -2.63438E+01  0.00000E+00  0.00000E+00
    4.3424E+01 -4.35053E+01 -2.65158E+01  0.00000E+00  0.00000E+00
    4.3469E+01 -4.35053E+01 -2.65158E+01  0.00000E+00  0.00000E+00
    4.3515E+01 -4.35053E+01 -2.65158E+01  0.00000E+00  0.00000E+00
    4.3561E+01 -4.35053E+01 -2.65158E+01  0.00000E+00  0.00000E+00
    4.3606E+01 -4.35053E+01 -2.65158E+01  0.00000E+00  0.00000E+00
    4.3652E+01 -4.35053E+01 -2.65158E+01  0.00000E+00  0.00000E+00
    4.3698E+01 -4.35053E+01 -2.65158E+01  0.00000E+00  0.00000E+00
    4.3743E+01 -4.35053E+01 -2.65158E+01  0.00000E+00  0.00000E+00
    4.3789E+01 -4.35053E+01 -2.65158E+01  0.00000E+00  0.00000E+00
    4.3834E+01 -4.35053E+01 -2.65158E+01  0.00000E+00  0.00000E+00
    4.3880E+01 -4.35053E+01 -2.65158E+01  0.00000E+00  0.00000E+00
    4.3926E+01 -4.35053E+01 -2.65158E+01  0.00000E+00  0.00000E+00
    4.3971E+01 -4.35053E+01 -2.65158E+01  0.00000E+00  0.00000E+00
    4.4017E+01 -4.35053E+01 -2.65158E+01  0.00000E+00  0.00000E+00
    4.4062E+01 -4.35053E+01 -2.65158E+01  0.00000E+00  0.00000E+00
    4.4108E+01 -4.35053E+01 -2.65158E+01  0.00000E+00  0.00000E+00
    4.4154E+01 -4.35053E+01 -2.65158E+01  0.00000E+00  0.00000E+00
    4.4199E+01 -4.35053E+01 -2.65158E+01  0.00000E+00  0.00000E+00
    4.4245E+01 -4.35053E+01 -2.65158E+01  0.00000E+00  0.00000E+00
    4.4291E+01 -4.35053E+01 -2.65158E+01  0.00000E+00  0.00000E+00
    4.4336E+01 -4.35053E+01 -2.65158E+01  0.00000E+00  0.00000E+00
    4.4382E+01 -4.35053E+01 -2.65158E+01  0.00000E+00  0.00000E+00
    4.4427E+01 -4.35053E+01 -2.65158E+01  0.00000E+00  0.00000E+00
    4.4473E+01 -4.35053E+01 -2.65158E+01  0.00000E+00  0.00000E+00
    4.4519E+01 -4.35053E+01 -2.65158E+01  0.00000E+00  0.00000E+00
    4.4564E+01 -4.35053E+01 -2.65158E+01  0.00000E+00  0.00000E+00
    4.4610E+01 -4.35053E+01 -2.65158E+01  0.00000E+00  0.00000E+00
    4.4655E+01 -4.35053E+01 -2.65158E+01  0.00000E+00  0.00000E+00
    4.4701E+01 -4.35053E+01 -2.65158E+01  0.00000E+00  0.00000E+00
    4.4747E+01 -4.35053E+01 -2.65158E+01  0.00000E+00  0.00000E+00
    4.4792E+01 -4.35053E+01 -2.65158E+01  0.00000E+00  0.00000E+00
    4.4838E+01 -4.35053E+01 -2.65158E+01  0.00000E+00  0.00000E+00
    4.4883E+01 -4.35053E+01 -2.65158E+01  0.00000E+00  0.00000E+00
    4.4929E+01 -4.35053E+01 -2.65158E+01  0.00000E+00  0.00000E+00
    4.4975E+01 -4.35053E+01 -2.65158E+01  0.00000E+00  0.00000E+00
    4.5020E+01 -4.35053E+01 -2.65158E+01  0.00000E+00  0.00000E+00
    4.5066E+01 -4.35053E+01 -2.65158E+01  0.00000E+00  0.00000E+00
    4.5112E+01 -4.35053E+01 -2.65158E+01  0.00000E+00  0.00000E+00
    4.5157E+01 -4.35053E+01 -2.65158E+01  0.00000E+00  0.00000E+00
    4.5203E+01 -4.35053E+01 -2.65158E+01  0.00000E+00  0.00000E+00
    4.5248E+01 -4.35053E+01 -2.65158E+01  0.00000E+00  0.00000E+00
    4.5294E+01 -4.35053E+01 -2.65158E+01  0.00000E+00  0.00000E+00
    4.5340E+01 -4.35053E+01 -2.65158E+01  0.00000E+00  0.00000E+00
    4.5385E+01 -4.35053E+01 -2.65158E+01  0.00000E+00  0.00000E+00
    4.5431E+01 -4.35053E+01 -2.65158E+01  0.00000E+00  0.00000E+00
    4.5476E+01 -4.35053E+01 -2.65158E+01  0.00000E+00  0.00000E+00
    4.5522E+01 -4.35053E+01 -2.65158E+01  0.00000E+00  0.00000E+00
    4.5568E+01 -4.45608E+01 -2.68005E+01  0.00000E+00  0.00000E+00
