        1038    5    7.7829    3.2108E+01
        1039    5    7.7487    3.5269E+01
        1040    5    7.7442    3.5116E+01
        1041    5    7.7662    3.3146E+01
        1099    5    7.6914    3.5251E+01
        1100    5    7.6647    3.2679E+01
        1101    5    7.6652    3.1987E+01
        1102    5    7.6915    3.3428E+01
        1103    5    7.7424    3.3710E+01
        1160    5    7.6167    2.6818E+01
        1161    5    7.5962    2.2899E+01
        1162    5    7.6015    2.2903E+01
        1163    5    7.6330    2.6958E+01
        1164    5    7.6892    3.2259E+01
        1165    5    7.7620    3.2100E+01
        1221    5    7.5549    1.5814E+01
        1222    5    7.5392    1.3148E+01
        1223    5    7.5501    1.3800E+01
        1224    5    7.5882    1.9668E+01
        1225    5    7.6498    2.8617E+01
        1226    5    7.7227    3.3701E+01
        1227    5    7.7893    2.9302E+01
        1282    5    7.5024    9.8176E+00
        1283    5    7.4916    8.8587E+00
        1284    5    7.5093    9.2399E+00
        1285    5    7.5551    1.4296E+01
        1286    5    7.6209    2.5169E+01
        1287    5    7.6901    3.2951E+01
        1288    5    7.7455    3.4125E+01
        1289    5    7.7811    3.1261E+01
        1343    5    7.4582    7.9103E+00
        1344    5    7.4530    7.8517E+00
        1345    5    7.4788    7.8623E+00
        1346    5    7.5321    1.1676E+01
        1347    5    7.5994    2.2387E+01
        1348    5    7.6610    3.1068E+01
        1349    5    7.7046    3.5002E+01
        1350    5    7.7320    3.5582E+01
        1351    5    7.7516    3.5114E+01
        1352    5    7.7709    3.3442E+01
        1404    5    7.4232    6.8992E+00
        1405    5    7.4248    6.7885E+00
        1406    5    7.4592    7.6381E+00
        1407    5    7.5182    1.0671E+01
        1408    5    7.5830    1.9974E+01
        1409    5    7.6348    2.8424E+01
        1410    5    7.6688    3.2715E+01
        1411    5    7.6921    3.5098E+01
        1412    5    7.7129    3.6349E+01
        1413    5    7.7372    3.6240E+01
        1414    5    7.7689    3.3882E+01
        1465    5    7.3995    4.8110E+00
        1466    5    7.4084    5.7794E+00
        1467    5    7.4504    7.4415E+00
        1468    5    7.5122    1.0501E+01
        1469    5    7.5711    1.8254E+01
        1470    5    7.6127    2.5498E+01
        1471    5    7.6403    2.9844E+01
        1472    5    7.6626    3.2718E+01
        1473    5    7.6864    3.5166E+01
        1474    5    7.7161    3.6697E+01
        1475    5    7.7541    3.5449E+01
        1526    5    7.3882    3.9861E+00
        1527    5    7.4043    5.0803E+00
        1528    5    7.4524    7.4168E+00
        1529    5    7.5135    1.0628E+01
        1530    5    7.5635    1.7196E+01
        1531    5    7.5962    2.3029E+01
        1532    5    7.6201    2.7317E+01
        1533    5    7.6433    3.0746E+01
        1534    5    7.6711    3.3926E+01
        1535    5    7.7061    3.6607E+01
        1536    5    7.7494    3.5824E+01
        1587    5    7.3898    4.0045E+00
        1588    5    7.4125    6.1599E+00
        1589    5    7.4647    8.0603E+00
        1590    5    7.5211    1.1339E+01
        1591    5    7.5600    1.7081E+01
        1592    5    7.5856    2.1446E+01
        1593    5    7.6081    2.5627E+01
        1594    5    7.6339    2.9567E+01
        1595    5    7.6660    3.3476E+01
        1648    5    7.4041    5.5036E+00
        1648    6    7.7384    3.8842E+01
        1649    5    7.4329    7.1306E+00
        1649    6    7.7105    3.9014E+01
        1650    5    7.4865    8.7255E+00
        1650    6    7.7319    3.8501E+01
        1651    5    7.5323    1.2917E+01
        1652    5    7.5594    1.7547E+01
        1653    5    7.5806    2.0846E+01
        1654    5    7.6042    2.5076E+01
        1709    5    7.4310    7.1452E+00
        1709    6    7.6523    3.4672E+01
        1710    5    7.4651    8.5257E+00
        1710    6    7.6331    3.2001E+01
        1711    5    7.5140    1.1346E+01
        1711    6    7.6714    3.5842E+01
        1712    5    7.5415    1.4842E+01
        1713    5    7.5595    1.7858E+01
        1770    5    7.4699    8.7030E+00
        1770    6    7.5809    2.2945E+01
        1771    5    7.5073    1.1043E+01
        1771    6    7.5697    2.0937E+01
        1772    5    7.5305    1.3667E+01
        1772    6    7.6441    3.2796E+01
        1831    5    7.5202    1.2793E+01
        1831    6    7.5202    1.2704E+01
        4700    5    7.7158    3.5778E+01
        4701    5    7.7138    3.5230E+01
        4702    5    7.7387    3.4467E+01
        4703    5    7.7887    2.9764E+01
        4761    5    7.6388    2.9230E+01
        4762    5    7.6423    2.8968E+01
        4763    5    7.6725    3.1534E+01
        4764    5    7.7281    3.3764E+01
        4822    5    7.5761    1.8789E+01
        4823    5    7.5853    1.9644E+01
        4824    5    7.6220    2.5106E+01
        4825    5    7.6836    3.1748E+01
        4826    5    7.7601    3.2326E+01
        4883    5    7.5248    1.1101E+01
        4884    5    7.5406    1.2331E+01
        4885    5    7.5849    1.9076E+01
        4886    5    7.6520    2.9026E+01
        4887    5    7.7270    3.3980E+01
        4888    5    7.7915    2.9171E+01
        4944    5    7.4833    8.0513E+00
        4945    5    7.5069    9.0631E+00
        4946    5    7.5592    1.5152E+01
        4947    5    7.6296    2.6797E+01
        4948    5    7.6990    3.4037E+01
        4949    5    7.7510    3.4239E+01
        4950    5    7.7834    3.1188E+01
        5005    5    7.4517    7.3131E+00
        5006    5    7.4839    8.1043E+00
        5007    5    7.5433    1.3348E+01
        5008    5    7.6135    2.5067E+01
        5009    5    7.6735    3.2672E+01
        5010    5    7.7137    3.5645E+01
        5011    5    7.7392    3.5733E+01
        5012    5    7.7588    3.4817E+01
        5013    5    7.7801    3.2380E+01
        5066    5    7.4312    6.7325E+00
        5067    5    7.4717    8.0314E+00
        5068    5    7.5357    1.2834E+01
        5069    5    7.6017    2.3637E+01
        5070    5    7.6508    3.0888E+01
        5071    5    7.6821    3.4344E+01
        5072    5    7.7045    3.6207E+01
        5073    5    7.7262    3.6615E+01
        5074    5    7.7527    3.5712E+01
        5075    5    7.7872    3.1340E+01
        5127    5    7.4222    6.4059E+00
        5128    5    7.4698    8.2275E+00
        5129    5    7.5355    1.3026E+01
        5130    5    7.5937    2.2501E+01
        5131    5    7.6323    2.8911E+01
        5132    5    7.6579    3.2444E+01
        5133    5    7.6801    3.4832E+01
        5134    5    7.7053    3.6729E+01
        5135    5    7.7372    3.6682E+01
        5136    5    7.7777    3.2947E+01
        5188    5    7.4249    6.4789E+00
        5189    5    7.4782    8.4989E+00
        5190    5    7.5419    1.4032E+01
        5191    5    7.5897    2.2097E+01
        5192    5    7.6193    2.7538E+01
        5193    5    7.6420    3.0914E+01
        5194    5    7.6658    3.3714E+01
        5195    5    7.6952    3.6347E+01
        5196    5    7.7324    3.6880E+01
        5249    5    7.4394    7.1250E+00
        5249    6    7.7720    3.5555E+01
        5250    5    7.4965    9.2867E+00
        5250    6    7.7819    3.3873E+01
        5251    5    7.5537    1.6357E+01
        5252    5    7.5889    2.2476E+01
        5253    5    7.6119    2.6730E+01
        5254    5    7.6342    3.0062E+01
        5255    5    7.6613    3.3347E+01
        5310    5    7.4656    8.3935E+00
        5310    6    7.6864    3.7553E+01
        5311    5    7.5242    1.2268E+01
        5311    6    7.7086    3.8462E+01
        5312    5    7.5670    1.9091E+01
        5313    5    7.5895    2.3022E+01
        5314    5    7.6096    2.6512E+01
        5371    5    7.5038    1.0464E+01
        5371    6    7.6152    2.8877E+01
        5372    5    7.5546    1.7322E+01
        5372    6    7.6561    3.4233E+01
        5373    5    7.5735    2.0383E+01
        5432    5    7.5533    1.7621E+01
        5432    6    7.5548    1.7629E+01
        8362    5    7.7135    3.4826E+01
        8363    5    7.7433    3.3968E+01
        8423    5    7.6486    2.9271E+01
        8424    5    7.6859    3.2305E+01
        8425    5    7.7506    3.2997E+01
        8484    5    7.5992    2.1702E+01
        8485    5    7.6450    2.8158E+01
        8486    5    7.7170    3.3704E+01
        8545    5    7.5632    1.5564E+01
        8546    5    7.6182    2.4720E+01
        8547    5    7.6961    3.3299E+01
        8548    5    7.7789    3.1034E+01
        8606    5    7.5392    1.2389E+01
        8607    5    7.6028    2.2894E+01
        8608    5    7.6836    3.3045E+01
        8609    5    7.7590    3.3665E+01
        8667    5    7.5258    1.1398E+01
        8668    5    7.5966    2.2595E+01
        8669    5    7.6763    3.3083E+01
        8670    5    7.7405    3.5343E+01
        8671    5    7.7805    3.1998E+01
        8728    5    7.5223    1.1511E+01
        8729    5    7.5979    2.3350E+01
        8730    5    7.6725    3.3220E+01
        8731    5    7.7238    3.6211E+01
        8732    5    7.7541    3.5448E+01
        8733    5    7.7757    3.3281E+01
        8789    5    7.5279    1.2366E+01
        8790    5    7.6059    2.4939E+01
        8791    5    7.6716    3.3567E+01
        8792    5    7.7105    3.6680E+01
        8793    5    7.7347    3.6849E+01
        8794    5    7.7563    3.5835E+01
        8795    5    7.7820    3.2577E+01
        8850    5    7.5429    1.4445E+01
        8851    5    7.6206    2.7619E+01
        8852    5    7.6735    3.4241E+01
        8853    5    7.7017    3.6832E+01
        8854    5    7.7231    3.7351E+01
        8855    5    7.7469    3.6736E+01
        8856    5    7.7772    3.3431E+01
        8911    5    7.5679    1.8942E+01
        8911    6    7.7838    3.3224E+01
        8912    5    7.6409    3.0843E+01
        8913    5    7.6769    3.5000E+01
        8914    5    7.6976    3.6908E+01
        8915    5    7.7195    3.7490E+01
        8972    5    7.6042    2.5890E+01
        8972    6    7.7134    3.8092E+01
        8973    5    7.6602    3.3378E+01
        8974    5    7.6787    3.5361E+01
        9033    5    7.6519    3.3057E+01
        9033    6    7.6541    3.3351E+01
       12024    5    7.7804    3.0743E+01
       12085    5    7.7329    3.3699E+01
       12146    5    7.7030    3.3350E+01
       12147    5    7.7901    2.9083E+01
       12207    5    7.6873    3.2734E+01
       12208    5    7.7812    3.0755E+01
       12268    5    7.6820    3.3025E+01
       12269    5    7.7799    3.1412E+01
       12329    5    7.6845    3.3943E+01
       12330    5    7.7829    3.1401E+01
       12390    5    7.6931    3.5203E+01
       12391    5    7.7891    3.0677E+01
       12451    5    7.7081    3.6443E+01
       12512    5    7.7313    3.6885E+01
       12573    5    7.7646    3.5311E+01
