        1038    5    7.7829    1.3467E+00    4.2034E-01    1.3207E+00    1.1338E-01    3.9856E-02    3.5064E-01    2.5732E+00    1.1057E+00    5.9767E+00    2.4877E+00    1.2707E+00    1.5102E+01
        1039    5    7.7487    1.8994E+00    5.9692E-01    2.1021E+00    2.1126E-01    7.4681E-02    7.0523E-01    3.0892E+00    1.2400E+00    6.7216E+00    2.3470E+00    1.3643E+00    1.4918E+01
        1040    5    7.7442    1.9035E+00    6.2635E-01    2.1697E+00    2.1561E-01    8.8549E-02    7.5008E-01    3.0960E+00    1.3117E+00    6.7121E+00    2.2186E+00    1.5282E+00    1.4496E+01
        1041    5    7.7662    1.5706E+00    5.6089E-01    1.6451E+00    1.3657E-01    6.9752E-02    4.7215E-01    2.8809E+00    1.3702E+00    6.2360E+00    2.2106E+00    1.7748E+00    1.4219E+01
        1099    5    7.6914    2.2628E+00    6.9324E-01    2.8294E+00    3.4817E-01    1.2422E-01    1.3695E+00    3.1775E+00    1.1622E+00    6.9246E+00    1.9349E+00    1.1046E+00    1.3319E+01
        1100    5    7.6647    2.1361E+00    6.6048E-01    2.9244E+00    3.5366E-01    1.4042E-01    1.4699E+00    2.9102E+00    1.0742E+00    6.6170E+00    1.5735E+00    9.7805E-01    1.1841E+01
        1101    5    7.6652    1.9746E+00    6.8949E-01    2.8338E+00    3.4216E-01    1.6070E-01    1.4289E+00    2.7293E+00    1.1504E+00    6.4227E+00    1.5350E+00    1.1988E+00    1.1521E+01
        1102    5    7.6915    1.9246E+00    7.7305E-01    2.6184E+00    3.2275E-01    1.7291E-01    1.2622E+00    2.7715E+00    1.3710E+00    6.4520E+00    1.8265E+00    1.6737E+00    1.2260E+01
        1103    5    7.7424    1.7475E+00    7.7039E-01    2.0198E+00    2.1195E-01    1.2069E-01    6.9489E-01    2.7825E+00    1.6575E+00    6.3479E+00    2.2789E+00    2.1081E+00    1.2970E+01
        1160    5    7.6167    1.9308E+00    5.6386E-01    2.9230E+00    3.3235E-01    1.4599E-01    1.4871E+00    2.4185E+00    7.7368E-01    5.6780E+00    1.0659E+00    6.4493E-01    8.8535E+00
        1161    5    7.5962    1.6594E+00    4.9996E-01    2.7787E+00    3.1680E-01    1.6779E-01    1.4661E+00    2.0330E+00    6.7091E-01    4.9654E+00    8.0941E-01    4.9961E-01    7.0320E+00
        1162    5    7.6015    1.5089E+00    5.5364E-01    2.6449E+00    3.1592E-01    1.8290E-01    1.4156E+00    1.8687E+00    7.7029E-01    4.8165E+00    9.0260E-01    7.1416E-01    7.2086E+00
        1163    5    7.6330    1.6167E+00    7.2569E-01    2.6116E+00    3.3469E-01    2.1034E-01    1.3568E+00    2.0766E+00    1.1108E+00    5.3029E+00    1.2913E+00    1.2855E+00    9.0347E+00
        1164    5    7.6892    1.7946E+00    9.1307E-01    2.4659E+00    3.4593E-01    2.1279E-01    1.1639E+00    2.4664E+00    1.6098E+00    6.1288E+00    2.0530E+00    1.9560E+00    1.1149E+01
        1165    5    7.7620    1.3875E+00    8.1397E-01    1.5931E+00    1.6449E-01    9.7912E-02    4.3066E-01    2.2641E+00    1.9159E+00    6.3067E+00    2.7812E+00    2.4575E+00    1.1887E+01
        1221    5    7.5549    1.4103E+00    3.9246E-01    2.5956E+00    2.8578E-01    1.5604E-01    1.5072E+00    1.5560E+00    4.1575E-01    3.4108E+00    3.8432E-01    1.0033E-01    3.5999E+00
        1222    5    7.5392    1.2028E+00    3.6602E-01    2.4402E+00    2.8712E-01    1.7128E-01    1.5590E+00    1.2668E+00    3.6640E-01    2.6707E+00    2.5745E-01    6.1525E-02    2.4986E+00
        1223    5    7.5501    1.1195E+00    4.5123E-01    2.2673E+00    2.9243E-01    1.9162E-01    1.4422E+00    1.1874E+00    4.8917E-01    2.7382E+00    3.5437E-01    1.4549E-01    3.1212E+00
        1224    5    7.5882    1.3582E+00    6.5409E-01    2.2804E+00    3.2835E-01    2.2390E-01    1.3152E+00    1.5738E+00    8.9690E-01    3.9247E+00    8.0290E-01    6.2001E-01    5.6896E+00
        1225    5    7.6498    1.6841E+00    9.2222E-01    2.4807E+00    3.8469E-01    2.4997E-01    1.2191E+00    2.1444E+00    1.4857E+00    5.4922E+00    1.7355E+00    1.5848E+00    9.2339E+00
        1226    5    7.7227    1.6143E+00    1.0640E+00    2.3580E+00    3.2773E-01    2.0054E-01    7.9541E-01    2.2708E+00    2.0332E+00    6.8642E+00    2.8979E+00    2.3935E+00    1.0882E+01
        1227    5    7.7893    8.2553E-01    6.5516E-01    1.1236E+00    1.0932E-01    6.2902E-02    2.0862E-01    1.4897E+00    1.9021E+00    6.6154E+00    3.2960E+00    2.8147E+00    1.0199E+01
        1282    5    7.5024    1.0104E+00    2.6483E-01    2.1917E+00    3.2563E-01    1.6658E-01    2.0261E+00    9.5641E-01    2.1636E-01    1.6310E+00    1.0758E-01    1.0526E-02    9.1054E-01
        1283    5    7.4916    8.6008E-01    2.6425E-01    2.0019E+00    3.4225E-01    1.7234E-01    2.1938E+00    7.8443E-01    2.0892E-01    1.2884E+00    8.8684E-02    7.0780E-03    6.4655E-01
        1284    5    7.5093    8.7118E-01    3.9130E-01    1.8472E+00    3.4619E-01    2.0210E-01    1.8053E+00    8.1994E-01    3.2936E-01    1.3585E+00    1.6051E-01    2.4207E-02    1.0841E+00
        1285    5    7.5551    1.2166E+00    6.2680E-01    2.0343E+00    3.3741E-01    2.1583E-01    1.3145E+00    1.2733E+00    7.1852E-01    2.5839E+00    5.5383E-01    2.3655E-01    3.1848E+00
        1286    5    7.6209    1.5932E+00    9.1802E-01    2.4607E+00    4.1002E-01    2.5931E-01    1.1629E+00    1.9104E+00    1.3368E+00    4.9158E+00    1.5645E+00    1.2189E+00    7.4185E+00
        1287    5    7.6901    1.6080E+00    1.1524E+00    2.7763E+00    4.3679E-01    2.7073E-01    9.6164E-01    2.0920E+00    1.9391E+00    7.1045E+00    2.9380E+00    2.1527E+00    9.5191E+00
        1288    5    7.7455    1.2109E+00    1.0812E+00    2.3609E+00    2.9600E-01    1.6488E-01    4.6722E-01    1.7614E+00    2.2041E+00    8.3904E+00    3.7674E+00    2.9195E+00    9.5008E+00
        1289    5    7.7811    7.8633E-01    7.5974E-01    1.5399E+00    1.6572E-01    8.0639E-02    2.0317E-01    1.3217E+00    1.9932E+00    8.4353E+00    4.1706E+00    3.2677E+00    8.5371E+00
        1343    5    7.4582    7.1514E-01    1.7345E-01    1.7350E+00    4.2713E-01    1.0305E-01    3.0347E+00    6.0164E-01    1.1973E-01    8.9600E-01    3.7728E-02    2.2142E-04    6.6557E-02
        1344    5    7.4530    6.5926E-01    2.1158E-01    1.8742E+00    4.3468E-01    1.2113E-01    3.1137E+00    5.4542E-01    1.3131E-01    7.1039E-01    2.9749E-02    1.1146E-04    2.0171E-02
        1345    5    7.4788    7.6441E-01    3.5777E-01    1.4760E+00    4.4347E-01    1.7926E-01    2.3432E+00    6.7486E-01    2.7851E-01    8.7101E-01    8.6861E-02    5.4796E-03    3.8148E-01
        1346    5    7.5321    1.2016E+00    5.9298E-01    1.9372E+00    3.9129E-01    2.0904E-01    1.4099E+00    1.1740E+00    6.0632E-01    1.8237E+00    3.7870E-01    9.9989E-02    1.8515E+00
        1347    5    7.5994    1.5125E+00    8.7682E-01    2.5048E+00    4.5498E-01    2.5498E-01    1.1029E+00    1.7780E+00    1.2140E+00    4.5567E+00    1.4608E+00    8.5712E-01    5.8136E+00
        1348    5    7.6610    1.5031E+00    1.1196E+00    3.0507E+00    5.2068E-01    3.0489E-01    9.6095E-01    1.9350E+00    1.7766E+00    7.2243E+00    2.9281E+00    1.8082E+00    7.9361E+00
        1349    5    7.7046    1.3338E+00    1.1996E+00    3.2174E+00    5.2106E-01    2.8912E-01    7.0485E-01    1.7582E+00    2.0488E+00    9.0392E+00    3.9892E+00    2.7577E+00    8.1431E+00
        1350    5    7.7320    1.1858E+00    1.1051E+00    3.0106E+00    4.4800E-01    2.1513E-01    4.7425E-01    1.6797E+00    2.0615E+00    9.9078E+00    4.6999E+00    3.3031E+00    7.4910E+00
        1351    5    7.7516    1.0774E+00    9.2604E-01    2.6294E+00    3.5170E-01    1.4992E-01    3.1525E-01    1.6664E+00    1.9113E+00    1.0201E+01    5.3398E+00    3.5351E+00    7.0106E+00
        1352    5    7.7709    9.1113E-01    7.1301E-01    2.0827E+00    2.5023E-01    1.0055E-01    2.0155E-01    1.5822E+00    1.6796E+00    9.9143E+00    5.7309E+00    3.4420E+00    6.8336E+00
        1404    5    7.4232    4.1242E-01    9.5198E-02    1.3701E+00    5.2691E-01    4.6691E-02    3.4929E+00    3.4103E-01    5.7010E-02    5.5701E-01    0.0000E+00    0.0000E+00    0.0000E+00
        1405    5    7.4248    4.6710E-01    1.7884E-01    1.2104E+00    5.6172E-01    5.7677E-02    3.4004E+00    3.9105E-01    1.1057E-01    4.1074E-01    0.0000E+00    0.0000E+00    0.0000E+00
        1406    5    7.4592    7.9749E-01    3.6023E-01    1.3374E+00    6.2279E-01    1.6678E-01    2.7101E+00    6.6708E-01    2.5226E-01    5.8705E-01    6.1226E-02    1.1317E-03    7.4592E-02
        1407    5    7.5182    1.1657E+00    5.6596E-01    1.8830E+00    4.9064E-01    2.0605E-01    1.4760E+00    1.1451E+00    5.4904E-01    1.5419E+00    3.3828E-01    5.9498E-02    1.2495E+00
        1408    5    7.5830    1.3940E+00    8.3201E-01    2.6358E+00    5.1031E-01    2.4763E-01    1.0305E+00    1.5736E+00    1.0689E+00    4.3296E+00    1.3722E+00    6.2582E-01    4.3541E+00
        1409    5    7.6348    1.3559E+00    1.0365E+00    3.2837E+00    5.9597E-01    3.1612E-01    8.7041E-01    1.6257E+00    1.4855E+00    7.0531E+00    2.9398E+00    1.5273E+00    6.3343E+00
        1410    5    7.6688    1.3002E+00    1.1115E+00    3.5399E+00    6.5569E-01    3.4276E-01    7.3989E-01    1.6557E+00    1.7220E+00    8.8828E+00    4.0436E+00    2.4241E+00    6.2967E+00
        1411    5    7.6921    1.3135E+00    1.0922E+00    3.6327E+00    6.7403E-01    3.2391E-01    6.2191E-01    1.7358E+00    1.7368E+00    9.8312E+00    4.9405E+00    3.1595E+00    6.0364E+00
        1412    5    7.7129    1.2996E+00    1.0087E+00    3.5217E+00    6.3305E-01    2.7109E-01    5.1713E-01    1.8552E+00    1.6777E+00    1.0360E+01    5.6923E+00    3.6315E+00    5.8817E+00
        1413    5    7.7372    1.2104E+00    9.0117E-01    3.1353E+00    4.9345E-01    1.9325E-01    3.7205E-01    1.9090E+00    1.6170E+00    1.0664E+01    6.1614E+00    3.5859E+00    5.9966E+00
        1414    5    7.7689    9.6681E-01    6.6943E-01    2.2181E+00    2.7425E-01    1.0263E-01    1.9889E-01    1.7609E+00    1.4596E+00    1.0217E+01    6.2317E+00    3.3709E+00    6.4118E+00
        1465    5    7.3995    8.2833E-02    2.7847E-02    5.7772E-01    6.0078E-01    2.9740E-02    3.3939E+00    2.6347E-02    7.6235E-03    6.4283E-02    0.0000E+00    0.0000E+00    0.0000E+00
        1466    5    7.4084    3.0435E-01    1.4050E-01    7.5306E-01    6.8311E-01    4.4818E-02    3.4376E+00    1.9358E-01    9.1332E-02    1.3105E-01    0.0000E+00    0.0000E+00    0.0000E+00
        1467    5    7.4504    8.4422E-01    3.4029E-01    1.2360E+00    7.0161E-01    1.6911E-01    2.8029E+00    6.1569E-01    2.3256E-01    4.6221E-01    2.9318E-02    1.7112E-04    7.4135E-03
        1468    5    7.5122    1.1265E+00    5.3542E-01    2.0075E+00    5.8557E-01    2.0562E-01    1.4468E+00    1.0810E+00    5.0197E-01    1.5291E+00    3.4997E-01    5.4201E-02    1.0774E+00
        1469    5    7.5711    1.1913E+00    7.7452E-01    2.7837E+00    5.8876E-01    2.4737E-01    9.2980E-01    1.3304E+00    9.4564E-01    4.2699E+00    1.3773E+00    5.3015E-01    3.2847E+00
        1470    5    7.6127    1.1887E+00    9.0724E-01    3.3253E+00    6.7741E-01    3.2396E-01    7.5637E-01    1.3910E+00    1.2215E+00    6.8201E+00    2.8512E+00    1.3248E+00    4.7102E+00
        1471    5    7.6403    1.2650E+00    9.7783E-01    3.6544E+00    7.4811E-01    3.7133E-01    6.6209E-01    1.5482E+00    1.3573E+00    8.2694E+00    4.0761E+00    2.1743E+00    4.7404E+00
        1472    5    7.6626    1.3365E+00    9.6063E-01    3.7435E+00    7.8187E-01    3.6567E-01    6.2152E-01    1.7574E+00    1.3951E+00    9.3317E+00    4.8429E+00    3.0250E+00    4.5560E+00
        1473    5    7.6864    1.3854E+00    9.4155E-01    3.8030E+00    7.6885E-01    3.2203E-01    5.8508E-01    1.9165E+00    1.4046E+00    1.0139E+01    5.6892E+00    3.4717E+00    4.7391E+00
        1474    5    7.7161    1.3451E+00    9.1234E-01    3.5643E+00    6.5461E-01    2.5430E-01    4.8110E-01    2.0255E+00    1.4457E+00    1.0715E+01    6.3215E+00    3.6050E+00    5.3724E+00
        1475    5    7.7541    1.1154E+00    7.8063E-01    2.7265E+00    3.7260E-01    1.3797E-01    2.6616E-01    1.9549E+00    1.4399E+00    1.0691E+01    6.4241E+00    3.4254E+00    6.1140E+00
        1526    5    7.3882    7.2182E-04    1.9019E-03    2.6312E-01    7.0379E-01    2.1086E-02    2.9955E+00    9.6455E-24    4.7815E-24    0.0000E+00    0.0000E+00    0.0000E+00    0.0000E+00
        1527    5    7.4043    1.3323E-01    1.4399E-01    5.7227E-01    8.0653E-01    3.9146E-02    3.1963E+00    6.6132E-02    8.4822E-02    3.7868E-02    0.0000E+00    0.0000E+00    0.0000E+00
        1528    5    7.4524    7.1228E-01    3.2599E-01    1.3941E+00    8.2799E-01    1.5790E-01    2.5761E+00    5.8760E-01    2.3108E-01    5.4425E-01    4.3457E-02    3.7352E-04    1.5730E-02
        1529    5    7.5135    9.9885E-01    5.3021E-01    2.2037E+00    6.8007E-01    2.0670E-01    1.2944E+00    9.7138E-01    4.8737E-01    1.8014E+00    4.2830E-01    6.7718E-02    9.5765E-01
        1530    5    7.5635    1.0364E+00    7.2838E-01    2.9171E+00    6.7907E-01    2.6994E-01    8.0552E-01    1.1325E+00    8.5672E-01    4.3096E+00    1.4541E+00    5.1401E-01    2.4932E+00
        1531    5    7.5962    1.1253E+00    7.9370E-01    3.3258E+00    7.6073E-01    3.5577E-01    6.4421E-01    1.3147E+00    1.0104E+00    6.3793E+00    2.7074E+00    1.2712E+00    3.3405E+00
        1532    5    7.6201    1.2537E+00    8.3042E-01    3.6074E+00    8.0345E-01    3.8198E-01    5.8280E-01    1.5398E+00    1.0810E+00    7.7579E+00    4.0930E+00    2.0634E+00    3.3217E+00
        1533    5    7.6433    1.3848E+00    8.4540E-01    3.7714E+00    8.4289E-01    3.7653E-01    5.7950E-01    1.7626E+00    1.1352E+00    8.7735E+00    4.8327E+00    2.8264E+00    3.6154E+00
        1534    5    7.6711    1.4112E+00    8.7371E-01    3.8370E+00    8.2855E-01    3.4014E-01    5.9105E-01    1.9695E+00    1.2299E+00    9.8642E+00    5.6005E+00    3.3057E+00    4.0742E+00
        1535    5    7.7061    1.4004E+00    8.9690E-01    3.7057E+00    7.1294E-01    2.7618E-01    5.1928E-01    2.0841E+00    1.3414E+00    1.0679E+01    6.4208E+00    3.5339E+00    5.0373E+00
        1536    5    7.7494    1.1698E+00    8.0264E-01    2.8721E+00    4.0781E-01    1.5068E-01    2.9000E-01    2.0220E+00    1.4100E+00    1.0803E+01    6.4679E+00    3.4285E+00    5.9990E+00
        1587    5    7.3898    2.7951E-03    2.9009E-03    3.0731E-01    8.0813E-01    2.0945E-02    2.8624E+00    3.1180E-06    2.1795E-06    0.0000E+00    0.0000E+00    0.0000E+00    0.0000E+00
        1588    5    7.4125    3.5635E-01    1.7205E-01    9.5199E-01    9.7141E-01    4.1844E-02    2.9702E+00    2.7547E-01    1.1490E-01    3.0567E-01    0.0000E+00    0.0000E+00    0.0000E+00
        1589    5    7.4647    7.9351E-01    3.4365E-01    1.7545E+00    9.3410E-01    1.4776E-01    2.1138E+00    6.0009E-01    2.4554E-01    8.6065E-01    1.2139E-01    4.0478E-03    1.4125E-01
        1590    5    7.5211    8.8307E-01    5.5354E-01    2.4959E+00    7.5751E-01    2.4361E-01    1.0352E+00    8.7512E-01    5.2719E-01    2.2464E+00    5.9402E-01    1.1436E-01    1.0136E+00
        1591    5    7.5600    1.0265E+00    6.9593E-01    3.0752E+00    7.6711E-01    3.1902E-01    6.5484E-01    1.1180E+00    7.9069E-01    4.5219E+00    1.5904E+00    6.1851E-01    1.9026E+00
        1592    5    7.5856    1.1751E+00    7.1984E-01    3.3379E+00    8.1376E-01    3.6760E-01    5.6124E-01    1.3741E+00    8.5870E-01    6.0081E+00    2.6341E+00    1.3644E+00    2.2314E+00
        1593    5    7.6081    1.2815E+00    7.4278E-01    3.5617E+00    8.4567E-01    3.8445E-01    5.3287E-01    1.5843E+00    9.2306E-01    7.3727E+00    3.9477E+00    1.9138E+00    2.5362E+00
        1594    5    7.6339    1.3805E+00    7.8819E-01    3.7535E+00    8.6790E-01    3.8010E-01    5.4952E-01    1.7687E+00    1.0147E+00    8.4941E+00    4.8603E+00    2.6108E+00    3.0987E+00
        1595    5    7.6660    1.4256E+00    8.4960E-01    3.8394E+00    8.4397E-01    3.4520E-01    5.8631E-01    1.9917E+00    1.1644E+00    9.7506E+00    5.5745E+00    3.2488E+00    3.8562E+00
        1648    5    7.4041    2.1191E-01    4.7112E-02    1.0096E+00    1.0338E+00    2.4874E-02    2.9045E+00    9.0998E-02    1.2253E-02    1.6865E-01    0.0000E+00    0.0000E+00    0.0000E+00
        1648    6    7.7384    1.2108E+00    1.5699E+00    3.9736E+00    6.2596E-01    1.8769E-01    1.8482E-01    1.6358E+00    2.5923E+00    1.3760E+01    6.8501E+00    3.1252E+00    3.1267E+00
        1649    5    7.4329    4.9991E-01    2.1641E-01    1.4976E+00    1.1171E+00    5.3949E-02    2.6484E+00    4.1900E-01    1.3766E-01    5.4063E-01    0.0000E+00    0.0000E+00    0.0000E+00
        1649    6    7.7105    1.4153E+00    1.7449E+00    4.4354E+00    8.1237E-01    2.7400E-01    2.8547E-01    1.8613E+00    2.5869E+00    1.2965E+01    6.5003E+00    3.0471E+00    3.0858E+00
        1650    5    7.4865    7.3617E-01    4.0381E-01    2.1175E+00    9.1017E-01    2.3104E-01    1.4600E+00    6.6105E-01    3.2649E-01    1.2303E+00    2.6950E-01    1.8255E-02    3.6125E-01
        1650    6    7.7319    1.5009E+00    1.7292E+00    3.7748E+00    6.2427E-01    2.4097E-01    2.4191E-01    2.0965E+00    2.6908E+00    1.2066E+01    6.6149E+00    3.3284E+00    3.5927E+00
        1651    5    7.5323    9.2912E-01    6.0741E-01    2.7776E+00    8.1480E-01    3.2440E-01    7.3604E-01    9.4649E-01    5.9989E-01    2.9663E+00    8.5398E-01    2.9499E-01    1.0658E+00
        1652    5    7.5594    1.1569E+00    6.6963E-01    3.2059E+00    8.3023E-01    3.3567E-01    5.5733E-01    1.2813E+00    7.3736E-01    4.7548E+00    1.7130E+00    8.5527E-01    1.4493E+00
        1653    5    7.5806    1.2467E+00    6.7652E-01    3.3509E+00    8.4894E-01    3.6800E-01    5.1449E-01    1.4561E+00    7.7824E-01    5.8419E+00    2.6089E+00    1.3781E+00    1.7771E+00
        1654    5    7.6042    1.2989E+00    7.1421E-01    3.5446E+00    8.6152E-01    3.8577E-01    5.1533E-01    1.6075E+00    8.6915E-01    7.1967E+00    3.8961E+00    1.8477E+00    2.3384E+00
        1709    5    7.4310    4.7821E-01    1.2370E-01    1.6994E+00    1.1717E+00    4.4974E-02    2.5678E+00    3.7584E-01    7.2960E-02    6.1054E-01    0.0000E+00    0.0000E+00    0.0000E+00
        1709    6    7.6523    1.5204E+00    1.7225E+00    4.5975E+00    9.3519E-01    3.3372E-01    3.8601E-01    1.8654E+00    2.2682E+00    1.1031E+01    5.1112E+00    2.4468E+00    2.4543E+00
        1710    5    7.4651    6.9185E-01    3.3217E-01    2.1316E+00    1.0943E+00    2.4355E-01    1.7463E+00    5.9550E-01    2.2079E-01    1.1705E+00    1.6488E-01    1.9684E-03    1.3228E-01
        1710    6    7.6331    1.5350E+00    1.7194E+00    4.3443E+00    9.0196E-01    3.3619E-01    4.1241E-01    1.8378E+00    2.1605E+00    9.6323E+00    4.5658E+00    2.1847E+00    2.3710E+00
        1711    5    7.5140    8.8101E-01    5.8469E-01    2.6711E+00    8.8948E-01    3.5338E-01    8.1867E-01    8.5494E-01    5.4488E-01    2.3290E+00    5.8132E-01    1.7221E-01    6.6549E-01
        1711    6    7.6714    1.8168E+00    1.9315E+00    4.0508E+00    8.3405E-01    3.7500E-01    4.3376E-01    2.3102E+00    2.6141E+00    9.8918E+00    5.3396E+00    2.7656E+00    3.4784E+00
        1712    5    7.5415    1.1461E+00    6.3566E-01    3.0828E+00    8.5492E-01    3.3538E-01    5.7767E-01    1.2031E+00    6.4980E-01    3.6797E+00    1.1175E+00    5.7262E-01    9.8665E-01
        1713    5    7.5595    1.2540E+00    6.4667E-01    3.2591E+00    8.5402E-01    3.3849E-01    5.2224E-01    1.3966E+00    7.0658E-01    4.8572E+00    1.7854E+00    9.3393E-01    1.3037E+00
        1770    5    7.4699    7.3207E-01    2.9061E-01    2.3609E+00    1.0677E+00    3.6374E-01    1.4505E+00    6.4739E-01    2.2795E-01    1.1932E+00    1.8564E-01    5.6515E-03    1.7765E-01
        1770    6    7.5809    1.2755E+00    1.3549E+00    3.8743E+00    8.5760E-01    3.2345E-01    4.3455E-01    1.4349E+00    1.5514E+00    6.5387E+00    2.5075E+00    1.3032E+00    1.4890E+00
        1771    5    7.5073    8.8948E-01    6.4675E-01    2.6560E+00    9.1349E-01    3.7612E-01    8.1652E-01    8.6755E-01    6.0923E-01    2.1125E+00    5.0194E-01    1.5826E-01    4.9465E-01
        1771    6    7.5697    1.3776E+00    1.3905E+00    3.5184E+00    8.2585E-01    3.2645E-01    4.8284E-01    1.5258E+00    1.5753E+00    5.3263E+00    2.0583E+00    1.0228E+00    1.5069E+00
        1772    5    7.5305    1.0962E+00    6.7445E-01    3.0165E+00    8.6615E-01    3.4964E-01    6.0750E-01    1.1201E+00    6.6506E-01    3.1920E+00    8.6799E-01    4.2938E-01    7.8180E-01
        1772    6    7.6441    1.8959E+00    1.9906E+00    3.7544E+00    8.2731E-01    3.8060E-01    4.9507E-01    2.3262E+00    2.5626E+00    8.2007E+00    4.4277E+00    2.4288E+00    3.5060E+00
        1831    5    7.5202    1.0031E+00    8.2094E-01    2.9536E+00    9.0143E-01    3.8211E-01    6.3419E-01    1.0012E+00    8.0403E-01    2.6912E+00    7.0635E-01    3.3698E-01    5.5792E-01
        1831    6    7.5202    9.9016E-01    7.7846E-01    2.9759E+00    8.9150E-01    3.4147E-01    6.8363E-01    9.8756E-01    7.6170E-01    2.7401E+00    6.4735E-01    2.4162E-01    6.6495E-01
        4700    5    7.7158    2.0922E+00    6.8944E-01    2.5876E+00    3.0600E-01    1.1975E-01    1.1386E+00    3.1302E+00    1.2895E+00    6.9148E+00    2.0607E+00    1.3227E+00    1.4126E+01
        4701    5    7.7138    2.0309E+00    7.1596E-01    2.5517E+00    2.9784E-01    1.3470E-01    1.1319E+00    3.0601E+00    1.3563E+00    6.7759E+00    1.9699E+00    1.5260E+00    1.3679E+01
        4702    5    7.7387    1.8683E+00    7.1559E-01    2.1581E+00    2.2015E-01    1.1359E-01    7.8645E-01    3.0088E+00    1.4923E+00    6.4963E+00    2.1030E+00    1.8568E+00    1.3647E+01
        4703    5    7.7887    1.1529E+00    4.7887E-01    1.0692E+00    8.1434E-02    5.1678E-02    2.7603E-01    2.4302E+00    1.4448E+00    5.4214E+00    2.2550E+00    2.0258E+00    1.3077E+01
        4761    5    7.6388    1.9195E+00    6.2397E-01    2.8670E+00    3.3897E-01    1.6071E-01    1.4738E+00    2.5263E+00    9.3287E-01    5.9782E+00    1.2600E+00    9.3379E-01    1.0215E+01
        4762    5    7.6423    1.7962E+00    6.7814E-01    2.7450E+00    3.3318E-01    1.8108E-01    1.4291E+00    2.3872E+00    1.0517E+00    5.8120E+00    1.2996E+00    1.1510E+00    1.0104E+01
        4763    5    7.6725    1.8449E+00    8.1041E-01    2.6078E+00    3.3447E-01    1.9306E-01    1.3223E+00    2.5652E+00    1.3829E+00    6.1151E+00    1.6401E+00    1.6096E+00    1.1108E+01
        4764    5    7.7281    1.8293E+00    8.8795E-01    2.1691E+00    2.6343E-01    1.5394E-01    8.5124E-01    2.7520E+00    1.7710E+00    6.2987E+00    2.2483E+00    2.1635E+00    1.2376E+01
        4822    5    7.5761    1.4392E+00    4.5410E-01    2.5529E+00    2.9397E-01    1.7327E-01    1.4414E+00    1.6980E+00    5.7009E-01    4.0680E+00    5.6506E-01    3.2265E-01    5.2103E+00
        4823    5    7.5853    1.3704E+00    5.5710E-01    2.4237E+00    3.0444E-01    1.9719E-01    1.3916E+00    1.6289E+00    7.4101E-01    4.1126E+00    6.8679E-01    5.1118E-01    5.7192E+00
        4824    5    7.6220    1.5550E+00    7.7572E-01    2.4297E+00    3.3562E-01    2.2248E-01    1.3161E+00    1.9496E+00    1.1366E+00    4.8418E+00    1.2023E+00    1.1861E+00    8.1548E+00
        4825    5    7.6836    1.7887E+00    1.0263E+00    2.4274E+00    3.6017E-01    2.2861E-01    1.1580E+00    2.4151E+00    1.7298E+00    5.9500E+00    2.0470E+00    1.9662E+00    1.0651E+01
        4826    5    7.7601    1.4115E+00    9.3914E-01    1.6120E+00    1.7529E-01    1.0563E-01    4.3633E-01    2.2447E+00    2.0746E+00    6.3471E+00    2.8847E+00    2.5547E+00    1.1541E+01
        4883    5    7.5248    1.0521E+00    3.5437E-01    2.1281E+00    3.0862E-01    1.8472E-01    1.6640E+00    1.0629E+00    3.3295E-01    2.0056E+00    1.9589E-01    3.9580E-02    1.7721E+00
        4884    5    7.5406    1.0791E+00    5.1488E-01    2.0691E+00    3.0153E-01    2.0100E-01    1.4620E+00    1.1191E+00    5.3067E-01    2.2069E+00    3.0467E-01    1.1413E-01    2.4275E+00
        4885    5    7.5849    1.4079E+00    7.3989E-01    2.1592E+00    3.3652E-01    2.3398E-01    1.2775E+00    1.6075E+00    9.9070E-01    3.6210E+00    7.9331E-01    5.9295E-01    5.3151E+00
        4886    5    7.6520    1.7424E+00    1.0629E+00    2.4418E+00    4.0119E-01    2.6148E-01    1.1808E+00    2.2323E+00    1.6604E+00    5.4404E+00    1.8571E+00    1.6370E+00    9.1079E+00
        4887    5    7.7270    1.6230E+00    1.1898E+00    2.3161E+00    3.2596E-01    1.9988E-01    7.2554E-01    2.2777E+00    2.2082E+00    6.9623E+00    3.0654E+00    2.4945E+00    1.0592E+01
        4888    5    7.7915    8.1359E-01    7.0401E-01    1.0892E+00    1.0809E-01    6.1682E-02    1.9221E-01    1.4419E+00    1.9710E+00    6.7021E+00    3.4478E+00    2.9320E+00    9.7075E+00
        4944    5    7.4833    8.1227E-01    2.7540E-01    1.6236E+00    3.6569E-01    1.6600E-01    2.3364E+00    7.4394E-01    2.0549E-01    9.8580E-01    8.6127E-02    4.9804E-03    4.4565E-01
        4945    5    7.5069    9.3839E-01    4.6885E-01    1.6856E+00    3.6674E-01    2.0152E-01    1.8055E+00    8.8338E-01    3.8197E-01    1.1553E+00    1.6920E-01    2.7321E-02    9.7926E-01
        4946    5    7.5592    1.3511E+00    7.4967E-01    1.9759E+00    3.5551E-01    2.2292E-01    1.2695E+00    1.4378E+00    9.0702E-01    2.6165E+00    6.3964E-01    2.8345E-01    3.3431E+00
        4947    5    7.6296    1.7193E+00    1.0892E+00    2.5031E+00    4.3640E-01    2.7116E-01    1.1246E+00    2.0976E+00    1.5731E+00    5.1007E+00    1.8034E+00    1.3668E+00    7.7120E+00
        4948    5    7.6990    1.6326E+00    1.3232E+00    2.7748E+00    4.4892E-01    2.7541E-01    8.6868E-01    2.1464E+00    2.1867E+00    7.3751E+00    3.2687E+00    2.3131E+00    9.4238E+00
        4949    5    7.7510    1.2156E+00    1.1558E+00    2.2563E+00    2.8494E-01    1.5354E-01    3.9848E-01    1.7944E+00    2.3041E+00    8.5255E+00    4.0514E+00    3.0610E+00    9.0378E+00
        4950    5    7.7834    8.0766E-01    7.9807E-01    1.4901E+00    1.6371E-01    7.7097E-02    1.8541E-01    1.3814E+00    2.0165E+00    8.4183E+00    4.4812E+00    3.3445E+00    8.0241E+00
        5005    5    7.4517    7.6810E-01    2.5388E-01    1.2789E+00    4.8596E-01    1.4676E-01    3.0612E+00    6.0740E-01    1.3642E-01    5.2930E-01    3.2162E-02    6.6174E-05    1.2949E-02
        5006    5    7.4839    9.5103E-01    4.0638E-01    1.4220E+00    4.6368E-01    1.9100E-01    2.1681E+00    8.3496E-01    3.1536E-01    7.6984E-01    1.2190E-01    8.4945E-03    4.5152E-01
        5007    5    7.5433    1.3812E+00    7.7919E-01    1.9613E+00    4.1232E-01    2.1423E-01    1.2834E+00    1.4186E+00    7.9459E-01    2.1014E+00    5.2117E-01    1.6994E-01    2.3111E+00
        5008    5    7.6135    1.6736E+00    1.0845E+00    2.6123E+00    4.8740E-01    2.6944E-01    1.0462E+00    1.9866E+00    1.4742E+00    5.0506E+00    1.8729E+00    1.0958E+00    6.4130E+00
        5009    5    7.6735    1.5716E+00    1.3137E+00    3.1013E+00    5.4945E-01    3.1560E-01    8.7498E-01    2.0132E+00    2.0107E+00    7.5927E+00    3.4205E+00    2.0283E+00    7.8804E+00
        5010    5    7.7137    1.4023E+00    1.3014E+00    3.1420E+00    5.2408E-01    2.7759E-01    6.0909E-01    1.8888E+00    2.1923E+00    9.1512E+00    4.4437E+00    2.9470E+00    7.7656E+00
        5011    5    7.7392    1.2596E+00    1.1623E+00    2.8320E+00    4.2877E-01    1.9504E-01    3.9999E-01    1.8434E+00    2.1231E+00    9.8164E+00    5.1705E+00    3.4291E+00    7.0724E+00
        5012    5    7.7588    1.1091E+00    9.7952E-01    2.3678E+00    3.2218E-01    1.3401E-01    2.5883E-01    1.7911E+00    1.9584E+00    9.8887E+00    5.7120E+00    3.6126E+00    6.6828E+00
        5013    5    7.7801    8.7522E-01    7.3676E-01    1.7384E+00    2.1383E-01    8.2887E-02    1.6015E-01    1.6273E+00    1.6826E+00    9.3875E+00    5.8845E+00    3.4321E+00    6.5584E+00
        5066    5    7.4312    6.4063E-01    1.8234E-01    1.0089E+00    6.1665E-01    8.2349E-02    3.2960E+00    4.7927E-01    1.2804E-01    2.9829E-01    0.0000E+00    0.0000E+00    0.0000E+00
        5067    5    7.4717    9.5741E-01    4.0085E-01    1.3599E+00    5.9580E-01    1.7785E-01    2.3404E+00    8.8218E-01    3.0364E-01    6.2986E-01    9.7593E-02    4.7578E-03    2.8116E-01
        5068    5    7.5357    1.3966E+00    7.3982E-01    2.0414E+00    4.8976E-01    2.0970E-01    1.2598E+00    1.3998E+00    7.5001E-01    2.0222E+00    5.4011E-01    1.3591E-01    1.8491E+00
        5069    5    7.6017    1.5629E+00    1.0451E+00    2.7410E+00    5.6787E-01    2.7039E-01    9.5360E-01    1.8430E+00    1.3740E+00    5.1169E+00    1.9698E+00    9.1106E-01    5.2812E+00
        5070    5    7.6508    1.5113E+00    1.2419E+00    3.2849E+00    6.4846E-01    3.3215E-01    8.0149E-01    1.8784E+00    1.7764E+00    7.5660E+00    3.5472E+00    1.8679E+00    6.4319E+00
        5071    5    7.6821    1.4735E+00    1.2604E+00    3.5088E+00    6.8616E-01    3.4481E-01    6.5798E-01    1.9104E+00    1.8913E+00    9.0780E+00    4.6550E+00    2.7597E+00    6.1180E+00
        5072    5    7.7045    1.4639E+00    1.2024E+00    3.4795E+00    6.6789E-01    3.0633E-01    5.4390E-01    2.0219E+00    1.8769E+00    9.8407E+00    5.5204E+00    3.4329E+00    5.8500E+00
        5073    5    7.7262    1.4149E+00    1.1010E+00    3.2460E+00    5.7753E-01    2.3466E-01    4.3071E-01    2.0987E+00    1.8035E+00    1.0253E+01    6.0344E+00    3.7346E+00    5.6864E+00
        5074    5    7.7527    1.2496E+00    9.4143E-01    2.6390E+00    3.8872E-01    1.4592E-01    2.7359E-01    2.0626E+00    1.7096E+00    1.0306E+01    6.3794E+00    3.6021E+00    6.0137E+00
        5075    5    7.7872    8.3876E-01    6.0104E-01    1.5776E+00    1.8600E-01    6.9414E-02    1.3043E-01    1.6660E+00    1.4047E+00    9.2209E+00    6.0754E+00    3.2470E+00    6.3229E+00
        5127    5    7.4222    5.1540E-01    1.9338E-01    9.4456E-01    7.5466E-01    6.8334E-02    3.1775E+00    3.7841E-01    1.3019E-01    2.4352E-01    0.0000E+00    0.0000E+00    0.0000E+00
        5128    5    7.4698    9.4838E-01    4.1008E-01    1.4699E+00    7.1420E-01    1.6941E-01    2.2486E+00    9.1030E-01    3.1606E-01    6.8236E-01    1.1232E-01    4.7710E-03    2.4103E-01
        5129    5    7.5355    1.3381E+00    7.5521E-01    2.1788E+00    5.7316E-01    2.0952E-01    1.1574E+00    1.3439E+00    7.5977E-01    2.2164E+00    6.4365E-01    1.4301E-01    1.7074E+00
        5130    5    7.5937    1.4386E+00    1.0135E+00    2.8655E+00    6.4991E-01    2.8485E-01    8.4037E-01    1.6842E+00    1.2759E+00    5.2180E+00    2.0954E+00    8.5417E-01    4.2803E+00
        5131    5    7.6323    1.4734E+00    1.1475E+00    3.3833E+00    7.3466E-01    3.5605E-01    6.8753E-01    1.7999E+00    1.5283E+00    7.4014E+00    3.6615E+00    1.8230E+00    4.9148E+00
        5132    5    7.6579    1.5396E+00    1.1645E+00    3.5728E+00    7.8242E-01    3.7547E-01    6.1825E-01    2.0050E+00    1.6435E+00    8.6539E+00    4.7305E+00    2.6966E+00    4.6616E+00
        5133    5    7.6801    1.5782E+00    1.1311E+00    3.6752E+00    7.8252E-01    3.4883E-01    5.7659E-01    2.1242E+00    1.6172E+00    9.5152E+00    5.5360E+00    3.3179E+00    4.6290E+00
        5134    5    7.7053    1.5752E+00    1.0840E+00    3.5764E+00    7.1600E-01    2.8817E-01    5.1219E-01    2.2509E+00    1.6191E+00    1.0163E+01    6.2721E+00    3.6777E+00    4.9947E+00
        5135    5    7.7372    1.4337E+00    9.9064E-01    3.0848E+00    5.1192E-01    1.9112E-01    3.5675E-01    2.2570E+00    1.6170E+00    1.0518E+01    6.5280E+00    3.6031E+00    5.5900E+00
        5136    5    7.7777    9.7951E-01    7.0147E-01    1.8832E+00    2.3098E-01    8.6193E-02    1.5760E-01    1.8622E+00    1.4512E+00    9.7176E+00    6.2717E+00    3.3288E+00    6.2761E+00
        5188    5    7.4249    4.7534E-01    2.4411E-01    1.0417E+00    8.9178E-01    6.8984E-02    2.9801E+00    3.1987E-01    1.6085E-01    2.9617E-01    0.0000E+00    0.0000E+00    0.0000E+00
        5189    5    7.4782    9.1255E-01    4.4099E-01    1.7284E+00    7.8782E-01    1.6417E-01    1.9403E+00    7.9723E-01    3.5333E-01    8.8368E-01    1.6801E-01    7.8205E-03    3.1461E-01
        5190    5    7.5419    1.2874E+00    8.3301E-01    2.3764E+00    6.5598E-01    2.2759E-01    9.7830E-01    1.3121E+00    8.4727E-01    2.6634E+00    8.7103E-01    1.9614E-01    1.7836E+00
        5191    5    7.5897    1.4090E+00    9.7970E-01    3.0001E+00    7.3447E-01    3.2888E-01    6.9458E-01    1.6429E+00    1.1932E+00    5.4224E+00    2.3083E+00    9.8522E-01    3.3985E+00
        5192    5    7.6193    1.5292E+00    1.0399E+00    3.4134E+00    7.9624E-01    3.7158E-01    5.9053E-01    1.8651E+00    1.3177E+00    7.2545E+00    3.8505E+00    1.9583E+00    3.5506E+00
        5193    5    7.6420    1.6314E+00    1.0698E+00    3.6325E+00    8.3560E-01    3.8206E-01    5.6512E-01    2.0627E+00    1.3908E+00    8.2172E+00    4.8775E+00    2.5964E+00    3.6525E+00
        5194    5    7.6658    1.6508E+00    1.0681E+00    3.6954E+00    8.3275E-01    3.6430E-01    5.6537E-01    2.2235E+00    1.4699E+00    9.2100E+00    5.5161E+00    3.1827E+00    3.9355E+00
        5195    5    7.6952    1.6463E+00    1.0660E+00    3.6946E+00    7.6534E-01    3.0891E-01    5.3214E-01    2.3086E+00    1.5241E+00    1.0109E+01    6.2481E+00    3.5975E+00    4.5457E+00
        5196    5    7.7324    1.4798E+00    1.0060E+00    3.2102E+00    5.5025E-01    2.0575E-01    3.8145E-01    2.2995E+00    1.5887E+00    1.0551E+01    6.5572E+00    3.6075E+00    5.4434E+00
        5249    5    7.4394    5.2157E-01    2.7742E-01    1.4477E+00    1.0069E+00    8.0974E-02    2.6170E+00    4.1921E-01    2.0473E-01    5.4654E-01    2.9780E-03    0.0000E+00    0.0000E+00
        5249    6    7.7720    9.4209E-01    1.2450E+00    2.7123E+00    3.3281E-01    1.0538E-01    9.9098E-02    1.4290E+00    2.3623E+00    1.2836E+01    6.9040E+00    3.3474E+00    3.2399E+00
        5250    5    7.4965    9.2297E-01    5.1383E-01    1.9345E+00    8.2785E-01    1.8863E-01    1.4456E+00    8.4788E-01    4.4456E-01    1.2614E+00    3.2764E-01    2.2147E-02    5.4975E-01
        5250    6    7.7819    9.5263E-01    1.1864E+00    2.2062E+00    2.6161E-01    9.0388E-02    9.1263E-02    1.5667E+00    2.2836E+00    1.1562E+01    6.6843E+00    3.5357E+00    3.4529E+00
        5251    5    7.5537    1.3535E+00    9.1527E-01    2.6577E+00    7.3379E-01    3.0151E-01    7.3433E-01    1.4425E+00    1.0267E+00    3.5749E+00    1.2541E+00    3.9694E-01    1.9657E+00
        5252    5    7.5889    1.4969E+00    9.5154E-01    3.1541E+00    8.0313E-01    3.5354E-01    5.7982E-01    1.7605E+00    1.1302E+00    5.7050E+00    2.6345E+00    1.3538E+00    2.5531E+00
        5253    5    7.6119    1.6137E+00    9.7637E-01    3.4326E+00    8.3798E-01    3.7585E-01    5.3058E-01    1.9723E+00    1.2056E+00    7.0854E+00    3.9795E+00    1.9749E+00    2.7455E+00
        5254    5    7.6342    1.6817E+00    1.0098E+00    3.6161E+00    8.5995E-01    3.8631E-01    5.3060E-01    2.1155E+00    1.2859E+00    8.0200E+00    4.9682E+00    2.4464E+00    3.1413E+00
        5255    5    7.6613    1.6758E+00    1.0524E+00    3.7066E+00    8.4759E-01    3.6893E-01    5.5711E-01    2.2512E+00    1.4021E+00    9.1179E+00    5.5162E+00    3.1341E+00    3.7167E+00
        5310    5    7.4656    7.3671E-01    3.7747E-01    1.9520E+00    1.0483E+00    1.4951E-01    1.9317E+00    5.9979E-01    2.6382E-01    1.0280E+00    1.5689E-01    2.1027E-03    1.4723E-01
        5310    6    7.6864    1.4868E+00    1.7831E+00    4.5061E+00    8.7993E-01    3.2846E-01    3.5478E-01    1.8997E+00    2.4892E+00    1.1911E+01    6.0927E+00    2.8446E+00    2.9764E+00
        5311    5    7.5242    1.1374E+00    7.9516E-01    2.3606E+00    8.0573E-01    3.1514E-01    8.6487E-01    1.1380E+00    7.7974E-01    2.1809E+00    7.0657E-01    1.4331E-01    1.0404E+00
        5311    6    7.7086    1.6592E+00    1.8709E+00    4.0690E+00    7.5821E-01    3.1894E-01    3.3063E-01    2.2380E+00    2.6951E+00    1.1354E+01    6.3133E+00    3.2342E+00    3.6202E+00
        5312    5    7.5670    1.4651E+00    9.5174E-01    3.0217E+00    8.0329E-01    3.3151E-01    5.7130E-01    1.6538E+00    1.0761E+00    4.6010E+00    1.8711E+00    9.2147E-01    1.8226E+00
        5313    5    7.5895    1.5927E+00    9.3183E-01    3.2760E+00    8.4346E-01    3.5982E-01    5.1922E-01    1.8822E+00    1.0971E+00    5.9245E+00    2.9456E+00    1.5154E+00    2.1338E+00
        5314    5    7.6096    1.6448E+00    9.4843E-01    3.4511E+00    8.5502E-01    3.7836E-01    5.0812E-01    2.0096E+00    1.1643E+00    7.0426E+00    4.0457E+00    1.9284E+00    2.5354E+00
        5371    5    7.5038    9.6752E-01    6.6246E-01    2.3492E+00    9.0097E-01    3.5538E-01    9.6522E-01    8.9387E-01    5.4233E-01    1.7481E+00    4.6135E-01    7.9288E-02    5.3797E-01
        5371    6    7.6152    1.4895E+00    1.5657E+00    4.0148E+00    8.8142E-01    3.3849E-01    4.3650E-01    1.7603E+00    1.9239E+00    8.3363E+00    3.9327E+00    1.9232E+00    2.2741E+00
        5372    5    7.5546    1.3708E+00    1.0304E+00    2.9607E+00    8.0571E-01    3.2964E-01    5.6629E-01    1.5065E+00    1.1360E+00    4.0578E+00    1.4207E+00    6.9698E-01    1.4408E+00
        5372    6    7.6561    1.8588E+00    1.9622E+00    3.8771E+00    8.3312E-01    3.8660E-01    4.7302E-01    2.3197E+00    2.6157E+00    8.9167E+00    4.8687E+00    2.6030E+00    3.5184E+00
        5373    5    7.5735    1.4918E+00    9.5850E-01    3.2110E+00    8.3135E-01    3.3735E-01    5.1367E-01    1.7131E+00    1.0780E+00    5.1324E+00    2.2432E+00    1.1546E+00    1.7185E+00
        5432    5    7.5533    1.3108E+00    1.2339E+00    3.1126E+00    8.0818E-01    3.3039E-01    5.3876E-01    1.4362E+00    1.3338E+00    4.1241E+00    1.3981E+00    6.9262E-01    1.3019E+00
        5432    6    7.5548    1.2514E+00    1.2303E+00    3.1026E+00    8.0608E-01    3.2955E-01    5.4126E-01    1.3718E+00    1.3008E+00    4.1415E+00    1.4814E+00    7.1478E-01    1.3580E+00
        8362    5    7.7135    2.0013E+00    7.8614E-01    2.4833E+00    2.9031E-01    1.4764E-01    1.1053E+00    3.0138E+00    1.4926E+00    6.5704E+00    1.9188E+00    1.7561E+00    1.3260E+01
        8363    5    7.7433    1.8313E+00    7.9026E-01    2.0090E+00    2.0168E-01    1.1245E-01    7.0597E-01    2.9669E+00    1.6475E+00    6.2588E+00    2.1119E+00    2.0710E+00    1.3261E+01
        8423    5    7.6486    1.7879E+00    7.8824E-01    2.6098E+00    3.3373E-01    2.0037E-01    1.3774E+00    2.4015E+00    1.2468E+00    5.6699E+00    1.3533E+00    1.3737E+00    1.0129E+01
        8424    5    7.6859    1.8853E+00    9.7263E-01    2.4500E+00    3.3105E-01    2.0332E-01    1.2177E+00    2.6401E+00    1.6354E+00    5.9686E+00    1.7902E+00    1.9216E+00    1.1289E+01
        8425    5    7.7506    1.6745E+00    9.7753E-01    1.7475E+00    1.8794E-01    1.1683E-01    5.6713E-01    2.6619E+00    2.0032E+00    5.9785E+00    2.4144E+00    2.4171E+00    1.2251E+01
        8484    5    7.5992    1.4657E+00    7.0889E-01    2.3298E+00    3.2034E-01    2.1918E-01    1.3282E+00    1.8060E+00    9.9002E-01    4.2102E+00    8.9374E-01    7.7261E-01    6.6569E+00
        8485    5    7.6450    1.7543E+00    1.0056E+00    2.3709E+00    3.5760E-01    2.4309E-01    1.2642E+00    2.2626E+00    1.5425E+00    5.1136E+00    1.4721E+00    1.5243E+00    9.2477E+00
        8486    5    7.7170    1.8545E+00    1.2310E+00    2.1803E+00    3.1612E-01    2.0413E-01    8.9600E-01    2.6060E+00    2.1930E+00    6.0829E+00    2.4270E+00    2.3957E+00    1.1318E+01
        8545    5    7.5632    1.2948E+00    6.9908E-01    1.9893E+00    3.1485E-01    2.2274E-01    1.3162E+00    1.4257E+00    8.7516E-01    2.7630E+00    5.4948E-01    3.2248E-01    3.7913E+00
        8546    5    7.6182    1.6902E+00    1.0577E+00    2.2296E+00    3.7225E-01    2.5944E-01    1.2086E+00    2.0668E+00    1.4701E+00    4.3519E+00    1.3726E+00    1.1565E+00    7.4840E+00
        8547    5    7.6961    1.8834E+00    1.4217E+00    2.3597E+00    3.8804E-01    2.5931E-01    9.9281E-01    2.5157E+00    2.2713E+00    6.0551E+00    2.5583E+00    2.2535E+00    1.0340E+01
        8548    5    7.7789    1.1306E+00    1.0201E+00    1.2503E+00    1.3453E-01    8.2207E-02    2.6767E-01    1.8938E+00    2.3115E+00    6.3206E+00    3.3217E+00    2.8999E+00    1.0401E+01
        8606    5    7.5392    1.2778E+00    7.3765E-01    1.8158E+00    3.5067E-01    2.1287E-01    1.3866E+00    1.3224E+00    7.4804E-01    1.8099E+00    3.8267E-01    1.4205E-01    2.2023E+00
        8607    5    7.6028    1.7510E+00    1.1084E+00    2.1836E+00    4.1051E-01    2.5923E-01    1.1638E+00    2.0988E+00    1.4828E+00    3.9386E+00    1.3144E+00    8.9607E-01    6.2866E+00
        8608    5    7.6836    1.9065E+00    1.5533E+00    2.5468E+00    4.4813E-01    2.9171E-01    9.8299E-01    2.4853E+00    2.3206E+00    6.1740E+00    2.7796E+00    2.1063E+00    9.4497E+00
        8609    5    7.7590    1.3491E+00    1.3387E+00    1.8538E+00    2.3064E-01    1.3317E-01    3.6389E-01    2.0519E+00    2.5273E+00    7.3567E+00    3.8378E+00    3.0024E+00    9.6193E+00
        8667    5    7.5258    1.3660E+00    6.9199E-01    1.7094E+00    4.2405E-01    2.0794E-01    1.4555E+00    1.3757E+00    6.6668E-01    1.4869E+00    3.5185E-01    9.0305E-02    1.5717E+00
        8668    5    7.5966    1.8507E+00    1.1941E+00    2.2382E+00    4.6144E-01    2.6191E-01    1.1082E+00    2.2020E+00    1.5424E+00    3.8914E+00    1.4399E+00    7.7853E-01    5.6260E+00
        8669    5    7.6763    1.8913E+00    1.6339E+00    2.7412E+00    5.2037E-01    3.1289E-01    9.1908E-01    2.4453E+00    2.3614E+00    6.5229E+00    3.1619E+00    2.0341E+00    8.5382E+00
        8670    5    7.7405    1.5229E+00    1.5051E+00    2.4299E+00    3.6951E-01    1.9802E-01    4.4981E-01    2.1895E+00    2.5606E+00    8.2016E+00    4.4341E+00    3.0185E+00    8.4635E+00
        8671    5    7.7805    1.0319E+00    1.0068E+00    1.5386E+00    1.8787E-01    8.6802E-02    1.8222E-01    1.7548E+00    2.1563E+00    8.1896E+00    5.0341E+00    3.4412E+00    7.3876E+00
        8728    5    7.5223    1.4513E+00    7.1202E-01    1.7675E+00    5.0679E-01    2.0338E-01    1.4153E+00    1.4393E+00    6.9890E-01    1.4856E+00    3.9246E-01    8.0244E-02    1.3583E+00
        8729    5    7.5979    1.8886E+00    1.3094E+00    2.3662E+00    5.3605E-01    2.6450E-01    1.0166E+00    2.2480E+00    1.6521E+00    4.1626E+00    1.7462E+00    7.7721E-01    5.3827E+00
        8730    5    7.6725    1.8554E+00    1.6743E+00    2.9252E+00    6.0526E-01    3.2948E-01    8.2265E-01    2.3969E+00    2.3690E+00    6.9620E+00    3.6640E+00    2.0744E+00    7.5416E+00
        8731    5    7.7238    1.6841E+00    1.5543E+00    2.8911E+00    5.2344E-01    2.6664E-01    4.9497E-01    2.3349E+00    2.4555E+00    8.6712E+00    5.0617E+00    3.0671E+00    7.2058E+00
        8732    5    7.7541    1.4475E+00    1.3009E+00    2.3595E+00    3.5937E-01    1.6215E-01    2.6949E-01    2.2349E+00    2.2793E+00    9.2044E+00    5.8146E+00    3.5866E+00    6.4293E+00
        8733    5    7.7757    1.1928E+00    1.0056E+00    1.7691E+00    2.4394E-01    9.9106E-02    1.6524E-01    2.0581E+00    1.9716E+00    8.9387E+00    6.0773E+00    3.7118E+00    6.0475E+00
        8789    5    7.5279    1.5256E+00    7.8448E-01    1.8989E+00    5.7145E-01    2.0154E-01    1.2679E+00    1.5072E+00    7.9462E-01    1.7068E+00    5.3127E-01    9.6005E-02    1.4798E+00
        8790    5    7.6059    1.8549E+00    1.4574E+00    2.5387E+00    6.1612E-01    2.8633E-01    8.9535E-01    2.2090E+00    1.8291E+00    4.7012E+00    2.2860E+00    9.1046E-01    5.3544E+00
        8791    5    7.6716    1.8609E+00    1.6695E+00    3.1004E+00    6.9197E-01    3.6362E-01    6.9603E-01    2.4105E+00    2.3147E+00    7.4697E+00    4.2784E+00    2.3136E+00    6.3979E+00
        8792    5    7.7105    1.8125E+00    1.5711E+00    3.1926E+00    6.4922E-01    3.2013E-01    4.8904E-01    2.4958E+00    2.3393E+00    8.9784E+00    5.6026E+00    3.2984E+00    5.9311E+00
        8793    5    7.7347    1.7152E+00    1.4239E+00    2.9053E+00    5.3075E-01    2.3332E-01    3.4607E-01    2.5407E+00    2.2239E+00    9.5559E+00    6.2413E+00    3.6249E+00    5.5078E+00
        8794    5    7.7563    1.5326E+00    1.2258E+00    2.3851E+00    3.7981E-01    1.4947E-01    2.3210E-01    2.4805E+00    2.0526E+00    9.6001E+00    6.5084E+00    3.7842E+00    5.5039E+00
        8795    5    7.7820    1.1594E+00    8.8648E-01    1.6265E+00    2.2203E-01    8.1966E-02    1.3615E-01    2.1370E+00    1.7146E+00    8.9462E+00    6.3546E+00    3.6098E+00    5.7019E+00
        8850    5    7.5429    1.6355E+00    9.8845E-01    2.0669E+00    6.3259E-01    2.1833E-01    1.0352E+00    1.6684E+00    1.0086E+00    2.2257E+00    8.6584E-01    1.5063E-01    1.9485E+00
        8851    5    7.6206    1.8521E+00    1.6377E+00    2.7799E+00    7.0220E-01    3.5338E-01    7.3029E-01    2.2236E+00    2.0395E+00    5.5595E+00    3.1802E+00    1.3717E+00    5.1892E+00
        8852    5    7.6735    1.9070E+00    1.6460E+00    3.2934E+00    7.5962E-01    3.8586E-01    5.8535E-01    2.4910E+00    2.2426E+00    8.0673E+00    4.9642E+00    2.7734E+00    5.1257E+00
        8853    5    7.7017    1.9149E+00    1.5813E+00    3.3860E+00    7.2701E-01    3.4558E-01    4.7012E-01    2.6380E+00    2.2359E+00    9.2164E+00    6.0342E+00    3.3548E+00    4.9284E+00
        8854    5    7.7231    1.8778E+00    1.4522E+00    3.1775E+00    6.3507E-01    2.7593E-01    3.8210E-01    2.7395E+00    2.1306E+00    9.6493E+00    6.4811E+00    3.6160E+00    4.9339E+00
        8855    5    7.7469    1.7164E+00    1.2780E+00    2.6739E+00    4.5881E-01    1.7967E-01    2.6878E-01    2.7132E+00    2.0006E+00    9.8226E+00    6.6622E+00    3.7957E+00    5.1657E+00
        8856    5    7.7772    1.2504E+00    9.5564E-01    1.7844E+00    2.4817E-01    9.1335E-02    1.4816E-01    2.2564E+00    1.7604E+00    9.1833E+00    6.4693E+00    3.6557E+00    5.6279E+00
        8911    5    7.5679    1.6335E+00    1.3989E+00    2.3813E+00    6.9726E-01    3.1134E-01    7.6012E-01    1.8464E+00    1.5719E+00    3.4076E+00    1.6322E+00    4.4902E-01    2.8529E+00
        8911    6    7.7838    9.7137E-01    1.1566E+00    2.0304E+00    2.4137E-01    8.7504E-02    8.9505E-02    1.6386E+00    2.2397E+00    1.0881E+01    6.5892E+00    3.7059E+00    3.5928E+00
        8912    5    7.6409    1.9217E+00    1.6962E+00    3.1540E+00    7.7863E-01    3.9241E-01    6.0092E-01    2.3877E+00    2.1747E+00    6.8218E+00    4.1941E+00    2.2383E+00    4.4822E+00
        8913    5    7.6769    1.9144E+00    1.6502E+00    3.4826E+00    7.9901E-01    3.8880E-01    5.1201E-01    2.5443E+00    2.2210E+00    8.6706E+00    5.5402E+00    2.9757E+00    4.3014E+00
        8914    5    7.6976    1.9546E+00    1.5908E+00    3.4987E+00    7.6322E-01    3.5621E-01    4.5287E-01    2.7130E+00    2.1847E+00    9.3908E+00    6.2234E+00    3.3575E+00    4.4220E+00
        8915    5    7.7195    1.9290E+00    1.4517E+00    3.2661E+00    6.6434E-01    2.8895E-01    3.8736E-01    2.8116E+00    2.0838E+00    9.6993E+00    6.5538E+00    3.6146E+00    4.7400E+00
        8972    5    7.6042    1.8010E+00    1.6794E+00    2.9521E+00    7.7452E-01    3.6215E-01    5.9230E-01    2.1373E+00    2.0352E+00    5.5905E+00    3.0672E+00    1.5211E+00    3.3769E+00
        8972    6    7.7134    1.6415E+00    1.8623E+00    3.8278E+00    7.2059E-01    3.1524E-01    3.3189E-01    2.2457E+00    2.6970E+00    1.0866E+01    6.3610E+00    3.4153E+00    3.8076E+00
        8973    5    7.6602    1.8578E+00    1.6810E+00    3.4933E+00    8.1707E-01    4.0285E-01    5.1268E-01    2.4098E+00    2.2272E+00    8.2640E+00    5.1468E+00    2.6793E+00    3.8865E+00
        8974    5    7.6787    1.8884E+00    1.6547E+00    3.5790E+00    8.1286E-01    3.8784E-01    4.8294E-01    2.5425E+00    2.2146E+00    8.9729E+00    5.7753E+00    3.0347E+00    4.0156E+00
        9033    5    7.6519    1.8742E+00    1.8305E+00    3.6124E+00    8.2251E-01    3.9523E-01    4.9537E-01    2.3812E+00    2.3951E+00    8.2394E+00    4.8445E+00    2.5522E+00    3.6142E+00
        9033    6    7.6541    1.7842E+00    1.8646E+00    3.6929E+00    8.2677E-01    3.9832E-01    4.9599E-01    2.2736E+00    2.4344E+00    8.4089E+00    4.8759E+00    2.5947E+00    3.7007E+00
       12024    5    7.7804    1.3296E+00    6.6841E-01    1.1935E+00    9.6448E-02    6.3545E-02    3.2613E-01    2.5730E+00    1.7217E+00    5.4705E+00    2.2299E+00    2.2320E+00    1.2838E+01
       12085    5    7.7329    1.8453E+00    1.1224E+00    2.0198E+00    2.4535E-01    1.5464E-01    7.7421E-01    2.7845E+00    2.0929E+00    5.9871E+00    2.2275E+00    2.3982E+00    1.2047E+01
       12146    5    7.7030    1.9007E+00    1.3536E+00    2.2312E+00    3.3973E-01    2.2730E-01    1.0153E+00    2.6328E+00    2.2438E+00    5.7849E+00    2.2216E+00    2.3511E+00    1.1048E+01
       12147    5    7.7901    1.0698E+00    8.8029E-01    9.1771E-01    8.9177E-02    6.2984E-02    2.3455E-01    1.9775E+00    2.1323E+00    5.1744E+00    2.7428E+00    2.7428E+00    1.1058E+01
       12207    5    7.6873    1.9439E+00    1.5341E+00    2.3183E+00    3.8920E-01    2.7055E-01    1.0488E+00    2.5804E+00    2.3311E+00    5.6077E+00    2.3325E+00    2.1814E+00    1.0196E+01
       12208    5    7.7812    1.2172E+00    1.1145E+00    1.1239E+00    1.2073E-01    8.1217E-02    2.6794E-01    2.0801E+00    2.3988E+00    5.6029E+00    3.1149E+00    2.9553E+00    1.0678E+01
       12268    5    7.6820    2.0289E+00    1.6823E+00    2.4256E+00    4.3607E-01    2.9743E-01    1.0065E+00    2.6357E+00    2.4650E+00    5.7018E+00    2.6182E+00    2.1197E+00    9.6080E+00
       12269    5    7.7799    1.2476E+00    1.2418E+00    1.2244E+00    1.3988E-01    8.8699E-02    2.5569E-01    2.0840E+00    2.5067E+00    5.9742E+00    3.5419E+00    3.1457E+00    9.9610E+00
       12329    5    7.6845    2.0825E+00    1.8454E+00    2.5624E+00    4.9013E-01    3.1516E-01    9.1474E-01    2.6858E+00    2.6298E+00    6.0290E+00    3.1150E+00    2.1715E+00    9.1018E+00
       12330    5    7.7829    1.1968E+00    1.2831E+00    1.2366E+00    1.5046E-01    8.5615E-02    2.1802E-01    2.0324E+00    2.5123E+00    6.2988E+00    4.0951E+00    3.3379E+00    8.9540E+00
       12390    5    7.6931    2.1030E+00    1.9946E+00    2.6733E+00    5.4927E-01    3.2459E-01    7.8429E-01    2.7294E+00    2.8141E+00    6.5340E+00    3.7963E+00    2.3865E+00    8.5135E+00
       12391    5    7.7891    1.1747E+00    1.1445E+00    1.1732E+00    1.5093E-01    7.9968E-02    1.6550E-01    2.0231E+00    2.2729E+00    6.5324E+00    4.6964E+00    3.5432E+00    7.7207E+00
       12451    5    7.7081    2.1363E+00    2.0121E+00    2.7129E+00    5.8005E-01    3.3898E-01    5.9849E-01    2.8363E+00    2.9097E+00    7.1322E+00    4.5719E+00    2.9251E+00    7.6888E+00
       12512    5    7.7313    2.1361E+00    1.8681E+00    2.6082E+00    5.1303E-01    2.8346E-01    3.9464E-01    2.9431E+00    2.8135E+00    7.8591E+00    5.3986E+00    3.6672E+00    6.4001E+00
       12573    5    7.7646    1.7301E+00    1.6255E+00    2.0684E+00    3.1482E-01    1.5480E-01    1.9398E-01    2.6346E+00    2.6803E+00    8.3665E+00    5.9773E+00    4.1319E+00    5.4328E+00
