       1   -8.4259E-06   -6.4757E-06    8.4718E-06    5.1489E+02    5.1489E+02    5.1489E+02    0.0000E+00    0.0000E+00    0.0000E+00    5.1019E-02    4.6830E-02    4.4865E-02
       2    7.9924E+00    7.9924E+00    1.5552E+01    5.1473E+02    5.1473E+02    5.1479E+02    2.5897E-03    2.9916E-03    2.2395E-03    2.6696E-01    2.3954E-01    2.2044E-01
       3    1.5926E+01    1.5926E+01    3.1123E+01    5.1426E+02    5.1426E+02    5.1448E+02    4.7744E-03    4.9785E-03    5.3521E-03    2.0767E-01    2.2585E-01    2.2415E-01
       4    2.3741E+01    2.3741E+01    4.6725E+01    5.1349E+02    5.1349E+02    5.1396E+02    5.7552E-03    5.8003E-03    1.2416E-02    1.4030E-01    1.5927E-01    1.9204E-01
       5    3.1378E+01    3.1378E+01    6.2368E+01    5.1247E+02    5.1247E+02    5.1321E+02    5.4107E-03    5.6222E-03    2.5230E-02    7.4163E-02    7.7691E-02    1.3819E-01
       6    3.8777E+01    3.8777E+01    7.8049E+01    5.1123E+02    5.1123E+02    5.1219E+02    3.5265E-03    3.2154E-03    3.3448E-02    7.4931E-02    8.1637E-02    1.8120E-01
       7    4.5877E+01    4.5877E+01    9.3757E+01    5.0982E+02    5.0982E+02    5.1089E+02    1.6738E-03    1.3632E-03    3.7393E-02    6.9011E-02    7.3425E-02    1.8826E-01
       8    1.0362E+01    1.0362E+01    1.6686E+01    5.1463E+02    5.1463E+02    5.1484E+02    1.9753E-03    1.8682E-03    3.3536E-02    1.9988E-01    2.0931E-01    4.1954E-02
       9    1.5850E+01    1.6658E+01    2.8741E+01    5.1421E+02    5.1424E+02    5.1467E+02    6.2966E-03    3.2885E-03    1.6321E-02    1.5916E-01    1.6944E-01    2.5203E-01
      10    2.2501E+01    2.3858E+01    4.3273E+01    5.1350E+02    5.1359E+02    5.1425E+02    8.3380E-03    3.5123E-03    1.6120E-02    1.1483E-01    1.4304E-01    2.4149E-01
      11    2.9645E+01    3.1203E+01    5.8376E+01    5.1251E+02    5.1268E+02    5.1357E+02    9.0496E-03    3.4203E-03    2.2835E-02    8.7599E-02    1.2283E-01    1.8027E-01
      12    3.6856E+01    3.8450E+01    7.3720E+01    5.1128E+02    5.1156E+02    5.1264E+02    7.5686E-03    2.2144E-03    3.0685E-02    6.5304E-02    9.9932E-02    1.4311E-01
      13    4.3931E+01    4.5472E+01    8.9194E+01    5.0987E+02    5.1025E+02    5.1142E+02    4.3375E-03    8.5374E-04    3.4548E-02    5.6012E-02    8.6553E-02    1.5334E-01
      14    5.0752E+01    5.2182E+01    1.0474E+02    5.0833E+02    5.0880E+02    5.0991E+02    2.2302E-03    2.9828E-04    3.4361E-02    4.4243E-02    6.9225E-02    1.4338E-01
      15    4.7693E+01    5.0752E+01    9.9543E+01    5.0887E+02    5.0945E+02    5.1030E+02    2.3216E-03    9.0529E-04    3.4376E-02    7.4147E-02    5.8734E-02    1.4708E-01
      16    4.0747E+01    4.3922E+01    8.4032E+01    5.1035E+02    5.1086E+02    5.1173E+02    4.6578E-03    1.7864E-03    3.0797E-02    8.9839E-02    7.0437E-02    1.5085E-01
      17    3.3553E+01    3.6804E+01    6.8622E+01    5.1169E+02    5.1212E+02    5.1286E+02    7.5980E-03    2.9875E-03    2.4480E-02    9.0003E-02    9.1518E-02    1.3990E-01
      18    2.6216E+01    2.9490E+01    5.3404E+01    5.1283E+02    5.1318E+02    5.1371E+02    9.1671E-03    3.7325E-03    1.6688E-02    9.3253E-02    1.3299E-01    1.4697E-01
      19    1.8926E+01    2.2092E+01    3.8585E+01    5.1374E+02    5.1398E+02    5.1431E+02    9.2831E-03    3.2715E-03    1.1375E-02    1.6887E-01    1.9640E-01    1.8073E-01
      20    1.2178E+01    1.4703E+01    2.4912E+01    5.1438E+02    5.1451E+02    5.1466E+02    9.0622E-03    1.7941E-03    9.4395E-03    2.5073E-01    2.1243E-01    2.0539E-01
      21    2.0714E+01    2.0714E+01    3.3386E+01    5.1385E+02    5.1385E+02    5.1470E+02    2.5126E-03    2.7614E-03    6.3337E-02    9.0928E-02    8.9877E-02    1.3365E-01
      22    2.5974E+01    2.6529E+01    4.4117E+01    5.1318E+02    5.1321E+02    5.1447E+02    7.6837E-03    3.0632E-03    4.3597E-02    6.7749E-02    7.6632E-02    2.5428E-01
      23    3.1856E+01    3.3064E+01    5.7371E+01    5.1222E+02    5.1233E+02    5.1395E+02    1.0971E-02    2.3755E-03    3.1126E-02    5.6118E-02    8.3523E-02    3.0847E-01
      24    3.8283E+01    3.9815E+01    7.1605E+01    5.1101E+02    5.1125E+02    5.1315E+02    1.0319E-02    1.4775E-03    3.0916E-02    4.6711E-02    8.3697E-02    1.8229E-01
      25    4.4934E+01    4.6523E+01    8.6318E+01    5.0960E+02    5.0999E+02    5.1205E+02    8.0083E-03    7.1780E-04    3.1687E-02    3.6166E-02    7.2718E-02    1.3481E-01
      26    5.1564E+01    5.3028E+01    1.0130E+02    5.0805E+02    5.0858E+02    5.1066E+02    4.4561E-03    3.5279E-04    3.0059E-02    2.5855E-02    5.4547E-02    1.2538E-01
      27    5.0719E+01    5.7832E+01    1.0626E+02    5.0772E+02    5.0880E+02    5.0932E+02    2.9132E-03    1.5331E-03    2.4371E-02    6.9909E-02    4.4368E-02    9.1192E-02
      28    4.4091E+01    5.1249E+01    9.1311E+01    5.0923E+02    5.1021E+02    5.1093E+02    5.7230E-03    2.3570E-03    2.5677E-02    9.6165E-02    6.0760E-02    9.8185E-02
      29    3.7325E+01    4.4324E+01    7.6678E+01    5.1064E+02    5.1148E+02    5.1223E+02    9.2613E-03    3.0698E-03    2.3031E-02    1.1569E-01    9.3849E-02    1.0399E-01
      30    3.0603E+01    3.7115E+01    6.2602E+01    5.1188E+02    5.1256E+02    5.1321E+02    1.3098E-02    4.4920E-03    2.0177E-02    1.0499E-01    1.2623E-01    1.0827E-01
      31    2.4251E+01    2.9657E+01    4.9575E+01    5.1292E+02    5.1341E+02    5.1390E+02    1.6176E-02    4.7784E-03    2.0013E-02    9.8288E-02    1.4123E-01    1.2141E-01
      32    3.1036E+01    3.1036E+01    5.0107E+01    5.1254E+02    5.1254E+02    5.1444E+02    2.9095E-03    1.6823E-03    9.5137E-02    3.3309E-02    3.4477E-02    2.5999E-01
      33    3.6287E+01    3.6599E+01    6.0156E+01    5.1161E+02    5.1164E+02    5.1412E+02    6.6116E-03    2.2521E-03    6.9025E-02    2.4235E-02    3.0759E-02    2.9783E-01
      34    4.1961E+01    4.2669E+01    7.2381E+01    5.1041E+02    5.1054E+02    5.1350E+02    1.0568E-02    1.4257E-03    4.7379E-02    2.2431E-02    3.9201E-02    4.0054E-01
      35    4.8056E+01    4.8900E+01    8.5713E+01    5.0900E+02    5.0927E+02    5.1257E+02    9.7440E-03    6.6865E-04    3.9805E-02    1.7020E-02    3.7541E-02    1.9685E-01
      36    5.4361E+01    5.5071E+01    9.9664E+01    5.0743E+02    5.0784E+02    5.1133E+02    6.7146E-03    3.6096E-04    3.2814E-02    1.1661E-02    3.0858E-02    1.4672E-01
      37    4.8437E+01    5.9621E+01    9.9711E+01    5.0799E+02    5.0931E+02    5.0973E+02    5.4944E-03    3.4381E-03    1.7552E-02    8.6439E-02    5.2879E-02    5.5594E-02
      38    4.2174E+01    5.2539E+01    8.6264E+01    5.0942E+02    5.1059E+02    5.1123E+02    1.0294E-02    5.7219E-03    2.0377E-02    1.1410E-01    6.1354E-02    5.2155E-02
      39    3.6111E+01    4.4987E+01    7.3740E+01    5.1073E+02    5.1169E+02    5.1239E+02    1.4756E-02    7.5267E-03    2.2094E-02    1.2686E-01    8.1335E-02    6.2560E-02
      40    4.1286E+01    4.1286E+01    6.6847E+01    5.1069E+02    5.1069E+02    5.1401E+02    2.7950E-03    4.4845E-04    1.1499E-01    8.5215E-03    8.7690E-03    3.4258E-01
      41    4.6535E+01    4.6656E+01    7.6472E+01    5.0950E+02    5.0954E+02    5.1360E+02    5.3135E-03    1.6429E-03    9.1091E-02    6.8348E-03    9.9982E-03    3.4597E-01
      42    5.2175E+01    5.2352E+01    8.7885E+01    5.0809E+02    5.0821E+02    5.1285E+02    8.9716E-03    8.9559E-04    6.5081E-02    6.0463E-03    1.4482E-02    3.4040E-01
      43    5.8118E+01    5.8163E+01    1.0036E+02    5.0649E+02    5.0675E+02    5.1179E+02    4.5630E-04    7.9130E-03    4.8066E-02    4.0107E-03    1.5291E-02    2.2068E-01
      44    4.7653E+01    6.0618E+01    9.7171E+01    5.0808E+02    5.0948E+02    5.0985E+02    7.0076E-03    5.9204E-03    1.4100E-02    9.3774E-02    3.5257E-02    2.4317E-02
      45    5.1402E+01    5.1402E+01    8.3588E+01    5.0831E+02    5.0831E+02    5.1339E+02    1.6192E-03    2.4735E-04    1.3224E-01    2.6207E-03    2.2953E-03    3.8071E-01
      46    5.6578E+01    5.6607E+01    9.2906E+01    5.0688E+02    5.0691E+02    5.1285E+02    1.0500E-03    4.1259E-03    1.1126E-01    2.0385E-03    3.6224E-03    4.0256E-01
      47    6.1291E+01    6.1291E+01    1.0029E+02    5.0543E+02    5.0543E+02    5.1253E+02    6.9199E-04    4.4276E-04    1.4297E-01    1.3701E-03    1.1890E-03    4.3658E-01
      48    2.0589E+01    2.3280E+01    3.8667E+01    5.1362E+02    5.1378E+02    5.1447E+02    9.6292E-03    3.9372E-03    3.6696E-02    1.1428E-01    1.1079E-01    2.2216E-01
      49    2.6573E+01    3.0389E+01    5.1625E+01    5.1275E+02    5.1305E+02    5.1400E+02    1.0283E-02    5.7687E-03    3.0088E-02    1.0657E-01    9.9175E-02    2.0744E-01
      50    3.3217E+01    3.7489E+01    6.5815E+01    5.1165E+02    5.1207E+02    5.1325E+02    9.6775E-03    4.5447E-03    3.0982E-02    8.5725E-02    9.1608E-02    1.6871E-01
      51    4.0058E+01    4.4477E+01    8.0571E+01    5.1034E+02    5.1088E+02    5.1221E+02    7.0948E-03    2.6079E-03    3.1379E-02    6.9501E-02    7.6734E-02    1.3073E-01
      52    4.6845E+01    5.1244E+01    9.5627E+01    5.0887E+02    5.0952E+02    5.1088E+02    4.2861E-03    1.4315E-03    3.1721E-02    5.2136E-02    6.3635E-02    1.1864E-01
      53    3.0625E+01    3.2899E+01    5.3838E+01    5.1234E+02    5.1247E+02    5.1419E+02    8.5865E-03    3.6564E-03    5.7463E-02    6.3395E-02    3.9692E-02    2.5849E-01
      54    3.6066E+01    3.9663E+01    6.5990E+01    5.1126E+02    5.1150E+02    5.1362E+02    9.7921E-03    4.8197E-03    4.5993E-02    6.1698E-02    3.7489E-02    2.4163E-01
      55    4.2112E+01    4.6417E+01    7.9396E+01    5.0997E+02    5.1032E+02    5.1274E+02    8.5181E-03    4.1438E-03    3.6511E-02    4.7881E-02    4.5951E-02    1.9527E-01
      56    4.8414E+01    5.3041E+01    9.3488E+01    5.0850E+02    5.0896E+02    5.1156E+02    5.5275E-03    2.7301E-03    3.0966E-02    3.0238E-02    4.0288E-02    1.3108E-01
      57    5.0439E+01    5.9074E+01    1.0308E+02    5.0767E+02    5.0851E+02    5.1000E+02    4.1443E-03    2.0790E-03    1.8979E-02    5.6744E-02    3.8325E-02    7.8498E-02
      58    4.4049E+01    5.2371E+01    8.8851E+01    5.0917E+02    5.0995E+02    5.1145E+02    7.1974E-03    2.9598E-03    2.0171E-02    8.3829E-02    4.6839E-02    1.0513E-01
      59    3.7721E+01    4.5301E+01    7.5220E+01    5.1054E+02    5.1121E+02    5.1261E+02    1.1661E-02    4.5680E-03    2.2289E-02    1.0086E-01    5.1353E-02    1.3614E-01
      60    3.1744E+01    3.7920E+01    6.2589E+01    5.1175E+02    5.1225E+02    5.1346E+02    1.6373E-02    5.4496E-03    2.6071E-02    1.0707E-01    6.2764E-02    1.4995E-01
      61    4.0874E+01    4.2795E+01    6.9624E+01    5.1054E+02    5.1063E+02    5.1375E+02    5.8255E-03    2.7234E-03    7.8395E-02    2.9154E-02    1.0655E-02    3.0799E-01
      62    4.6052E+01    4.9281E+01    8.1062E+01    5.0925E+02    5.0941E+02    5.1307E+02    7.3418E-03    4.7530E-03    6.1412E-02    2.3612E-02    1.3678E-02    2.8103E-01
      63    5.1713E+01    5.5750E+01    9.3676E+01    5.0777E+02    5.0803E+02    5.1206E+02    5.8233E-03    4.3939E-03    4.3692E-02    1.4165E-02    1.8578E-02    2.1812E-01
      64    4.8870E+01    6.0678E+01    9.8389E+01    5.0787E+02    5.0874E+02    5.1035E+02    7.0758E-03    5.0592E-03    1.5771E-02    7.0192E-02    1.7264E-02    6.8658E-02
      65    4.3070E+01    5.3185E+01    8.6201E+01    5.0926E+02    5.1009E+02    5.1164E+02    1.0998E-02    7.1606E-03    2.0220E-02    9.5008E-02    2.4723E-02    8.6584E-02
      66    5.1045E+01    5.2698E+01    8.5713E+01    5.0821E+02    5.0825E+02    5.1312E+02    3.4717E-03    2.4887E-03    9.6378E-02    1.0035E-02    2.7854E-03    3.5983E-01
      67    5.6056E+01    5.8944E+01    9.6536E+01    5.0671E+02    5.0681E+02    5.1231E+02    4.8793E-03    4.6427E-03    7.3145E-02    5.3600E-03    7.9402E-03    3.4140E-01
      68    4.0925E+01    4.7000E+01    7.6679E+01    5.1007E+02    5.1044E+02    5.1297E+02    1.1864E-02    6.1160E-03    5.3195E-02    5.9429E-02    1.6945E-02    1.9080E-01
      69    4.6462E+01    5.4185E+01    8.8783E+01    5.0872E+02    5.0915E+02    5.1199E+02    9.0350E-03    6.0415E-03    3.8611E-02    4.4851E-02    1.5792E-02    1.7072E-01
      70    5.2334E+01    6.1042E+01    1.0183E+02    5.0722E+02    5.0767E+02    5.1071E+02    5.1533E-03    3.7873E-03    2.7507E-02    2.6768E-02    1.7089E-02    1.4152E-01
      71    5.0685E+01    5.6375E+01    9.1406E+01    5.0790E+02    5.0806E+02    5.1230E+02    8.8018E-03    6.0632E-03    6.2175E-02    2.3840E-02    3.6878E-03    2.2724E-01
      72    5.1513E+01    6.1915E+01    9.9475E+01    5.0734E+02    5.0772E+02    5.1092E+02    8.5664E-03    7.0317E-03    2.0348E-02    4.0080E-02    5.0342E-03    1.1109E-01
