    0.0000E+00  0.00000E+00  0.00000E+00  0.00000E+00  0.00000E+00  0.00000E+00  0.00000E+00
    3.2761E-02  0.00000E+00  0.00000E+00  0.00000E+00  0.00000E+00  0.00000E+00  0.00000E+00
    6.5521E-02  0.00000E+00  0.00000E+00  0.00000E+00  0.00000E+00  0.00000E+00  0.00000E+00
    9.8282E-02  0.00000E+00  0.00000E+00  0.00000E+00  0.00000E+00  0.00000E+00  0.00000E+00
    1.3104E-01  0.00000E+00  0.00000E+00  0.00000E+00  0.00000E+00  0.00000E+00  0.00000E+00
    1.6380E-01  0.00000E+00  0.00000E+00  0.00000E+00  0.00000E+00  0.00000E+00  0.00000E+00
    1.9656E-01  0.00000E+00  0.00000E+00  0.00000E+00  0.00000E+00  0.00000E+00  0.00000E+00
    2.2932E-01  0.00000E+00  0.00000E+00  0.00000E+00  0.00000E+00  0.00000E+00  0.00000E+00
    2.6208E-01  0.00000E+00  0.00000E+00  0.00000E+00  0.00000E+00  0.00000E+00  0.00000E+00
    2.9485E-01  0.00000E+00  0.00000E+00  0.00000E+00  0.00000E+00  0.00000E+00  0.00000E+00
    3.2761E-01  0.00000E+00  0.00000E+00  0.00000E+00  0.00000E+00  0.00000E+00  0.00000E+00
    3.6037E-01  0.00000E+00  0.00000E+00  0.00000E+00  0.00000E+00  0.00000E+00  0.00000E+00
    3.9313E-01  0.00000E+00  0.00000E+00  0.00000E+00  0.00000E+00  0.00000E+00  0.00000E+00
    4.2589E-01  0.00000E+00  0.00000E+00  0.00000E+00  0.00000E+00  0.00000E+00  0.00000E+00
    4.5865E-01  0.00000E+00  0.00000E+00  0.00000E+00  0.00000E+00  0.00000E+00  0.00000E+00
    4.9141E-01  0.00000E+00  0.00000E+00  0.00000E+00  0.00000E+00  0.00000E+00  0.00000E+00
    5.2417E-01  0.00000E+00  0.00000E+00  0.00000E+00  0.00000E+00  0.00000E+00  0.00000E+00
    5.5693E-01  0.00000E+00  0.00000E+00  0.00000E+00  0.00000E+00  0.00000E+00  0.00000E+00
    5.8969E-01  0.00000E+00  0.00000E+00  0.00000E+00  0.00000E+00  0.00000E+00  0.00000E+00
    6.2245E-01  0.00000E+00  0.00000E+00  0.00000E+00  0.00000E+00  0.00000E+00  0.00000E+00
    6.5521E-01  0.00000E+00  0.00000E+00  0.00000E+00  0.00000E+00  0.00000E+00  0.00000E+00
    6.8797E-01  0.00000E+00  0.00000E+00  0.00000E+00  0.00000E+00  0.00000E+00  0.00000E+00
    7.2073E-01  0.00000E+00  0.00000E+00  0.00000E+00  0.00000E+00  0.00000E+00  0.00000E+00
    7.5349E-01  0.00000E+00  0.00000E+00  0.00000E+00  0.00000E+00  0.00000E+00  0.00000E+00
    7.8625E-01  0.00000E+00  0.00000E+00  0.00000E+00  0.00000E+00  0.00000E+00  0.00000E+00
    8.1902E-01  0.00000E+00  0.00000E+00  0.00000E+00  0.00000E+00  0.00000E+00  0.00000E+00
    8.5178E-01  0.00000E+00  0.00000E+00  0.00000E+00  0.00000E+00  0.00000E+00  0.00000E+00
    8.8454E-01  0.00000E+00  0.00000E+00  0.00000E+00  0.00000E+00  0.00000E+00  0.00000E+00
    9.1730E-01  0.00000E+00  0.00000E+00  0.00000E+00  0.00000E+00  0.00000E+00  0.00000E+00
    9.5006E-01  0.00000E+00  0.00000E+00  0.00000E+00  0.00000E+00  0.00000E+00  0.00000E+00
    9.8282E-01  0.00000E+00  0.00000E+00  0.00000E+00  0.00000E+00  0.00000E+00  0.00000E+00
    1.0156E+00  0.00000E+00  0.00000E+00  0.00000E+00  0.00000E+00  0.00000E+00  0.00000E+00
    1.0483E+00  0.00000E+00  0.00000E+00  0.00000E+00  0.00000E+00  0.00000E+00  0.00000E+00
    1.0811E+00  0.00000E+00  0.00000E+00  0.00000E+00  0.00000E+00  0.00000E+00  0.00000E+00
    1.1139E+00  0.00000E+00  0.00000E+00  0.00000E+00  0.00000E+00  0.00000E+00  0.00000E+00
    1.1466E+00  0.00000E+00  0.00000E+00  0.00000E+00  0.00000E+00  0.00000E+00  0.00000E+00
    1.1794E+00  0.00000E+00  0.00000E+00  0.00000E+00  0.00000E+00  0.00000E+00  0.00000E+00
    1.2121E+00  0.00000E+00  0.00000E+00  0.00000E+00  0.00000E+00  0.00000E+00  0.00000E+00
    1.2449E+00  0.00000E+00  0.00000E+00  0.00000E+00  0.00000E+00  0.00000E+00  0.00000E+00
    1.2777E+00  0.00000E+00  0.00000E+00  0.00000E+00  0.00000E+00  0.00000E+00  0.00000E+00
    1.3104E+00  0.00000E+00  0.00000E+00  0.00000E+00  0.00000E+00  0.00000E+00  0.00000E+00
    1.3432E+00  0.00000E+00  0.00000E+00  0.00000E+00  0.00000E+00  0.00000E+00  0.00000E+00
    1.3759E+00  0.00000E+00  0.00000E+00  0.00000E+00  0.00000E+00  0.00000E+00  0.00000E+00
    1.4087E+00  0.00000E+00  0.00000E+00  0.00000E+00  0.00000E+00  0.00000E+00  0.00000E+00
    1.4415E+00  0.00000E+00  0.00000E+00  0.00000E+00  0.00000E+00  0.00000E+00  0.00000E+00
    1.4742E+00  0.00000E+00  0.00000E+00  0.00000E+00  0.00000E+00  0.00000E+00  0.00000E+00
    1.5070E+00  0.00000E+00  0.00000E+00  0.00000E+00  0.00000E+00  0.00000E+00  0.00000E+00
    1.5397E+00  0.00000E+00  0.00000E+00  0.00000E+00  0.00000E+00  0.00000E+00  0.00000E+00
    1.5725E+00  0.00000E+00  0.00000E+00  0.00000E+00  0.00000E+00  0.00000E+00  0.00000E+00
    1.6053E+00  0.00000E+00  0.00000E+00  0.00000E+00  0.00000E+00  0.00000E+00  0.00000E+00
    1.6380E+00  0.00000E+00  0.00000E+00  0.00000E+00  0.00000E+00  0.00000E+00  0.00000E+00
    1.6708E+00  0.00000E+00  0.00000E+00  0.00000E+00  0.00000E+00  0.00000E+00  0.00000E+00
    1.7036E+00  0.00000E+00  0.00000E+00  0.00000E+00  0.00000E+00  0.00000E+00  0.00000E+00
    1.7363E+00  0.00000E+00  0.00000E+00  0.00000E+00  0.00000E+00  0.00000E+00  0.00000E+00
    1.7691E+00  0.00000E+00  0.00000E+00  0.00000E+00  0.00000E+00  0.00000E+00  0.00000E+00
    1.8018E+00  0.00000E+00  0.00000E+00  0.00000E+00  0.00000E+00  0.00000E+00  0.00000E+00
    1.8346E+00  0.00000E+00  0.00000E+00  0.00000E+00  0.00000E+00  0.00000E+00  0.00000E+00
    1.8674E+00  0.00000E+00  0.00000E+00  0.00000E+00  0.00000E+00  0.00000E+00  0.00000E+00
    1.9001E+00  0.00000E+00  0.00000E+00  0.00000E+00  0.00000E+00  0.00000E+00  0.00000E+00
    1.9329E+00  0.00000E+00  0.00000E+00  0.00000E+00  0.00000E+00  0.00000E+00  0.00000E+00
    1.9656E+00  0.00000E+00  0.00000E+00  0.00000E+00  0.00000E+00  0.00000E+00  0.00000E+00
    1.9984E+00  0.00000E+00  0.00000E+00  0.00000E+00  0.00000E+00  0.00000E+00  0.00000E+00
    2.0312E+00  0.00000E+00  0.00000E+00  0.00000E+00  0.00000E+00  0.00000E+00  0.00000E+00
    2.0639E+00  0.00000E+00  0.00000E+00  0.00000E+00  0.00000E+00  0.00000E+00  0.00000E+00
    2.0967E+00  0.00000E+00  0.00000E+00  0.00000E+00  0.00000E+00  0.00000E+00  0.00000E+00
    2.1294E+00  0.00000E+00  0.00000E+00  0.00000E+00  0.00000E+00  0.00000E+00  0.00000E+00
    2.1622E+00  0.00000E+00  0.00000E+00  0.00000E+00  0.00000E+00  0.00000E+00  0.00000E+00
    2.1950E+00  0.00000E+00  0.00000E+00  0.00000E+00  0.00000E+00  0.00000E+00  0.00000E+00
    2.2277E+00  0.00000E+00  0.00000E+00  0.00000E+00  0.00000E+00  0.00000E+00  0.00000E+00
    2.2605E+00  0.00000E+00  0.00000E+00  0.00000E+00  0.00000E+00  0.00000E+00  0.00000E+00
    2.2932E+00  0.00000E+00  0.00000E+00  0.00000E+00  0.00000E+00  0.00000E+00  0.00000E+00
    2.3260E+00  0.00000E+00  0.00000E+00  0.00000E+00  0.00000E+00  0.00000E+00  0.00000E+00
    2.3588E+00  0.00000E+00  0.00000E+00  0.00000E+00  0.00000E+00  0.00000E+00  0.00000E+00
    2.3915E+00  0.00000E+00  0.00000E+00  0.00000E+00  0.00000E+00  0.00000E+00  0.00000E+00
    2.4243E+00  0.00000E+00  0.00000E+00  0.00000E+00  0.00000E+00  0.00000E+00  0.00000E+00
    2.4570E+00  0.00000E+00  0.00000E+00  0.00000E+00  0.00000E+00  0.00000E+00  0.00000E+00
    2.4898E+00  0.00000E+00  0.00000E+00  0.00000E+00  0.00000E+00  0.00000E+00  0.00000E+00
    2.5226E+00  0.00000E+00  0.00000E+00  0.00000E+00  0.00000E+00  0.00000E+00  0.00000E+00
    2.5553E+00  0.00000E+00  0.00000E+00  0.00000E+00  0.00000E+00  0.00000E+00  0.00000E+00
    2.5881E+00  0.00000E+00  0.00000E+00  0.00000E+00  0.00000E+00  0.00000E+00  0.00000E+00
    2.6208E+00  0.00000E+00  0.00000E+00  0.00000E+00  0.00000E+00  0.00000E+00  0.00000E+00
    2.6536E+00  0.00000E+00  0.00000E+00  0.00000E+00  0.00000E+00  0.00000E+00  0.00000E+00
    2.6864E+00  0.00000E+00  0.00000E+00  0.00000E+00  0.00000E+00  0.00000E+00  0.00000E+00
    2.7191E+00  0.00000E+00  0.00000E+00  0.00000E+00  0.00000E+00  0.00000E+00  0.00000E+00
    2.7519E+00  0.00000E+00  0.00000E+00  0.00000E+00  0.00000E+00  0.00000E+00  0.00000E+00
    2.7847E+00  0.00000E+00  0.00000E+00  0.00000E+00  0.00000E+00  0.00000E+00  0.00000E+00
    2.8174E+00  0.00000E+00  0.00000E+00  0.00000E+00  0.00000E+00  0.00000E+00  0.00000E+00
    2.8502E+00  0.00000E+00  0.00000E+00  0.00000E+00  0.00000E+00  0.00000E+00  0.00000E+00
    2.8829E+00  0.00000E+00  0.00000E+00  0.00000E+00  0.00000E+00  0.00000E+00  0.00000E+00
    2.9157E+00  0.00000E+00  0.00000E+00  0.00000E+00  0.00000E+00  0.00000E+00  0.00000E+00
    2.9485E+00  0.00000E+00  0.00000E+00  0.00000E+00  0.00000E+00  0.00000E+00  0.00000E+00
    2.9812E+00  0.00000E+00  0.00000E+00  0.00000E+00  0.00000E+00  0.00000E+00  0.00000E+00
    3.0140E+00  0.00000E+00  0.00000E+00  0.00000E+00  0.00000E+00  0.00000E+00  0.00000E+00
    3.0467E+00  0.00000E+00  0.00000E+00  0.00000E+00  0.00000E+00  0.00000E+00  0.00000E+00
    3.0795E+00  0.00000E+00  0.00000E+00  0.00000E+00  0.00000E+00  0.00000E+00  0.00000E+00
    3.1123E+00  0.00000E+00  0.00000E+00  0.00000E+00  0.00000E+00  0.00000E+00  0.00000E+00
    3.1450E+00  0.00000E+00  0.00000E+00  0.00000E+00  0.00000E+00  0.00000E+00  0.00000E+00
    3.1778E+00  0.00000E+00  0.00000E+00  0.00000E+00  0.00000E+00  0.00000E+00  0.00000E+00
    3.2105E+00  0.00000E+00  0.00000E+00  0.00000E+00  0.00000E+00  0.00000E+00  0.00000E+00
    3.2433E+00  0.00000E+00  0.00000E+00  0.00000E+00  0.00000E+00  0.00000E+00  0.00000E+00
    3.2761E+00  0.00000E+00  0.00000E+00  0.00000E+00  0.00000E+00  0.00000E+00  0.00000E+00
    3.3088E+00  0.00000E+00  0.00000E+00  0.00000E+00  0.00000E+00  0.00000E+00  0.00000E+00
    3.3416E+00  0.00000E+00  0.00000E+00  0.00000E+00  0.00000E+00  0.00000E+00  0.00000E+00
    3.3743E+00  0.00000E+00  0.00000E+00  0.00000E+00  0.00000E+00  0.00000E+00  0.00000E+00
    3.4071E+00  0.00000E+00  0.00000E+00  0.00000E+00  0.00000E+00  0.00000E+00  0.00000E+00
    3.4399E+00  0.00000E+00  0.00000E+00  0.00000E+00  0.00000E+00  0.00000E+00  0.00000E+00
    3.4726E+00  0.00000E+00  0.00000E+00  0.00000E+00  0.00000E+00  0.00000E+00  0.00000E+00
    3.5054E+00  0.00000E+00  0.00000E+00  0.00000E+00  0.00000E+00  0.00000E+00  0.00000E+00
    3.5381E+00  0.00000E+00  0.00000E+00  0.00000E+00  0.00000E+00  0.00000E+00  0.00000E+00
    3.5709E+00  0.00000E+00  0.00000E+00  0.00000E+00  0.00000E+00  0.00000E+00  0.00000E+00
    3.6037E+00  0.00000E+00  0.00000E+00  0.00000E+00  0.00000E+00  0.00000E+00  0.00000E+00
    3.6364E+00  0.00000E+00  0.00000E+00  0.00000E+00  0.00000E+00  0.00000E+00  0.00000E+00
    3.6692E+00  0.00000E+00  0.00000E+00  0.00000E+00  0.00000E+00  0.00000E+00  0.00000E+00
    3.7019E+00  0.00000E+00  0.00000E+00  0.00000E+00  0.00000E+00  0.00000E+00  0.00000E+00
    3.7347E+00  0.00000E+00  0.00000E+00  0.00000E+00  0.00000E+00  0.00000E+00  0.00000E+00
    3.7675E+00  0.00000E+00  0.00000E+00  0.00000E+00  0.00000E+00  0.00000E+00  0.00000E+00
    3.8002E+00  0.00000E+00  0.00000E+00  0.00000E+00  0.00000E+00  0.00000E+00  0.00000E+00
    3.8330E+00  0.00000E+00  0.00000E+00  0.00000E+00  0.00000E+00  0.00000E+00  0.00000E+00
    3.8658E+00  0.00000E+00  0.00000E+00  0.00000E+00  0.00000E+00  0.00000E+00  0.00000E+00
    3.8985E+00  0.00000E+00  0.00000E+00  0.00000E+00  0.00000E+00  0.00000E+00  0.00000E+00
    3.9313E+00  0.00000E+00  0.00000E+00  0.00000E+00  0.00000E+00  0.00000E+00  0.00000E+00
    3.9640E+00  0.00000E+00  0.00000E+00  0.00000E+00  0.00000E+00  0.00000E+00  0.00000E+00
    3.9968E+00  0.00000E+00  0.00000E+00  0.00000E+00  0.00000E+00  0.00000E+00  0.00000E+00
    4.0296E+00  0.00000E+00  0.00000E+00  0.00000E+00  0.00000E+00  0.00000E+00  0.00000E+00
    4.0623E+00  0.00000E+00  0.00000E+00  0.00000E+00  0.00000E+00  0.00000E+00  0.00000E+00
    4.0951E+00  0.00000E+00  0.00000E+00  0.00000E+00  0.00000E+00  0.00000E+00  0.00000E+00
    4.1278E+00  0.00000E+00  0.00000E+00  0.00000E+00  0.00000E+00  0.00000E+00  0.00000E+00
    4.1606E+00  0.00000E+00  0.00000E+00  0.00000E+00  0.00000E+00  0.00000E+00  0.00000E+00
    4.1934E+00  0.00000E+00  0.00000E+00  0.00000E+00  0.00000E+00  0.00000E+00  0.00000E+00
    4.2261E+00  0.00000E+00  0.00000E+00  0.00000E+00  0.00000E+00  0.00000E+00  0.00000E+00
    4.2589E+00  0.00000E+00  0.00000E+00  0.00000E+00  0.00000E+00  0.00000E+00  0.00000E+00
    4.2916E+00  0.00000E+00  0.00000E+00  0.00000E+00  0.00000E+00  0.00000E+00  0.00000E+00
    4.3244E+00  0.00000E+00  0.00000E+00  0.00000E+00  0.00000E+00  0.00000E+00  0.00000E+00
    4.3572E+00  0.00000E+00  0.00000E+00  0.00000E+00  0.00000E+00  0.00000E+00  0.00000E+00
    4.3899E+00  0.00000E+00  0.00000E+00  0.00000E+00  0.00000E+00  0.00000E+00  0.00000E+00
    4.4227E+00  0.00000E+00  0.00000E+00  0.00000E+00  0.00000E+00  0.00000E+00  0.00000E+00
    4.4554E+00  0.00000E+00  0.00000E+00  0.00000E+00  0.00000E+00  0.00000E+00  0.00000E+00
    4.4882E+00  0.00000E+00  0.00000E+00  0.00000E+00  0.00000E+00  0.00000E+00  0.00000E+00
    4.5210E+00  0.00000E+00  0.00000E+00  0.00000E+00  0.00000E+00  0.00000E+00  0.00000E+00
    4.5537E+00  0.00000E+00  0.00000E+00  0.00000E+00  0.00000E+00  0.00000E+00  0.00000E+00
    4.5865E+00  0.00000E+00  0.00000E+00  0.00000E+00  0.00000E+00  0.00000E+00  0.00000E+00
    4.6192E+00  0.00000E+00  0.00000E+00  0.00000E+00  0.00000E+00  0.00000E+00  0.00000E+00
    4.6520E+00  0.00000E+00  0.00000E+00  0.00000E+00  0.00000E+00  0.00000E+00  0.00000E+00
    4.6848E+00  0.00000E+00  0.00000E+00  0.00000E+00  0.00000E+00  0.00000E+00  0.00000E+00
    4.7175E+00  0.00000E+00  0.00000E+00  0.00000E+00  0.00000E+00  0.00000E+00  0.00000E+00
    4.7503E+00  0.00000E+00  0.00000E+00  0.00000E+00  0.00000E+00  0.00000E+00  0.00000E+00
    4.7830E+00  0.00000E+00  0.00000E+00  0.00000E+00  0.00000E+00  0.00000E+00  0.00000E+00
    4.8158E+00  0.00000E+00  0.00000E+00  0.00000E+00  0.00000E+00  0.00000E+00  0.00000E+00
    4.8486E+00  0.00000E+00  0.00000E+00  0.00000E+00  0.00000E+00  0.00000E+00  0.00000E+00
    4.8813E+00  0.00000E+00  0.00000E+00  0.00000E+00  0.00000E+00  0.00000E+00  0.00000E+00
    4.9141E+00  0.00000E+00  0.00000E+00  0.00000E+00  0.00000E+00  0.00000E+00  0.00000E+00
    4.9469E+00  0.00000E+00  0.00000E+00  0.00000E+00  0.00000E+00  0.00000E+00  0.00000E+00
    4.9796E+00  0.00000E+00  0.00000E+00  0.00000E+00  0.00000E+00  0.00000E+00  0.00000E+00
    5.0124E+00  0.00000E+00  0.00000E+00  0.00000E+00  0.00000E+00  0.00000E+00  0.00000E+00
    5.0451E+00  0.00000E+00  0.00000E+00  0.00000E+00  0.00000E+00  0.00000E+00  0.00000E+00
    5.0779E+00  0.00000E+00  0.00000E+00  0.00000E+00  0.00000E+00  0.00000E+00  0.00000E+00
    5.1107E+00  0.00000E+00  0.00000E+00  0.00000E+00  0.00000E+00  0.00000E+00  0.00000E+00
    5.1434E+00  0.00000E+00  0.00000E+00  0.00000E+00  0.00000E+00  0.00000E+00  0.00000E+00
    5.1762E+00  0.00000E+00  0.00000E+00  0.00000E+00  0.00000E+00  0.00000E+00  0.00000E+00
    5.2089E+00  0.00000E+00  0.00000E+00  0.00000E+00  0.00000E+00  0.00000E+00  0.00000E+00
    5.2417E+00  0.00000E+00  0.00000E+00  0.00000E+00  0.00000E+00  0.00000E+00  0.00000E+00
    5.2745E+00  0.00000E+00  0.00000E+00  0.00000E+00  0.00000E+00  0.00000E+00  0.00000E+00
    5.3072E+00  0.00000E+00  0.00000E+00  0.00000E+00  0.00000E+00  0.00000E+00  0.00000E+00
    5.3400E+00  0.00000E+00  0.00000E+00  0.00000E+00  0.00000E+00  0.00000E+00  0.00000E+00
    5.3727E+00  0.00000E+00  0.00000E+00  0.00000E+00  0.00000E+00  0.00000E+00  0.00000E+00
    5.4055E+00  0.00000E+00  0.00000E+00  0.00000E+00  0.00000E+00  0.00000E+00  0.00000E+00
    5.4383E+00  0.00000E+00  0.00000E+00  0.00000E+00  0.00000E+00  0.00000E+00  0.00000E+00
    5.4710E+00  0.00000E+00  0.00000E+00  0.00000E+00  0.00000E+00  0.00000E+00  0.00000E+00
    5.5038E+00  0.00000E+00  0.00000E+00  0.00000E+00  0.00000E+00  0.00000E+00  0.00000E+00
    5.5365E+00  0.00000E+00  0.00000E+00  0.00000E+00  0.00000E+00  0.00000E+00  0.00000E+00
    5.5693E+00  0.00000E+00  0.00000E+00  0.00000E+00  0.00000E+00  0.00000E+00  0.00000E+00
    5.6021E+00  0.00000E+00  0.00000E+00  0.00000E+00  0.00000E+00  0.00000E+00  0.00000E+00
    5.6348E+00  0.00000E+00  0.00000E+00  0.00000E+00  0.00000E+00  0.00000E+00  0.00000E+00
    5.6676E+00  0.00000E+00  0.00000E+00  0.00000E+00  0.00000E+00  0.00000E+00  0.00000E+00
    5.7003E+00  0.00000E+00  0.00000E+00  0.00000E+00  0.00000E+00  0.00000E+00  0.00000E+00
    5.7331E+00  0.00000E+00  0.00000E+00  0.00000E+00  0.00000E+00  0.00000E+00  0.00000E+00
    5.7659E+00  0.00000E+00  0.00000E+00  0.00000E+00  0.00000E+00  0.00000E+00  0.00000E+00
    5.7986E+00  0.00000E+00  0.00000E+00  0.00000E+00  0.00000E+00  0.00000E+00  0.00000E+00
    5.8314E+00  0.00000E+00  0.00000E+00  0.00000E+00  0.00000E+00  0.00000E+00  0.00000E+00
    5.8641E+00  0.00000E+00  0.00000E+00  0.00000E+00  0.00000E+00  0.00000E+00  0.00000E+00
    5.8969E+00  0.00000E+00  0.00000E+00  0.00000E+00  0.00000E+00  0.00000E+00  0.00000E+00
    5.9297E+00  0.00000E+00  0.00000E+00  0.00000E+00  0.00000E+00  0.00000E+00  0.00000E+00
    5.9624E+00  0.00000E+00  0.00000E+00  0.00000E+00  0.00000E+00  0.00000E+00  0.00000E+00
    5.9952E+00  0.00000E+00  0.00000E+00  0.00000E+00  0.00000E+00  0.00000E+00  0.00000E+00
    6.0280E+00  0.00000E+00  0.00000E+00  0.00000E+00  0.00000E+00  0.00000E+00  0.00000E+00
    6.0607E+00  0.00000E+00  0.00000E+00  0.00000E+00  0.00000E+00  0.00000E+00  0.00000E+00
    6.0935E+00  0.00000E+00  0.00000E+00  0.00000E+00  0.00000E+00  0.00000E+00  0.00000E+00
    6.1262E+00  0.00000E+00  0.00000E+00  0.00000E+00  0.00000E+00  0.00000E+00  0.00000E+00
    6.1590E+00  0.00000E+00  0.00000E+00  0.00000E+00  0.00000E+00  0.00000E+00  0.00000E+00
    6.1918E+00  0.00000E+00  0.00000E+00  0.00000E+00  0.00000E+00  0.00000E+00  0.00000E+00
    6.2245E+00  0.00000E+00  0.00000E+00  0.00000E+00  0.00000E+00  0.00000E+00  0.00000E+00
    6.2573E+00  0.00000E+00  0.00000E+00  0.00000E+00  0.00000E+00  0.00000E+00  0.00000E+00
    6.2900E+00  0.00000E+00  0.00000E+00  0.00000E+00  0.00000E+00  0.00000E+00  0.00000E+00
    6.3228E+00  0.00000E+00  0.00000E+00  0.00000E+00  0.00000E+00  0.00000E+00  0.00000E+00
    6.3556E+00  0.00000E+00  0.00000E+00  0.00000E+00  0.00000E+00  0.00000E+00  0.00000E+00
    6.3883E+00  0.00000E+00  0.00000E+00  0.00000E+00  0.00000E+00  0.00000E+00  0.00000E+00
    6.4211E+00  0.00000E+00  0.00000E+00  0.00000E+00  0.00000E+00  0.00000E+00  0.00000E+00
    6.4538E+00  0.00000E+00  0.00000E+00  0.00000E+00  0.00000E+00  0.00000E+00  0.00000E+00
    6.4866E+00  0.00000E+00  0.00000E+00  0.00000E+00  0.00000E+00  0.00000E+00  0.00000E+00
    6.5194E+00  0.00000E+00  0.00000E+00  0.00000E+00  0.00000E+00  0.00000E+00  0.00000E+00
    6.5521E+00  0.00000E+00  0.00000E+00  0.00000E+00  0.00000E+00  0.00000E+00  0.00000E+00
    6.5849E+00  0.00000E+00  0.00000E+00  0.00000E+00  0.00000E+00  0.00000E+00  0.00000E+00
    6.6176E+00  0.00000E+00  0.00000E+00  0.00000E+00  0.00000E+00  0.00000E+00  0.00000E+00
    6.6504E+00  0.00000E+00  0.00000E+00  0.00000E+00  0.00000E+00  0.00000E+00  0.00000E+00
    6.6832E+00  0.00000E+00  0.00000E+00  0.00000E+00  0.00000E+00  0.00000E+00  0.00000E+00
    6.7159E+00  0.00000E+00  0.00000E+00  0.00000E+00  0.00000E+00  0.00000E+00  0.00000E+00
    6.7487E+00  0.00000E+00  0.00000E+00  0.00000E+00  0.00000E+00  0.00000E+00  0.00000E+00
    6.7814E+00  0.00000E+00  0.00000E+00  0.00000E+00  0.00000E+00  0.00000E+00  0.00000E+00
    6.8142E+00  0.00000E+00  0.00000E+00  0.00000E+00  0.00000E+00  0.00000E+00  0.00000E+00
    6.8470E+00  2.18930E+02 -3.65305E-02  2.18930E+02 -3.65305E-02  2.18930E+02 -3.65305E-02
    6.8797E+00  2.18930E+02 -3.65305E-02  2.18930E+02 -3.65305E-02  2.18930E+02 -3.65305E-02
    6.9125E+00  2.18930E+02 -3.65305E-02  2.18930E+02 -3.65305E-02  2.18930E+02 -3.65305E-02
    6.9452E+00  2.18930E+02 -3.65305E-02  2.18930E+02 -3.65305E-02  2.18930E+02 -3.65305E-02
    6.9780E+00  2.18930E+02 -3.65305E-02  2.18930E+02 -3.65305E-02  2.18930E+02 -3.65305E-02
    7.0108E+00  2.18930E+02 -3.65305E-02  2.18930E+02 -3.65305E-02  2.18930E+02 -3.65305E-02
    7.0435E+00  2.18930E+02 -3.65305E-02  2.18930E+02 -3.65305E-02  2.18930E+02 -3.65305E-02
    7.0763E+00  3.81303E+02 -6.60093E-02  3.81303E+02 -6.60093E-02  3.81303E+02 -6.60093E-02
    7.1091E+00  3.81303E+02 -6.60093E-02  3.81303E+02 -6.60093E-02  3.81303E+02 -6.60093E-02
    7.1418E+00  3.81303E+02 -6.60093E-02  3.81303E+02 -6.60093E-02  3.81303E+02 -6.60093E-02
    7.1746E+00  3.81303E+02 -6.60093E-02  3.81303E+02 -6.60093E-02  3.81303E+02 -6.60093E-02
    7.2073E+00  3.81303E+02 -6.60093E-02  3.81303E+02 -6.60093E-02  3.81303E+02 -6.60093E-02
    7.2401E+00  4.05181E+02 -7.15045E-02  4.05181E+02 -7.15045E-02  4.05181E+02 -7.15045E-02
    7.2729E+00  4.05181E+02 -7.15045E-02  4.05181E+02 -7.15045E-02  4.05181E+02 -7.15045E-02
    7.3056E+00  4.05181E+02 -7.15045E-02  4.05181E+02 -7.15045E-02  4.05181E+02 -7.15045E-02
    7.3384E+00  8.58923E+02 -1.20733E-01  8.58923E+02 -1.20733E-01  8.58923E+02 -1.20733E-01
    7.3711E+00  1.64632E+03 -2.11923E-01  1.64632E+03 -2.11923E-01  1.64632E+03 -2.11923E-01
    7.4039E+00  2.13764E+03 -2.79827E-01  2.13764E+03 -2.79827E-01  2.13764E+03 -2.79827E-01
    7.4367E+00  2.13764E+03 -2.79827E-01  2.13764E+03 -2.79827E-01  2.13764E+03 -2.79827E-01
    7.4694E+00  2.17979E+03 -2.89815E-01  2.17979E+03 -2.89815E-01  2.17979E+03 -2.89815E-01
    7.5022E+00  2.17979E+03 -2.89815E-01  2.17979E+03 -2.89815E-01  2.17979E+03 -2.89815E-01
    7.5349E+00  2.17979E+03 -2.89815E-01  2.17979E+03 -2.89815E-01  2.17979E+03 -2.89815E-01
    7.5677E+00  2.38532E+03 -3.26170E-01  2.38532E+03 -3.26170E-01  2.38532E+03 -3.26170E-01
    7.6005E+00  2.46984E+03 -3.44115E-01  2.46984E+03 -3.44115E-01  2.46984E+03 -3.44115E-01
    7.6332E+00  2.46984E+03 -3.44115E-01  2.46984E+03 -3.44115E-01  2.46984E+03 -3.44115E-01
    7.6660E+00  2.46984E+03 -3.44115E-01  2.46984E+03 -3.44115E-01  2.46984E+03 -3.44115E-01
    7.6987E+00  2.46984E+03 -3.44115E-01  2.46984E+03 -3.44115E-01  2.46984E+03 -3.44115E-01
    7.7315E+00  2.46984E+03 -3.44115E-01  2.46984E+03 -3.44115E-01  2.46984E+03 -3.44115E-01
    7.7643E+00  2.46984E+03 -3.44115E-01  2.46984E+03 -3.44115E-01  2.46984E+03 -3.44115E-01
    7.7970E+00  2.46984E+03 -3.44115E-01  2.46984E+03 -3.44115E-01  2.46984E+03 -3.44115E-01
    7.8298E+00  2.46984E+03 -3.44115E-01  2.46984E+03 -3.44115E-01  2.46984E+03 -3.44115E-01
    7.8625E+00  2.46984E+03 -3.44115E-01  2.46984E+03 -3.44115E-01  2.46984E+03 -3.44115E-01
    7.8953E+00  2.46984E+03 -3.44115E-01  2.46984E+03 -3.44115E-01  2.46984E+03 -3.44115E-01
    7.9281E+00  2.46984E+03 -3.44115E-01  2.46984E+03 -3.44115E-01  2.46984E+03 -3.44115E-01
    7.9608E+00  2.93122E+03 -4.11735E-01  2.93122E+03 -4.11735E-01  2.93122E+03 -4.11735E-01
    7.9936E+00  7.06000E+03 -5.90485E-01  7.06000E+03 -5.90485E-01  7.06000E+03 -5.90485E-01
    8.0263E+00  7.06000E+03 -5.90485E-01  7.06000E+03 -5.90485E-01  7.06000E+03 -5.90485E-01
    8.0591E+00  1.02142E+04 -8.61540E-01  1.02142E+04 -8.61540E-01  1.02142E+04 -8.61540E-01
    8.0919E+00  1.02142E+04 -8.61540E-01  1.02142E+04 -8.61540E-01  1.02142E+04 -8.61540E-01
    8.1246E+00  1.02142E+04 -8.61540E-01  1.02142E+04 -8.61540E-01  1.02142E+04 -8.61540E-01
    8.1574E+00  1.02142E+04 -8.61540E-01  1.02142E+04 -8.61540E-01  1.02142E+04 -8.61540E-01
    8.1902E+00  1.02142E+04 -8.61540E-01  1.02142E+04 -8.61540E-01  1.02142E+04 -8.61540E-01
    8.2229E+00  1.38121E+04 -9.48073E-01  1.38121E+04 -9.48073E-01  1.38121E+04 -9.48073E-01
    8.2557E+00  1.38402E+04 -9.55323E-01  1.38402E+04 -9.55323E-01  1.38402E+04 -9.55323E-01
    8.2884E+00  1.38402E+04 -9.55323E-01  1.38402E+04 -9.55323E-01  1.38402E+04 -9.55323E-01
    8.3212E+00  1.38402E+04 -9.55323E-01  1.38402E+04 -9.55323E-01  1.38402E+04 -9.55323E-01
    8.3540E+00  1.38402E+04 -9.55323E-01  1.38402E+04 -9.55323E-01  1.38402E+04 -9.55323E-01
    8.3867E+00  1.38402E+04 -9.55323E-01  1.38402E+04 -9.55323E-01  1.38402E+04 -9.55323E-01
    8.4195E+00  1.38983E+04 -9.68884E-01  1.38983E+04 -9.68884E-01  1.38983E+04 -9.68884E-01
    8.4522E+00  1.38983E+04 -9.68884E-01  1.38983E+04 -9.68884E-01  1.38983E+04 -9.68884E-01
    8.4850E+00  1.40229E+04 -9.94391E-01  1.40229E+04 -9.94391E-01  1.40229E+04 -9.94391E-01
    8.5178E+00  1.40229E+04 -9.94391E-01  1.40229E+04 -9.94391E-01  1.40229E+04 -9.94391E-01
    8.5505E+00  1.40229E+04 -9.94391E-01  1.40229E+04 -9.94391E-01  1.40229E+04 -9.94391E-01
    8.5833E+00  1.40229E+04 -9.94391E-01  1.40229E+04 -9.94391E-01  1.40229E+04 -9.94391E-01
    8.6160E+00  1.40229E+04 -9.94391E-01  1.40229E+04 -9.94391E-01  1.40229E+04 -9.94391E-01
    8.6488E+00  1.40229E+04 -9.94391E-01  1.40229E+04 -9.94391E-01  1.40229E+04 -9.94391E-01
    8.6816E+00  1.40229E+04 -9.94391E-01  1.40229E+04 -9.94391E-01  1.40229E+04 -9.94391E-01
    8.7143E+00  1.75617E+04 -1.14105E+00  1.75617E+04 -1.14105E+00  1.75617E+04 -1.14105E+00
    8.7471E+00  1.75617E+04 -1.14105E+00  1.75617E+04 -1.14105E+00  1.75617E+04 -1.14105E+00
    8.7798E+00  1.75617E+04 -1.14105E+00  1.75617E+04 -1.14105E+00  1.75617E+04 -1.14105E+00
    8.8126E+00  1.75617E+04 -1.14105E+00  1.75617E+04 -1.14105E+00  1.75617E+04 -1.14105E+00
    8.8454E+00  1.75617E+04 -1.14105E+00  1.75617E+04 -1.14105E+00  1.75617E+04 -1.14105E+00
    8.8781E+00  1.75913E+04 -1.14878E+00  1.75913E+04 -1.14878E+00  1.75913E+04 -1.14878E+00
    8.9109E+00  1.75913E+04 -1.14878E+00  1.75913E+04 -1.14878E+00  1.75913E+04 -1.14878E+00
    8.9436E+00  1.75913E+04 -1.14878E+00  1.75913E+04 -1.14878E+00  1.75913E+04 -1.14878E+00
    8.9764E+00  1.75913E+04 -1.14878E+00  1.75913E+04 -1.14878E+00  1.75913E+04 -1.14878E+00
    9.0092E+00  1.75913E+04 -1.14878E+00  1.75913E+04 -1.14878E+00  1.75913E+04 -1.14878E+00
    9.0419E+00  1.75913E+04 -1.14878E+00  1.75913E+04 -1.14878E+00  1.75913E+04 -1.14878E+00
    9.0747E+00  2.02109E+04 -1.33462E+00  2.02109E+04 -1.33462E+00  2.02109E+04 -1.33462E+00
    9.1074E+00  2.02109E+04 -1.33462E+00  2.02109E+04 -1.33462E+00  2.02109E+04 -1.33462E+00
    9.1402E+00  2.02109E+04 -1.33462E+00  2.02109E+04 -1.33462E+00  2.02109E+04 -1.33462E+00
    9.1730E+00  2.14683E+04 -1.47614E+00  2.14683E+04 -1.47614E+00  2.14683E+04 -1.47614E+00
    9.2057E+00  2.14683E+04 -1.47614E+00  2.14683E+04 -1.47614E+00  2.14683E+04 -1.47614E+00
    9.2385E+00  2.14683E+04 -1.47614E+00  2.14683E+04 -1.47614E+00  2.14683E+04 -1.47614E+00
    9.2713E+00  2.14683E+04 -1.47614E+00  2.14683E+04 -1.47614E+00  2.14683E+04 -1.47614E+00
    9.3040E+00  2.14683E+04 -1.47614E+00  2.14683E+04 -1.47614E+00  2.14683E+04 -1.47614E+00
    9.3368E+00  2.14683E+04 -1.47614E+00  2.14683E+04 -1.47614E+00  2.14683E+04 -1.47614E+00
    9.3695E+00  2.14683E+04 -1.47614E+00  2.14683E+04 -1.47614E+00  2.14683E+04 -1.47614E+00
    9.4023E+00  2.14683E+04 -1.47614E+00  2.14683E+04 -1.47614E+00  2.14683E+04 -1.47614E+00
    9.4351E+00  2.14683E+04 -1.47614E+00  2.14683E+04 -1.47614E+00  2.14683E+04 -1.47614E+00
    9.4678E+00  2.14683E+04 -1.47614E+00  2.14683E+04 -1.47614E+00  2.14683E+04 -1.47614E+00
    9.5006E+00  2.14683E+04 -1.47614E+00  2.14683E+04 -1.47614E+00  2.14683E+04 -1.47614E+00
    9.5333E+00  2.14683E+04 -1.47614E+00  2.14683E+04 -1.47614E+00  2.14683E+04 -1.47614E+00
    9.5661E+00  2.18940E+04 -1.54627E+00  2.18940E+04 -1.54627E+00  2.18940E+04 -1.54627E+00
    9.5989E+00  2.18940E+04 -1.54627E+00  2.18940E+04 -1.54627E+00  2.18940E+04 -1.54627E+00
    9.6316E+00  2.18940E+04 -1.54627E+00  2.18940E+04 -1.54627E+00  2.18940E+04 -1.54627E+00
    9.6644E+00  2.18940E+04 -1.54627E+00  2.18940E+04 -1.54627E+00  2.18940E+04 -1.54627E+00
    9.6971E+00  2.18940E+04 -1.54627E+00  2.18940E+04 -1.54627E+00  2.18940E+04 -1.54627E+00
    9.7299E+00  2.18940E+04 -1.54627E+00  2.18940E+04 -1.54627E+00  2.18940E+04 -1.54627E+00
    9.7627E+00  2.18940E+04 -1.54627E+00  2.18940E+04 -1.54627E+00  2.18940E+04 -1.54627E+00
    9.7954E+00  2.70505E+04 -1.58009E+00  2.70505E+04 -1.58009E+00  2.70505E+04 -1.58009E+00
    9.8282E+00  2.70505E+04 -1.58009E+00  2.70505E+04 -1.58009E+00  2.70505E+04 -1.58009E+00
    9.8609E+00  3.14614E+04 -1.85750E+00  3.14614E+04 -1.85750E+00  3.14614E+04 -1.85750E+00
    9.8937E+00  3.14614E+04 -1.85750E+00  3.14614E+04 -1.85750E+00  3.14614E+04 -1.85750E+00
    9.9265E+00  3.14614E+04 -1.85750E+00  3.14614E+04 -1.85750E+00  3.14614E+04 -1.85750E+00
    9.9592E+00  3.14614E+04 -1.85750E+00  3.14614E+04 -1.85750E+00  3.14614E+04 -1.85750E+00
    9.9920E+00  3.14614E+04 -1.85750E+00  3.14614E+04 -1.85750E+00  3.14614E+04 -1.85750E+00
    1.0025E+01  3.14614E+04 -1.85750E+00  3.14614E+04 -1.85750E+00  3.14614E+04 -1.85750E+00
    1.0058E+01  3.14614E+04 -1.85750E+00  3.14614E+04 -1.85750E+00  3.14614E+04 -1.85750E+00
    1.0090E+01  3.14614E+04 -1.85750E+00  3.14614E+04 -1.85750E+00  3.14614E+04 -1.85750E+00
    1.0123E+01  3.14614E+04 -1.85750E+00  3.14614E+04 -1.85750E+00  3.14614E+04 -1.85750E+00
    1.0156E+01  3.14614E+04 -1.85750E+00  3.14614E+04 -1.85750E+00  3.14614E+04 -1.85750E+00
    1.0189E+01  3.14614E+04 -1.85750E+00  3.14614E+04 -1.85750E+00  3.14614E+04 -1.85750E+00
    1.0221E+01  3.14614E+04 -1.85750E+00  3.14614E+04 -1.85750E+00  3.14614E+04 -1.85750E+00
    1.0254E+01  3.14614E+04 -1.85750E+00  3.14614E+04 -1.85750E+00  3.14614E+04 -1.85750E+00
    1.0287E+01  3.14614E+04 -1.85750E+00  3.14614E+04 -1.85750E+00  3.14614E+04 -1.85750E+00
    1.0320E+01  3.14614E+04 -1.85750E+00  3.14614E+04 -1.85750E+00  3.14614E+04 -1.85750E+00
    1.0352E+01  3.14614E+04 -1.85750E+00  3.14614E+04 -1.85750E+00  3.14614E+04 -1.85750E+00
    1.0385E+01  3.14614E+04 -1.85750E+00  3.14614E+04 -1.85750E+00  3.14614E+04 -1.85750E+00
    1.0418E+01  3.14614E+04 -1.85750E+00  3.14614E+04 -1.85750E+00  3.14614E+04 -1.85750E+00
    1.0451E+01  3.14614E+04 -1.85750E+00  3.14614E+04 -1.85750E+00  3.14614E+04 -1.85750E+00
    1.0483E+01  3.14614E+04 -1.85750E+00  3.14614E+04 -1.85750E+00  3.14614E+04 -1.85750E+00
    1.0516E+01  3.14614E+04 -1.85750E+00  3.14614E+04 -1.85750E+00  3.14614E+04 -1.85750E+00
    1.0549E+01  3.16664E+04 -1.88733E+00  3.16664E+04 -1.88733E+00  3.16664E+04 -1.88733E+00
    1.0582E+01  3.16664E+04 -1.88733E+00  3.16664E+04 -1.88733E+00  3.16664E+04 -1.88733E+00
    1.0614E+01  3.16664E+04 -1.88733E+00  3.16664E+04 -1.88733E+00  3.16664E+04 -1.88733E+00
    1.0647E+01  3.16664E+04 -1.88733E+00  3.16664E+04 -1.88733E+00  3.16664E+04 -1.88733E+00
    1.0680E+01  3.16664E+04 -1.88733E+00  3.16664E+04 -1.88733E+00  3.16664E+04 -1.88733E+00
    1.0713E+01  3.17131E+04 -1.89732E+00  3.17131E+04 -1.89732E+00  3.17131E+04 -1.89732E+00
    1.0745E+01  3.17131E+04 -1.89732E+00  3.17131E+04 -1.89732E+00  3.17131E+04 -1.89732E+00
    1.0778E+01  3.17131E+04 -1.89732E+00  3.17131E+04 -1.89732E+00  3.17131E+04 -1.89732E+00
    1.0811E+01  3.17131E+04 -1.89732E+00  3.17131E+04 -1.89732E+00  3.17131E+04 -1.89732E+00
    1.0844E+01  3.19509E+04 -1.94811E+00  3.19509E+04 -1.94811E+00  3.19509E+04 -1.94811E+00
    1.0877E+01  3.19509E+04 -1.94811E+00  3.19509E+04 -1.94811E+00  3.19509E+04 -1.94811E+00
    1.0909E+01  3.23051E+04 -2.02331E+00  3.23051E+04 -2.02331E+00  3.23051E+04 -2.02331E+00
    1.0942E+01  3.23051E+04 -2.02331E+00  3.23051E+04 -2.02331E+00  3.23051E+04 -2.02331E+00
    1.0975E+01  3.23051E+04 -2.02331E+00  3.23051E+04 -2.02331E+00  3.23051E+04 -2.02331E+00
    1.1008E+01  3.34878E+04 -2.22006E+00  3.34878E+04 -2.22006E+00  3.34878E+04 -2.22006E+00
    1.1040E+01  3.40349E+04 -2.32743E+00  3.40349E+04 -2.32743E+00  3.40349E+04 -2.32743E+00
    1.1073E+01  3.40349E+04 -2.32743E+00  3.40349E+04 -2.32743E+00  3.40349E+04 -2.32743E+00
    1.1106E+01  3.40349E+04 -2.32743E+00  3.40349E+04 -2.32743E+00  3.40349E+04 -2.32743E+00
    1.1139E+01  3.40349E+04 -2.32743E+00  3.40349E+04 -2.32743E+00  3.40349E+04 -2.32743E+00
    1.1171E+01  3.57479E+04 -2.58621E+00  3.57479E+04 -2.58621E+00  3.57479E+04 -2.58621E+00
    1.1204E+01  3.57479E+04 -2.58621E+00  3.57479E+04 -2.58621E+00  3.57479E+04 -2.58621E+00
    1.1237E+01  3.57479E+04 -2.58621E+00  3.57479E+04 -2.58621E+00  3.57479E+04 -2.58621E+00
    1.1270E+01  3.69955E+04 -2.79154E+00  3.69955E+04 -2.79154E+00  3.69955E+04 -2.79154E+00
    1.1302E+01  3.75658E+04 -2.89039E+00  3.75658E+04 -2.89039E+00  3.75658E+04 -2.89039E+00
    1.1335E+01  3.77731E+04 -2.93910E+00  3.77731E+04 -2.93910E+00  3.77731E+04 -2.93910E+00
    1.1368E+01  3.79024E+04 -2.96810E+00  3.79024E+04 -2.96810E+00  3.79024E+04 -2.96810E+00
    1.1401E+01  3.79024E+04 -2.96810E+00  3.79024E+04 -2.96810E+00  3.79024E+04 -2.96810E+00
    1.1433E+01  3.79024E+04 -2.96810E+00  3.79024E+04 -2.96810E+00  3.79024E+04 -2.96810E+00
    1.1466E+01  4.43672E+04 -3.16642E+00  4.43672E+04 -3.16642E+00  4.43672E+04 -3.16642E+00
    1.1499E+01  4.47217E+04 -3.24270E+00  4.47217E+04 -3.24270E+00  4.47217E+04 -3.24270E+00
    1.1532E+01  4.47217E+04 -3.24270E+00  4.47217E+04 -3.24270E+00  4.47217E+04 -3.24270E+00
    1.1564E+01  4.47217E+04 -3.24270E+00  4.47217E+04 -3.24270E+00  4.47217E+04 -3.24270E+00
    1.1597E+01  4.47217E+04 -3.24270E+00  4.47217E+04 -3.24270E+00  4.47217E+04 -3.24270E+00
    1.1630E+01  4.48443E+04 -3.27079E+00  4.48443E+04 -3.27079E+00  4.48443E+04 -3.27079E+00
    1.1663E+01  4.48443E+04 -3.27079E+00  4.48443E+04 -3.27079E+00  4.48443E+04 -3.27079E+00
    1.1696E+01  4.48443E+04 -3.27079E+00  4.48443E+04 -3.27079E+00  4.48443E+04 -3.27079E+00
    1.1728E+01  4.93454E+04 -3.80808E+00  4.93454E+04 -3.80808E+00  4.93454E+04 -3.80808E+00
    1.1761E+01  4.93454E+04 -3.80808E+00  4.93454E+04 -3.80808E+00  4.93454E+04 -3.80808E+00
    1.1794E+01  4.95180E+04 -3.85018E+00  4.95180E+04 -3.85018E+00  4.95180E+04 -3.85018E+00
    1.1827E+01  4.95180E+04 -3.85018E+00  4.95180E+04 -3.85018E+00  4.95180E+04 -3.85018E+00
    1.1859E+01  5.26583E+04 -4.25530E+00  5.26583E+04 -4.25530E+00  5.26583E+04 -4.25530E+00
    1.1892E+01  5.26583E+04 -4.25530E+00  5.26583E+04 -4.25530E+00  5.26583E+04 -4.25530E+00
    1.1925E+01  5.36370E+04 -4.42958E+00  5.36370E+04 -4.42958E+00  5.36370E+04 -4.42958E+00
    1.1958E+01  5.36370E+04 -4.42958E+00  5.36370E+04 -4.42958E+00  5.36370E+04 -4.42958E+00
    1.1990E+01  5.36370E+04 -4.42958E+00  5.36370E+04 -4.42958E+00  5.36370E+04 -4.42958E+00
    1.2023E+01  5.36370E+04 -4.42958E+00  5.36370E+04 -4.42958E+00  5.36370E+04 -4.42958E+00
    1.2056E+01  5.36370E+04 -4.42958E+00  5.36370E+04 -4.42958E+00  5.36370E+04 -4.42958E+00
    1.2089E+01  5.36370E+04 -4.42958E+00  5.36370E+04 -4.42958E+00  5.36370E+04 -4.42958E+00
    1.2121E+01  5.46991E+04 -4.52359E+00  5.46991E+04 -4.52359E+00  5.46991E+04 -4.52359E+00
    1.2154E+01  5.46991E+04 -4.52359E+00  5.46991E+04 -4.52359E+00  5.46991E+04 -4.52359E+00
    1.2187E+01  5.46991E+04 -4.52359E+00  5.46991E+04 -4.52359E+00  5.46991E+04 -4.52359E+00
    1.2220E+01  5.46991E+04 -4.52359E+00  5.46991E+04 -4.52359E+00  5.46991E+04 -4.52359E+00
    1.2252E+01  5.47852E+04 -4.54693E+00  5.47852E+04 -4.54693E+00  5.47852E+04 -4.54693E+00
    1.2285E+01  5.78664E+04 -4.95333E+00  5.78664E+04 -4.95333E+00  5.78664E+04 -4.95333E+00
    1.2318E+01  5.78664E+04 -4.95333E+00  5.78664E+04 -4.95333E+00  5.78664E+04 -4.95333E+00
    1.2351E+01  5.78664E+04 -4.95333E+00  5.78664E+04 -4.95333E+00  5.78664E+04 -4.95333E+00
    1.2384E+01  6.31969E+04 -5.52997E+00  6.31969E+04 -5.52997E+00  6.31969E+04 -5.52997E+00
    1.2416E+01  6.31969E+04 -5.52997E+00  6.31969E+04 -5.52997E+00  6.31969E+04 -5.52997E+00
    1.2449E+01  6.31969E+04 -5.52997E+00  6.31969E+04 -5.52997E+00  6.31969E+04 -5.52997E+00
    1.2482E+01  6.31969E+04 -5.52997E+00  6.31969E+04 -5.52997E+00  6.31969E+04 -5.52997E+00
    1.2515E+01  6.31969E+04 -5.52997E+00  6.31969E+04 -5.52997E+00  6.31969E+04 -5.52997E+00
    1.2547E+01  6.31969E+04 -5.52997E+00  6.31969E+04 -5.52997E+00  6.31969E+04 -5.52997E+00
    1.2580E+01  6.63357E+04 -5.84870E+00  6.63357E+04 -5.84870E+00  6.63357E+04 -5.84870E+00
    1.2613E+01  6.63357E+04 -5.84870E+00  6.63357E+04 -5.84870E+00  6.63357E+04 -5.84870E+00
    1.2646E+01  6.78948E+04 -6.06414E+00  6.78948E+04 -6.06414E+00  6.78948E+04 -6.06414E+00
    1.2678E+01  6.78948E+04 -6.06414E+00  6.78948E+04 -6.06414E+00  6.78948E+04 -6.06414E+00
    1.2711E+01  6.78948E+04 -6.06414E+00  6.78948E+04 -6.06414E+00  6.78948E+04 -6.06414E+00
    1.2744E+01  6.78948E+04 -6.06414E+00  6.78948E+04 -6.06414E+00  6.78948E+04 -6.06414E+00
    1.2777E+01  6.78948E+04 -6.06414E+00  6.78948E+04 -6.06414E+00  6.78948E+04 -6.06414E+00
    1.2809E+01  6.79786E+04 -6.08719E+00  6.79786E+04 -6.08719E+00  6.79786E+04 -6.08719E+00
    1.2842E+01  6.79786E+04 -6.08719E+00  6.79786E+04 -6.08719E+00  6.79786E+04 -6.08719E+00
    1.2875E+01  6.79786E+04 -6.08719E+00  6.79786E+04 -6.08719E+00  6.79786E+04 -6.08719E+00
    1.2908E+01  6.79786E+04 -6.08719E+00  6.79786E+04 -6.08719E+00  6.79786E+04 -6.08719E+00
    1.2940E+01  6.79786E+04 -6.08719E+00  6.79786E+04 -6.08719E+00  6.79786E+04 -6.08719E+00
    1.2973E+01  6.79786E+04 -6.08719E+00  6.79786E+04 -6.08719E+00  6.79786E+04 -6.08719E+00
    1.3006E+01  6.79786E+04 -6.08719E+00  6.79786E+04 -6.08719E+00  6.79786E+04 -6.08719E+00
    1.3039E+01  6.85100E+04 -6.18344E+00  6.85100E+04 -6.18344E+00  6.85100E+04 -6.18344E+00
    1.3071E+01  6.85745E+04 -6.20181E+00  6.85745E+04 -6.20181E+00  6.85745E+04 -6.20181E+00
    1.3104E+01  7.59102E+04 -6.91091E+00  7.59102E+04 -6.91091E+00  7.59102E+04 -6.91091E+00
    1.3137E+01  7.61930E+04 -6.97666E+00  7.61930E+04 -6.97666E+00  7.61930E+04 -6.97666E+00
    1.3170E+01  7.61930E+04 -6.97666E+00  7.61930E+04 -6.97666E+00  7.61930E+04 -6.97666E+00
    1.3203E+01  7.61930E+04 -6.97666E+00  7.61930E+04 -6.97666E+00  7.61930E+04 -6.97666E+00
    1.3235E+01  7.61930E+04 -6.97666E+00  7.61930E+04 -6.97666E+00  7.61930E+04 -6.97666E+00
    1.3268E+01  7.61930E+04 -6.97666E+00  7.61930E+04 -6.97666E+00  7.61930E+04 -6.97666E+00
    1.3301E+01  7.61930E+04 -6.97666E+00  7.61930E+04 -6.97666E+00  7.61930E+04 -6.97666E+00
    1.3334E+01  7.61930E+04 -6.97666E+00  7.61930E+04 -6.97666E+00  7.61930E+04 -6.97666E+00
    1.3366E+01  7.61930E+04 -6.97666E+00  7.61930E+04 -6.97666E+00  7.61930E+04 -6.97666E+00
    1.3399E+01  7.61930E+04 -6.97666E+00  7.61930E+04 -6.97666E+00  7.61930E+04 -6.97666E+00
    1.3432E+01  7.62637E+04 -6.99525E+00  7.62637E+04 -6.99525E+00  7.62637E+04 -6.99525E+00
    1.3465E+01  7.62637E+04 -6.99525E+00  7.62637E+04 -6.99525E+00  7.62637E+04 -6.99525E+00
    1.3497E+01  7.62637E+04 -6.99525E+00  7.62637E+04 -6.99525E+00  7.62637E+04 -6.99525E+00
    1.3530E+01  7.62637E+04 -6.99525E+00  7.62637E+04 -6.99525E+00  7.62637E+04 -6.99525E+00
    1.3563E+01  7.93417E+04 -7.32338E+00  7.93417E+04 -7.32338E+00  7.93417E+04 -7.32338E+00
    1.3596E+01  7.93417E+04 -7.32338E+00  7.93417E+04 -7.32338E+00  7.93417E+04 -7.32338E+00
    1.3628E+01  7.93417E+04 -7.32338E+00  7.93417E+04 -7.32338E+00  7.93417E+04 -7.32338E+00
    1.3661E+01  7.93417E+04 -7.32338E+00  7.93417E+04 -7.32338E+00  7.93417E+04 -7.32338E+00
    1.3694E+01  8.16851E+04 -7.42895E+00  8.16851E+04 -7.42895E+00  8.16851E+04 -7.42895E+00
    1.3727E+01  8.16851E+04 -7.42895E+00  8.16851E+04 -7.42895E+00  8.16851E+04 -7.42895E+00
    1.3759E+01  8.16851E+04 -7.42895E+00  8.16851E+04 -7.42895E+00  8.16851E+04 -7.42895E+00
    1.3792E+01  8.16851E+04 -7.42895E+00  8.16851E+04 -7.42895E+00  8.16851E+04 -7.42895E+00
    1.3825E+01  9.40895E+04 -8.33954E+00  9.40895E+04 -8.33954E+00  9.40895E+04 -8.33954E+00
    1.3858E+01  9.40895E+04 -8.33954E+00  9.40895E+04 -8.33954E+00  9.40895E+04 -8.33954E+00
    1.3890E+01  9.40895E+04 -8.33954E+00  9.40895E+04 -8.33954E+00  9.40895E+04 -8.33954E+00
    1.3923E+01  9.40895E+04 -8.33954E+00  9.40895E+04 -8.33954E+00  9.40895E+04 -8.33954E+00
    1.3956E+01  1.14374E+05 -8.88415E+00  1.14374E+05 -8.88415E+00  1.14374E+05 -8.88415E+00
    1.3989E+01  1.14374E+05 -8.88415E+00  1.14374E+05 -8.88415E+00  1.14374E+05 -8.88415E+00
    1.4022E+01  1.14374E+05 -8.88415E+00  1.14374E+05 -8.88415E+00  1.14374E+05 -8.88415E+00
    1.4054E+01  1.14374E+05 -8.88415E+00  1.14374E+05 -8.88415E+00  1.14374E+05 -8.88415E+00
    1.4087E+01  1.14374E+05 -8.88415E+00  1.14374E+05 -8.88415E+00  1.14374E+05 -8.88415E+00
    1.4120E+01  1.14374E+05 -8.88415E+00  1.14374E+05 -8.88415E+00  1.14374E+05 -8.88415E+00
    1.4153E+01  1.14374E+05 -8.88415E+00  1.14374E+05 -8.88415E+00  1.14374E+05 -8.88415E+00
    1.4185E+01  1.29951E+05 -9.85106E+00  1.29951E+05 -9.85106E+00  1.29951E+05 -9.85106E+00
    1.4218E+01  1.29951E+05 -9.85106E+00  1.29951E+05 -9.85106E+00  1.29951E+05 -9.85106E+00
    1.4251E+01  1.29951E+05 -9.85106E+00  1.29951E+05 -9.85106E+00  1.29951E+05 -9.85106E+00
    1.4284E+01  1.29951E+05 -9.85106E+00  1.29951E+05 -9.85106E+00  1.29951E+05 -9.85106E+00
    1.4316E+01  1.29951E+05 -9.85106E+00  1.29951E+05 -9.85106E+00  1.29951E+05 -9.85106E+00
    1.4349E+01  1.29951E+05 -9.85106E+00  1.29951E+05 -9.85106E+00  1.29951E+05 -9.85106E+00
    1.4382E+01  1.29951E+05 -9.85106E+00  1.29951E+05 -9.85106E+00  1.29951E+05 -9.85106E+00
    1.4415E+01  1.29951E+05 -9.85106E+00  1.29951E+05 -9.85106E+00  1.29951E+05 -9.85106E+00
    1.4447E+01  1.29951E+05 -9.85106E+00  1.29951E+05 -9.85106E+00  1.29951E+05 -9.85106E+00
    1.4480E+01  1.39061E+05 -1.04016E+01  1.39061E+05 -1.04016E+01  1.39061E+05 -1.04016E+01
    1.4513E+01  1.39061E+05 -1.04016E+01  1.39061E+05 -1.04016E+01  1.39061E+05 -1.04016E+01
    1.4546E+01  1.39061E+05 -1.04016E+01  1.39061E+05 -1.04016E+01  1.39061E+05 -1.04016E+01
    1.4578E+01  1.39061E+05 -1.04016E+01  1.39061E+05 -1.04016E+01  1.39061E+05 -1.04016E+01
    1.4611E+01  1.39061E+05 -1.04016E+01  1.39061E+05 -1.04016E+01  1.39061E+05 -1.04016E+01
    1.4644E+01  1.39061E+05 -1.04016E+01  1.39061E+05 -1.04016E+01  1.39061E+05 -1.04016E+01
    1.4677E+01  1.39061E+05 -1.04016E+01  1.39061E+05 -1.04016E+01  1.39061E+05 -1.04016E+01
    1.4710E+01  1.39474E+05 -1.04861E+01  1.39474E+05 -1.04861E+01  1.39474E+05 -1.04861E+01
    1.4742E+01  1.39474E+05 -1.04861E+01  1.39474E+05 -1.04861E+01  1.39474E+05 -1.04861E+01
    1.4775E+01  1.39474E+05 -1.04861E+01  1.39474E+05 -1.04861E+01  1.39474E+05 -1.04861E+01
    1.4808E+01  1.40298E+05 -1.06324E+01  1.40298E+05 -1.06324E+01  1.40298E+05 -1.06324E+01
    1.4841E+01  1.42296E+05 -1.09731E+01  1.42296E+05 -1.09731E+01  1.42296E+05 -1.09731E+01
    1.4873E+01  1.42296E+05 -1.09731E+01  1.42296E+05 -1.09731E+01  1.42296E+05 -1.09731E+01
    1.4906E+01  1.42534E+05 -1.10261E+01  1.42534E+05 -1.10261E+01  1.42534E+05 -1.10261E+01
    1.4939E+01  1.42534E+05 -1.10261E+01  1.42534E+05 -1.10261E+01  1.42534E+05 -1.10261E+01
    1.4972E+01  1.42534E+05 -1.10261E+01  1.42534E+05 -1.10261E+01  1.42534E+05 -1.10261E+01
    1.5004E+01  1.53766E+05 -1.19947E+01  1.53766E+05 -1.19947E+01  1.53766E+05 -1.19947E+01
    1.5037E+01  1.53766E+05 -1.19947E+01  1.53766E+05 -1.19947E+01  1.53766E+05 -1.19947E+01
    1.5070E+01  1.55420E+05 -1.22321E+01  1.55420E+05 -1.22321E+01  1.55420E+05 -1.22321E+01
    1.5103E+01  1.55420E+05 -1.22321E+01  1.55420E+05 -1.22321E+01  1.55420E+05 -1.22321E+01
    1.5135E+01  1.55420E+05 -1.22321E+01  1.55420E+05 -1.22321E+01  1.55420E+05 -1.22321E+01
    1.5168E+01  1.55420E+05 -1.22321E+01  1.55420E+05 -1.22321E+01  1.55420E+05 -1.22321E+01
    1.5201E+01  1.55420E+05 -1.22321E+01  1.55420E+05 -1.22321E+01  1.55420E+05 -1.22321E+01
    1.5234E+01  1.55420E+05 -1.22321E+01  1.55420E+05 -1.22321E+01  1.55420E+05 -1.22321E+01
    1.5266E+01  1.55420E+05 -1.22321E+01  1.55420E+05 -1.22321E+01  1.55420E+05 -1.22321E+01
    1.5299E+01  1.55420E+05 -1.22321E+01  1.55420E+05 -1.22321E+01  1.55420E+05 -1.22321E+01
    1.5332E+01  1.55420E+05 -1.22321E+01  1.55420E+05 -1.22321E+01  1.55420E+05 -1.22321E+01
    1.5365E+01  1.55420E+05 -1.22321E+01  1.55420E+05 -1.22321E+01  1.55420E+05 -1.22321E+01
    1.5397E+01  2.08664E+05 -1.44280E+01  2.08664E+05 -1.44280E+01  2.08664E+05 -1.44280E+01
    1.5430E+01  2.08664E+05 -1.44280E+01  2.08664E+05 -1.44280E+01  2.08664E+05 -1.44280E+01
    1.5463E+01  2.24741E+05 -1.51932E+01  2.24741E+05 -1.51932E+01  2.24741E+05 -1.51932E+01
    1.5496E+01  2.24741E+05 -1.51932E+01  2.24741E+05 -1.51932E+01  2.24741E+05 -1.51932E+01
    1.5529E+01  2.51026E+05 -1.59678E+01  2.51026E+05 -1.59678E+01  2.51026E+05 -1.59678E+01
    1.5561E+01  2.74755E+05 -1.69243E+01  2.74755E+05 -1.69243E+01  2.74755E+05 -1.69243E+01
    1.5594E+01  2.74755E+05 -1.69243E+01  2.74755E+05 -1.69243E+01  2.74755E+05 -1.69243E+01
    1.5627E+01  2.74755E+05 -1.69243E+01  2.74755E+05 -1.69243E+01  2.74755E+05 -1.69243E+01
    1.5660E+01  3.11029E+05 -1.74648E+01  3.11029E+05 -1.74648E+01  3.11029E+05 -1.74648E+01
    1.5692E+01  3.11029E+05 -1.74648E+01  3.11029E+05 -1.74648E+01  3.11029E+05 -1.74648E+01
    1.5725E+01  3.11029E+05 -1.74648E+01  3.11029E+05 -1.74648E+01  3.11029E+05 -1.74648E+01
    1.5758E+01  3.11029E+05 -1.74648E+01  3.11029E+05 -1.74648E+01  3.11029E+05 -1.74648E+01
    1.5791E+01  3.11029E+05 -1.74648E+01  3.11029E+05 -1.74648E+01  3.11029E+05 -1.74648E+01
    1.5823E+01  3.11029E+05 -1.74648E+01  3.11029E+05 -1.74648E+01  3.11029E+05 -1.74648E+01
    1.5856E+01  3.14203E+05 -1.77541E+01  3.14203E+05 -1.77541E+01  3.14203E+05 -1.77541E+01
    1.5889E+01  3.14203E+05 -1.77541E+01  3.14203E+05 -1.77541E+01  3.14203E+05 -1.77541E+01
    1.5922E+01  3.14203E+05 -1.77541E+01  3.14203E+05 -1.77541E+01  3.14203E+05 -1.77541E+01
    1.5954E+01  3.14203E+05 -1.77541E+01  3.14203E+05 -1.77541E+01  3.14203E+05 -1.77541E+01
    1.5987E+01  3.14203E+05 -1.77541E+01  3.14203E+05 -1.77541E+01  3.14203E+05 -1.77541E+01
    1.6020E+01  3.14203E+05 -1.77541E+01  3.14203E+05 -1.77541E+01  3.14203E+05 -1.77541E+01
    1.6053E+01  3.17655E+05 -1.80572E+01  3.17655E+05 -1.80572E+01  3.17655E+05 -1.80572E+01
    1.6085E+01  3.17655E+05 -1.80572E+01  3.17655E+05 -1.80572E+01  3.17655E+05 -1.80572E+01
    1.6118E+01  3.17655E+05 -1.80572E+01  3.17655E+05 -1.80572E+01  3.17655E+05 -1.80572E+01
    1.6151E+01  3.17655E+05 -1.80572E+01  3.17655E+05 -1.80572E+01  3.17655E+05 -1.80572E+01
    1.6184E+01  3.32593E+05 -1.85693E+01  3.32593E+05 -1.85693E+01  3.32593E+05 -1.85693E+01
    1.6216E+01  3.34339E+05 -1.88806E+01  3.34339E+05 -1.88806E+01  3.34339E+05 -1.88806E+01
    1.6249E+01  3.70704E+05 -2.14051E+01  3.70704E+05 -2.14051E+01  3.70704E+05 -2.14051E+01
    1.6282E+01  3.70704E+05 -2.14051E+01  3.70704E+05 -2.14051E+01  3.70704E+05 -2.14051E+01
    1.6315E+01  3.70704E+05 -2.14051E+01  3.70704E+05 -2.14051E+01  3.70704E+05 -2.14051E+01
    1.6348E+01  3.70704E+05 -2.14051E+01  3.70704E+05 -2.14051E+01  3.70704E+05 -2.14051E+01
    1.6380E+01  3.70704E+05 -2.14051E+01  3.70704E+05 -2.14051E+01  3.70704E+05 -2.14051E+01
    1.6413E+01  3.70704E+05 -2.14051E+01  3.70704E+05 -2.14051E+01  3.70704E+05 -2.14051E+01
    1.6446E+01  3.70704E+05 -2.14051E+01  3.70704E+05 -2.14051E+01  3.70704E+05 -2.14051E+01
    1.6479E+01  3.71331E+05 -2.15248E+01  3.71331E+05 -2.15248E+01  3.71331E+05 -2.15248E+01
    1.6511E+01  3.71331E+05 -2.15248E+01  3.71331E+05 -2.15248E+01  3.71331E+05 -2.15248E+01
    1.6544E+01  3.71467E+05 -2.15627E+01  3.71467E+05 -2.15627E+01  3.71467E+05 -2.15627E+01
    1.6577E+01  3.71467E+05 -2.15627E+01  3.71467E+05 -2.15627E+01  3.71467E+05 -2.15627E+01
    1.6610E+01  3.71467E+05 -2.15627E+01  3.71467E+05 -2.15627E+01  3.71467E+05 -2.15627E+01
    1.6642E+01  3.71467E+05 -2.15627E+01  3.71467E+05 -2.15627E+01  3.71467E+05 -2.15627E+01
    1.6675E+01  3.71467E+05 -2.15627E+01  3.71467E+05 -2.15627E+01  3.71467E+05 -2.15627E+01
    1.6708E+01  3.71467E+05 -2.15627E+01  3.71467E+05 -2.15627E+01  3.71467E+05 -2.15627E+01
    1.6741E+01  3.79768E+05 -2.25876E+01  3.79768E+05 -2.25876E+01  3.79768E+05 -2.25876E+01
    1.6773E+01  3.79768E+05 -2.25876E+01  3.79768E+05 -2.25876E+01  3.79768E+05 -2.25876E+01
    1.6806E+01  3.79768E+05 -2.25876E+01  3.79768E+05 -2.25876E+01  3.79768E+05 -2.25876E+01
    1.6839E+01  3.79768E+05 -2.25876E+01  3.79768E+05 -2.25876E+01  3.79768E+05 -2.25876E+01
    1.6872E+01  3.79768E+05 -2.25876E+01  3.79768E+05 -2.25876E+01  3.79768E+05 -2.25876E+01
    1.6904E+01  4.17415E+05 -2.29216E+01  4.17415E+05 -2.29216E+01  4.17415E+05 -2.29216E+01
    1.6937E+01  4.17415E+05 -2.29216E+01  4.17415E+05 -2.29216E+01  4.17415E+05 -2.29216E+01
    1.6970E+01  4.17415E+05 -2.29216E+01  4.17415E+05 -2.29216E+01  4.17415E+05 -2.29216E+01
    1.7003E+01  4.17415E+05 -2.29216E+01  4.17415E+05 -2.29216E+01  4.17415E+05 -2.29216E+01
    1.7036E+01  4.17415E+05 -2.29216E+01  4.17415E+05 -2.29216E+01  4.17415E+05 -2.29216E+01
    1.7068E+01  4.17501E+05 -2.29468E+01  4.17501E+05 -2.29468E+01  4.17501E+05 -2.29468E+01
    1.7101E+01  4.19876E+05 -2.33974E+01  4.19876E+05 -2.33974E+01  4.19876E+05 -2.33974E+01
    1.7134E+01  4.20842E+05 -2.35990E+01  4.20842E+05 -2.35990E+01  4.20842E+05 -2.35990E+01
    1.7167E+01  4.20909E+05 -2.36177E+01  4.20909E+05 -2.36177E+01  4.20909E+05 -2.36177E+01
    1.7199E+01  4.20909E+05 -2.36177E+01  4.20909E+05 -2.36177E+01  4.20909E+05 -2.36177E+01
    1.7232E+01  4.22345E+05 -2.38945E+01  4.22345E+05 -2.38945E+01  4.22345E+05 -2.38945E+01
    1.7265E+01  4.24734E+05 -2.43087E+01  4.24734E+05 -2.43087E+01  4.24734E+05 -2.43087E+01
    1.7298E+01  4.24734E+05 -2.43087E+01  4.24734E+05 -2.43087E+01  4.24734E+05 -2.43087E+01
    1.7330E+01  4.25356E+05 -2.44497E+01  4.25356E+05 -2.44497E+01  4.25356E+05 -2.44497E+01
    1.7363E+01  4.25356E+05 -2.44497E+01  4.25356E+05 -2.44497E+01  4.25356E+05 -2.44497E+01
    1.7396E+01  4.25356E+05 -2.44497E+01  4.25356E+05 -2.44497E+01  4.25356E+05 -2.44497E+01
    1.7429E+01  4.25356E+05 -2.44497E+01  4.25356E+05 -2.44497E+01  4.25356E+05 -2.44497E+01
    1.7461E+01  4.46538E+05 -2.51158E+01  4.46538E+05 -2.51158E+01  4.46538E+05 -2.51158E+01
    1.7494E+01  4.49940E+05 -2.56620E+01  4.49940E+05 -2.56620E+01  4.49940E+05 -2.56620E+01
    1.7527E+01  4.49940E+05 -2.56620E+01  4.49940E+05 -2.56620E+01  4.49940E+05 -2.56620E+01
    1.7560E+01  4.59808E+05 -2.63405E+01  4.59808E+05 -2.63405E+01  4.59808E+05 -2.63405E+01
    1.7592E+01  4.60278E+05 -2.64519E+01  4.60278E+05 -2.64519E+01  4.60278E+05 -2.64519E+01
    1.7625E+01  4.64307E+05 -2.70748E+01  4.64307E+05 -2.70748E+01  4.64307E+05 -2.70748E+01
    1.7658E+01  4.65095E+05 -2.72458E+01  4.65095E+05 -2.72458E+01  4.65095E+05 -2.72458E+01
    1.7691E+01  4.65537E+05 -2.73520E+01  4.65537E+05 -2.73520E+01  4.65537E+05 -2.73520E+01
    1.7723E+01  4.65537E+05 -2.73520E+01  4.65537E+05 -2.73520E+01  4.65537E+05 -2.73520E+01
    1.7756E+01  4.65537E+05 -2.73520E+01  4.65537E+05 -2.73520E+01  4.65537E+05 -2.73520E+01
    1.7789E+01  4.65537E+05 -2.73520E+01  4.65537E+05 -2.73520E+01  4.65537E+05 -2.73520E+01
    1.7822E+01  4.70681E+05 -2.79040E+01  4.70681E+05 -2.79040E+01  4.70681E+05 -2.79040E+01
    1.7855E+01  4.70681E+05 -2.79040E+01  4.70681E+05 -2.79040E+01  4.70681E+05 -2.79040E+01
    1.7887E+01  4.70681E+05 -2.79040E+01  4.70681E+05 -2.79040E+01  4.70681E+05 -2.79040E+01
    1.7920E+01  4.70681E+05 -2.79040E+01  4.70681E+05 -2.79040E+01  4.70681E+05 -2.79040E+01
    1.7953E+01  4.70681E+05 -2.79040E+01  4.70681E+05 -2.79040E+01  4.70681E+05 -2.79040E+01
    1.7986E+01  4.70681E+05 -2.79040E+01  4.70681E+05 -2.79040E+01  4.70681E+05 -2.79040E+01
    1.8018E+01  4.70681E+05 -2.79040E+01  4.70681E+05 -2.79040E+01  4.70681E+05 -2.79040E+01
    1.8051E+01  4.70681E+05 -2.79040E+01  4.70681E+05 -2.79040E+01  4.70681E+05 -2.79040E+01
    1.8084E+01  4.70681E+05 -2.79040E+01  4.70681E+05 -2.79040E+01  4.70681E+05 -2.79040E+01
    1.8117E+01  4.70681E+05 -2.79040E+01  4.70681E+05 -2.79040E+01  4.70681E+05 -2.79040E+01
    1.8149E+01  4.70681E+05 -2.79040E+01  4.70681E+05 -2.79040E+01  4.70681E+05 -2.79040E+01
    1.8182E+01  4.70681E+05 -2.79040E+01  4.70681E+05 -2.79040E+01  4.70681E+05 -2.79040E+01
    1.8215E+01  4.70681E+05 -2.79040E+01  4.70681E+05 -2.79040E+01  4.70681E+05 -2.79040E+01
    1.8248E+01  4.70681E+05 -2.79040E+01  4.70681E+05 -2.79040E+01  4.70681E+05 -2.79040E+01
    1.8280E+01  4.70681E+05 -2.79040E+01  4.70681E+05 -2.79040E+01  4.70681E+05 -2.79040E+01
    1.8313E+01  4.70681E+05 -2.79040E+01  4.70681E+05 -2.79040E+01  4.70681E+05 -2.79040E+01
    1.8346E+01  4.70681E+05 -2.79040E+01  4.70681E+05 -2.79040E+01  4.70681E+05 -2.79040E+01
    1.8379E+01  4.70681E+05 -2.79040E+01  4.70681E+05 -2.79040E+01  4.70681E+05 -2.79040E+01
    1.8411E+01  4.70681E+05 -2.79040E+01  4.70681E+05 -2.79040E+01  4.70681E+05 -2.79040E+01
    1.8444E+01  4.70681E+05 -2.79040E+01  4.70681E+05 -2.79040E+01  4.70681E+05 -2.79040E+01
    1.8477E+01  4.70681E+05 -2.79040E+01  4.70681E+05 -2.79040E+01  4.70681E+05 -2.79040E+01
    1.8510E+01  4.70681E+05 -2.79040E+01  4.70681E+05 -2.79040E+01  4.70681E+05 -2.79040E+01
    1.8543E+01  4.70681E+05 -2.79040E+01  4.70681E+05 -2.79040E+01  4.70681E+05 -2.79040E+01
    1.8575E+01  4.70681E+05 -2.79040E+01  4.70681E+05 -2.79040E+01  4.70681E+05 -2.79040E+01
    1.8608E+01  4.70681E+05 -2.79040E+01  4.70681E+05 -2.79040E+01  4.70681E+05 -2.79040E+01
    1.8641E+01  4.70681E+05 -2.79040E+01  4.70681E+05 -2.79040E+01  4.70681E+05 -2.79040E+01
    1.8674E+01  4.70681E+05 -2.79040E+01  4.70681E+05 -2.79040E+01  4.70681E+05 -2.79040E+01
    1.8706E+01  4.70681E+05 -2.79040E+01  4.70681E+05 -2.79040E+01  4.70681E+05 -2.79040E+01
    1.8739E+01  4.70681E+05 -2.79040E+01  4.70681E+05 -2.79040E+01  4.70681E+05 -2.79040E+01
    1.8772E+01  4.70681E+05 -2.79040E+01  4.70681E+05 -2.79040E+01  4.70681E+05 -2.79040E+01
    1.8805E+01  4.70681E+05 -2.79040E+01  4.70681E+05 -2.79040E+01  4.70681E+05 -2.79040E+01
    1.8837E+01  4.75095E+05 -2.84858E+01  4.75095E+05 -2.84858E+01  4.75095E+05 -2.84858E+01
    1.8870E+01  4.79378E+05 -2.90299E+01  4.79378E+05 -2.90299E+01  4.79378E+05 -2.90299E+01
    1.8903E+01  4.80728E+05 -2.92819E+01  4.80728E+05 -2.92819E+01  4.80728E+05 -2.92819E+01
    1.8936E+01  4.80728E+05 -2.92819E+01  4.80728E+05 -2.92819E+01  4.80728E+05 -2.92819E+01
    1.8968E+01  4.90049E+05 -3.04727E+01  4.90049E+05 -3.04727E+01  4.90049E+05 -3.04727E+01
    1.9001E+01  4.90049E+05 -3.04727E+01  4.90049E+05 -3.04727E+01  4.90049E+05 -3.04727E+01
    1.9034E+01  4.90480E+05 -3.05780E+01  4.90480E+05 -3.05780E+01  4.90480E+05 -3.05780E+01
    1.9067E+01  4.90663E+05 -3.06232E+01  4.90663E+05 -3.06232E+01  4.90663E+05 -3.06232E+01
    1.9099E+01  4.91342E+05 -3.07616E+01  4.91342E+05 -3.07616E+01  4.91342E+05 -3.07616E+01
    1.9132E+01  4.92401E+05 -3.09949E+01  4.92401E+05 -3.09949E+01  4.92401E+05 -3.09949E+01
    1.9165E+01  4.92401E+05 -3.09949E+01  4.92401E+05 -3.09949E+01  4.92401E+05 -3.09949E+01
    1.9198E+01  5.20685E+05 -3.39132E+01  5.20685E+05 -3.39132E+01  5.20685E+05 -3.39132E+01
    1.9230E+01  5.20685E+05 -3.39132E+01  5.20685E+05 -3.39132E+01  5.20685E+05 -3.39132E+01
    1.9263E+01  5.20685E+05 -3.39132E+01  5.20685E+05 -3.39132E+01  5.20685E+05 -3.39132E+01
    1.9296E+01  5.20685E+05 -3.39132E+01  5.20685E+05 -3.39132E+01  5.20685E+05 -3.39132E+01
    1.9329E+01  5.20685E+05 -3.39132E+01  5.20685E+05 -3.39132E+01  5.20685E+05 -3.39132E+01
    1.9362E+01  5.20685E+05 -3.39132E+01  5.20685E+05 -3.39132E+01  5.20685E+05 -3.39132E+01
    1.9394E+01  5.21095E+05 -3.40138E+01  5.21095E+05 -3.40138E+01  5.21095E+05 -3.40138E+01
    1.9427E+01  5.21283E+05 -3.40656E+01  5.21283E+05 -3.40656E+01  5.21283E+05 -3.40656E+01
    1.9460E+01  5.21283E+05 -3.40656E+01  5.21283E+05 -3.40656E+01  5.21283E+05 -3.40656E+01
    1.9493E+01  5.21283E+05 -3.40656E+01  5.21283E+05 -3.40656E+01  5.21283E+05 -3.40656E+01
    1.9525E+01  5.21283E+05 -3.40656E+01  5.21283E+05 -3.40656E+01  5.21283E+05 -3.40656E+01
    1.9558E+01  5.21283E+05 -3.40656E+01  5.21283E+05 -3.40656E+01  5.21283E+05 -3.40656E+01
    1.9591E+01  5.23972E+05 -3.44574E+01  5.23972E+05 -3.44574E+01  5.23972E+05 -3.44574E+01
    1.9624E+01  5.35183E+05 -3.57944E+01  5.35183E+05 -3.57944E+01  5.35183E+05 -3.57944E+01
    1.9656E+01  5.35183E+05 -3.57944E+01  5.35183E+05 -3.57944E+01  5.35183E+05 -3.57944E+01
    1.9689E+01  5.35379E+05 -3.58438E+01  5.35379E+05 -3.58438E+01  5.35379E+05 -3.58438E+01
    1.9722E+01  5.35379E+05 -3.58438E+01  5.35379E+05 -3.58438E+01  5.35379E+05 -3.58438E+01
    1.9755E+01  5.35379E+05 -3.58438E+01  5.35379E+05 -3.58438E+01  5.35379E+05 -3.58438E+01
    1.9787E+01  5.35379E+05 -3.58438E+01  5.35379E+05 -3.58438E+01  5.35379E+05 -3.58438E+01
    1.9820E+01  5.37079E+05 -3.61325E+01  5.37079E+05 -3.61325E+01  5.37079E+05 -3.61325E+01
    1.9853E+01  5.37079E+05 -3.61325E+01  5.37079E+05 -3.61325E+01  5.37079E+05 -3.61325E+01
    1.9886E+01  5.37079E+05 -3.61325E+01  5.37079E+05 -3.61325E+01  5.37079E+05 -3.61325E+01
    1.9918E+01  5.37079E+05 -3.61325E+01  5.37079E+05 -3.61325E+01  5.37079E+05 -3.61325E+01
    1.9951E+01  5.37079E+05 -3.61325E+01  5.37079E+05 -3.61325E+01  5.37079E+05 -3.61325E+01
    1.9984E+01  5.37079E+05 -3.61325E+01  5.37079E+05 -3.61325E+01  5.37079E+05 -3.61325E+01
    2.0017E+01  5.37079E+05 -3.61325E+01  5.37079E+05 -3.61325E+01  5.37079E+05 -3.61325E+01
    2.0049E+01  6.04464E+05 -3.73178E+01  6.04464E+05 -3.73178E+01  6.04464E+05 -3.73178E+01
    2.0082E+01  6.04464E+05 -3.73178E+01  6.04464E+05 -3.73178E+01  6.04464E+05 -3.73178E+01
    2.0115E+01  6.04464E+05 -3.73178E+01  6.04464E+05 -3.73178E+01  6.04464E+05 -3.73178E+01
    2.0148E+01  6.15573E+05 -3.86273E+01  6.15573E+05 -3.86273E+01  6.15573E+05 -3.86273E+01
    2.0181E+01  6.15573E+05 -3.86273E+01  6.15573E+05 -3.86273E+01  6.15573E+05 -3.86273E+01
    2.0213E+01  6.15573E+05 -3.86273E+01  6.15573E+05 -3.86273E+01  6.15573E+05 -3.86273E+01
    2.0246E+01  6.15573E+05 -3.86273E+01  6.15573E+05 -3.86273E+01  6.15573E+05 -3.86273E+01
    2.0279E+01  6.32730E+05 -4.03430E+01  6.32730E+05 -4.03430E+01  6.32730E+05 -4.03430E+01
    2.0312E+01  6.32730E+05 -4.03430E+01  6.32730E+05 -4.03430E+01  6.32730E+05 -4.03430E+01
    2.0344E+01  6.32730E+05 -4.03430E+01  6.32730E+05 -4.03430E+01  6.32730E+05 -4.03430E+01
    2.0377E+01  6.32730E+05 -4.03430E+01  6.32730E+05 -4.03430E+01  6.32730E+05 -4.03430E+01
    2.0410E+01  7.01147E+05 -4.08341E+01  7.01147E+05 -4.08341E+01  7.01147E+05 -4.08341E+01
    2.0443E+01  7.01147E+05 -4.08341E+01  7.01147E+05 -4.08341E+01  7.01147E+05 -4.08341E+01
    2.0475E+01  7.01147E+05 -4.08341E+01  7.01147E+05 -4.08341E+01  7.01147E+05 -4.08341E+01
    2.0508E+01  7.01147E+05 -4.08341E+01  7.01147E+05 -4.08341E+01  7.01147E+05 -4.08341E+01
    2.0541E+01  7.01147E+05 -4.08341E+01  7.01147E+05 -4.08341E+01  7.01147E+05 -4.08341E+01
    2.0574E+01  7.01147E+05 -4.08341E+01  7.01147E+05 -4.08341E+01  7.01147E+05 -4.08341E+01
    2.0606E+01  7.01147E+05 -4.08341E+01  7.01147E+05 -4.08341E+01  7.01147E+05 -4.08341E+01
    2.0639E+01  7.01147E+05 -4.08341E+01  7.01147E+05 -4.08341E+01  7.01147E+05 -4.08341E+01
    2.0672E+01  7.01147E+05 -4.08341E+01  7.01147E+05 -4.08341E+01  7.01147E+05 -4.08341E+01
    2.0705E+01  7.01147E+05 -4.08341E+01  7.01147E+05 -4.08341E+01  7.01147E+05 -4.08341E+01
    2.0737E+01  7.01147E+05 -4.08341E+01  7.01147E+05 -4.08341E+01  7.01147E+05 -4.08341E+01
    2.0770E+01  7.02780E+05 -4.11590E+01  7.02780E+05 -4.11590E+01  7.02780E+05 -4.11590E+01
    2.0803E+01  7.02780E+05 -4.11590E+01  7.02780E+05 -4.11590E+01  7.02780E+05 -4.11590E+01
    2.0836E+01  7.02780E+05 -4.11590E+01  7.02780E+05 -4.11590E+01  7.02780E+05 -4.11590E+01
    2.0869E+01  7.02780E+05 -4.11590E+01  7.02780E+05 -4.11590E+01  7.02780E+05 -4.11590E+01
    2.0901E+01  7.02780E+05 -4.11590E+01  7.02780E+05 -4.11590E+01  7.02780E+05 -4.11590E+01
    2.0934E+01  7.02780E+05 -4.11590E+01  7.02780E+05 -4.11590E+01  7.02780E+05 -4.11590E+01
    2.0967E+01  7.02780E+05 -4.11590E+01  7.02780E+05 -4.11590E+01  7.02780E+05 -4.11590E+01
    2.1000E+01  7.02780E+05 -4.11590E+01  7.02780E+05 -4.11590E+01  7.02780E+05 -4.11590E+01
    2.1032E+01  7.02780E+05 -4.11590E+01  7.02780E+05 -4.11590E+01  7.02780E+05 -4.11590E+01
    2.1065E+01  7.02780E+05 -4.11590E+01  7.02780E+05 -4.11590E+01  7.02780E+05 -4.11590E+01
    2.1098E+01  7.02780E+05 -4.11590E+01  7.02780E+05 -4.11590E+01  7.02780E+05 -4.11590E+01
    2.1131E+01  7.06062E+05 -4.16258E+01  7.06062E+05 -4.16258E+01  7.06062E+05 -4.16258E+01
    2.1163E+01  7.13599E+05 -4.22027E+01  7.13599E+05 -4.22027E+01  7.13599E+05 -4.22027E+01
    2.1196E+01  7.16805E+05 -4.26772E+01  7.16805E+05 -4.26772E+01  7.16805E+05 -4.26772E+01
    2.1229E+01  7.16805E+05 -4.26772E+01  7.16805E+05 -4.26772E+01  7.16805E+05 -4.26772E+01
    2.1262E+01  7.16805E+05 -4.26772E+01  7.16805E+05 -4.26772E+01  7.16805E+05 -4.26772E+01
    2.1294E+01  7.16805E+05 -4.26772E+01  7.16805E+05 -4.26772E+01  7.16805E+05 -4.26772E+01
    2.1327E+01  7.16805E+05 -4.26772E+01  7.16805E+05 -4.26772E+01  7.16805E+05 -4.26772E+01
    2.1360E+01  7.16805E+05 -4.26772E+01  7.16805E+05 -4.26772E+01  7.16805E+05 -4.26772E+01
    2.1393E+01  7.16805E+05 -4.26772E+01  7.16805E+05 -4.26772E+01  7.16805E+05 -4.26772E+01
    2.1425E+01  7.16805E+05 -4.26772E+01  7.16805E+05 -4.26772E+01  7.16805E+05 -4.26772E+01
    2.1458E+01  7.17798E+05 -4.28967E+01  7.17798E+05 -4.28967E+01  7.17798E+05 -4.28967E+01
    2.1491E+01  7.17798E+05 -4.28967E+01  7.17798E+05 -4.28967E+01  7.17798E+05 -4.28967E+01
    2.1524E+01  7.17798E+05 -4.28967E+01  7.17798E+05 -4.28967E+01  7.17798E+05 -4.28967E+01
    2.1556E+01  7.17798E+05 -4.28967E+01  7.17798E+05 -4.28967E+01  7.17798E+05 -4.28967E+01
    2.1589E+01  7.17798E+05 -4.28967E+01  7.17798E+05 -4.28967E+01  7.17798E+05 -4.28967E+01
    2.1622E+01  7.17798E+05 -4.28967E+01  7.17798E+05 -4.28967E+01  7.17798E+05 -4.28967E+01
    2.1655E+01  7.17798E+05 -4.28967E+01  7.17798E+05 -4.28967E+01  7.17798E+05 -4.28967E+01
    2.1688E+01  7.18038E+05 -4.29622E+01  7.18038E+05 -4.29622E+01  7.18038E+05 -4.29622E+01
    2.1720E+01  7.18038E+05 -4.29622E+01  7.18038E+05 -4.29622E+01  7.18038E+05 -4.29622E+01
    2.1753E+01  7.18038E+05 -4.29622E+01  7.18038E+05 -4.29622E+01  7.18038E+05 -4.29622E+01
    2.1786E+01  7.50044E+05 -4.52624E+01  7.50044E+05 -4.52624E+01  7.50044E+05 -4.52624E+01
    2.1819E+01  7.50044E+05 -4.52624E+01  7.50044E+05 -4.52624E+01  7.50044E+05 -4.52624E+01
    2.1851E+01  7.50044E+05 -4.52624E+01  7.50044E+05 -4.52624E+01  7.50044E+05 -4.52624E+01
    2.1884E+01  7.50044E+05 -4.52624E+01  7.50044E+05 -4.52624E+01  7.50044E+05 -4.52624E+01
    2.1917E+01  7.50044E+05 -4.52624E+01  7.50044E+05 -4.52624E+01  7.50044E+05 -4.52624E+01
    2.1950E+01  7.77891E+05 -4.73175E+01  7.77891E+05 -4.73175E+01  7.77891E+05 -4.73175E+01
    2.1982E+01  7.77891E+05 -4.73175E+01  7.77891E+05 -4.73175E+01  7.77891E+05 -4.73175E+01
    2.2015E+01  7.77891E+05 -4.73175E+01  7.77891E+05 -4.73175E+01  7.77891E+05 -4.73175E+01
    2.2048E+01  7.77891E+05 -4.73175E+01  7.77891E+05 -4.73175E+01  7.77891E+05 -4.73175E+01
    2.2081E+01  7.77891E+05 -4.73175E+01  7.77891E+05 -4.73175E+01  7.77891E+05 -4.73175E+01
    2.2113E+01  7.83763E+05 -4.82115E+01  7.83763E+05 -4.82115E+01  7.83763E+05 -4.82115E+01
    2.2146E+01  7.83763E+05 -4.82115E+01  7.83763E+05 -4.82115E+01  7.83763E+05 -4.82115E+01
    2.2179E+01  7.83763E+05 -4.82115E+01  7.83763E+05 -4.82115E+01  7.83763E+05 -4.82115E+01
    2.2212E+01  7.83763E+05 -4.82115E+01  7.83763E+05 -4.82115E+01  7.83763E+05 -4.82115E+01
    2.2244E+01  7.86582E+05 -4.87271E+01  7.86582E+05 -4.87271E+01  7.86582E+05 -4.87271E+01
    2.2277E+01  7.86582E+05 -4.87271E+01  7.86582E+05 -4.87271E+01  7.86582E+05 -4.87271E+01
    2.2310E+01  7.95323E+05 -4.98994E+01  7.95323E+05 -4.98994E+01  7.95323E+05 -4.98994E+01
    2.2343E+01  7.95323E+05 -4.98994E+01  7.95323E+05 -4.98994E+01  7.95323E+05 -4.98994E+01
    2.2375E+01  7.95323E+05 -4.98994E+01  7.95323E+05 -4.98994E+01  7.95323E+05 -4.98994E+01
    2.2408E+01  8.68012E+05 -5.05571E+01  8.68012E+05 -5.05571E+01  8.68012E+05 -5.05571E+01
    2.2441E+01  8.80731E+05 -5.20561E+01  8.80731E+05 -5.20561E+01  8.80731E+05 -5.20561E+01
    2.2474E+01  8.80731E+05 -5.20561E+01  8.80731E+05 -5.20561E+01  8.80731E+05 -5.20561E+01
    2.2507E+01  8.80731E+05 -5.20561E+01  8.80731E+05 -5.20561E+01  8.80731E+05 -5.20561E+01
    2.2539E+01  8.80731E+05 -5.20561E+01  8.80731E+05 -5.20561E+01  8.80731E+05 -5.20561E+01
    2.2572E+01  8.80731E+05 -5.20561E+01  8.80731E+05 -5.20561E+01  8.80731E+05 -5.20561E+01
    2.2605E+01  8.80731E+05 -5.20561E+01  8.80731E+05 -5.20561E+01  8.80731E+05 -5.20561E+01
    2.2638E+01  8.80731E+05 -5.20561E+01  8.80731E+05 -5.20561E+01  8.80731E+05 -5.20561E+01
    2.2670E+01  8.80731E+05 -5.20561E+01  8.80731E+05 -5.20561E+01  8.80731E+05 -5.20561E+01
    2.2703E+01  8.85507E+05 -5.27027E+01  8.85507E+05 -5.27027E+01  8.85507E+05 -5.27027E+01
    2.2736E+01  8.85507E+05 -5.27027E+01  8.85507E+05 -5.27027E+01  8.85507E+05 -5.27027E+01
    2.2769E+01  8.85507E+05 -5.27027E+01  8.85507E+05 -5.27027E+01  8.85507E+05 -5.27027E+01
    2.2801E+01  8.85507E+05 -5.27027E+01  8.85507E+05 -5.27027E+01  8.85507E+05 -5.27027E+01
    2.2834E+01  8.85507E+05 -5.27027E+01  8.85507E+05 -5.27027E+01  8.85507E+05 -5.27027E+01
    2.2867E+01  8.85507E+05 -5.27027E+01  8.85507E+05 -5.27027E+01  8.85507E+05 -5.27027E+01
    2.2900E+01  8.85507E+05 -5.27027E+01  8.85507E+05 -5.27027E+01  8.85507E+05 -5.27027E+01
    2.2932E+01  8.85507E+05 -5.27027E+01  8.85507E+05 -5.27027E+01  8.85507E+05 -5.27027E+01
    2.2965E+01  8.85507E+05 -5.27027E+01  8.85507E+05 -5.27027E+01  8.85507E+05 -5.27027E+01
    2.2998E+01  8.85507E+05 -5.27027E+01  8.85507E+05 -5.27027E+01  8.85507E+05 -5.27027E+01
    2.3031E+01  8.85507E+05 -5.27027E+01  8.85507E+05 -5.27027E+01  8.85507E+05 -5.27027E+01
    2.3063E+01  9.18131E+05 -5.34790E+01  9.18131E+05 -5.34790E+01  9.18131E+05 -5.34790E+01
    2.3096E+01  9.18131E+05 -5.34790E+01  9.18131E+05 -5.34790E+01  9.18131E+05 -5.34790E+01
    2.3129E+01  9.18131E+05 -5.34790E+01  9.18131E+05 -5.34790E+01  9.18131E+05 -5.34790E+01
    2.3162E+01  9.18131E+05 -5.34790E+01  9.18131E+05 -5.34790E+01  9.18131E+05 -5.34790E+01
    2.3195E+01  9.18131E+05 -5.34790E+01  9.18131E+05 -5.34790E+01  9.18131E+05 -5.34790E+01
    2.3227E+01  9.18131E+05 -5.34790E+01  9.18131E+05 -5.34790E+01  9.18131E+05 -5.34790E+01
    2.3260E+01  9.18131E+05 -5.34790E+01  9.18131E+05 -5.34790E+01  9.18131E+05 -5.34790E+01
    2.3293E+01  9.18131E+05 -5.34790E+01  9.18131E+05 -5.34790E+01  9.18131E+05 -5.34790E+01
    2.3326E+01  9.18131E+05 -5.34790E+01  9.18131E+05 -5.34790E+01  9.18131E+05 -5.34790E+01
    2.3358E+01  9.18131E+05 -5.34790E+01  9.18131E+05 -5.34790E+01  9.18131E+05 -5.34790E+01
    2.3391E+01  9.18131E+05 -5.34790E+01  9.18131E+05 -5.34790E+01  9.18131E+05 -5.34790E+01
    2.3424E+01  9.18131E+05 -5.34790E+01  9.18131E+05 -5.34790E+01  9.18131E+05 -5.34790E+01
    2.3457E+01  9.18131E+05 -5.34790E+01  9.18131E+05 -5.34790E+01  9.18131E+05 -5.34790E+01
    2.3489E+01  9.18131E+05 -5.34790E+01  9.18131E+05 -5.34790E+01  9.18131E+05 -5.34790E+01
    2.3522E+01  9.18131E+05 -5.34790E+01  9.18131E+05 -5.34790E+01  9.18131E+05 -5.34790E+01
    2.3555E+01  9.18131E+05 -5.34790E+01  9.18131E+05 -5.34790E+01  9.18131E+05 -5.34790E+01
    2.3588E+01  9.18131E+05 -5.34790E+01  9.18131E+05 -5.34790E+01  9.18131E+05 -5.34790E+01
    2.3620E+01  9.18131E+05 -5.34790E+01  9.18131E+05 -5.34790E+01  9.18131E+05 -5.34790E+01
    2.3653E+01  9.18131E+05 -5.34790E+01  9.18131E+05 -5.34790E+01  9.18131E+05 -5.34790E+01
    2.3686E+01  9.18131E+05 -5.34790E+01  9.18131E+05 -5.34790E+01  9.18131E+05 -5.34790E+01
    2.3719E+01  9.18131E+05 -5.34790E+01  9.18131E+05 -5.34790E+01  9.18131E+05 -5.34790E+01
    2.3751E+01  9.28344E+05 -5.49437E+01  9.28344E+05 -5.49437E+01  9.28344E+05 -5.49437E+01
    2.3784E+01  9.28344E+05 -5.49437E+01  9.28344E+05 -5.49437E+01  9.28344E+05 -5.49437E+01
    2.3817E+01  9.28344E+05 -5.49437E+01  9.28344E+05 -5.49437E+01  9.28344E+05 -5.49437E+01
    2.3850E+01  9.28344E+05 -5.49437E+01  9.28344E+05 -5.49437E+01  9.28344E+05 -5.49437E+01
    2.3882E+01  9.28535E+05 -5.49987E+01  9.28535E+05 -5.49987E+01  9.28535E+05 -5.49987E+01
    2.3915E+01  9.28535E+05 -5.49987E+01  9.28535E+05 -5.49987E+01  9.28535E+05 -5.49987E+01
    2.3948E+01  9.28535E+05 -5.49987E+01  9.28535E+05 -5.49987E+01  9.28535E+05 -5.49987E+01
    2.3981E+01  9.28535E+05 -5.49987E+01  9.28535E+05 -5.49987E+01  9.28535E+05 -5.49987E+01
    2.4014E+01  9.41870E+05 -5.61292E+01  9.41870E+05 -5.61292E+01  9.41870E+05 -5.61292E+01
    2.4046E+01  9.41870E+05 -5.61292E+01  9.41870E+05 -5.61292E+01  9.41870E+05 -5.61292E+01
    2.4079E+01  9.41870E+05 -5.61292E+01  9.41870E+05 -5.61292E+01  9.41870E+05 -5.61292E+01
    2.4112E+01  9.41870E+05 -5.61292E+01  9.41870E+05 -5.61292E+01  9.41870E+05 -5.61292E+01
    2.4145E+01  9.41870E+05 -5.61292E+01  9.41870E+05 -5.61292E+01  9.41870E+05 -5.61292E+01
    2.4177E+01  9.41870E+05 -5.61292E+01  9.41870E+05 -5.61292E+01  9.41870E+05 -5.61292E+01
    2.4210E+01  9.44616E+05 -5.65755E+01  9.44616E+05 -5.65755E+01  9.44616E+05 -5.65755E+01
    2.4243E+01  9.44877E+05 -5.66481E+01  9.44877E+05 -5.66481E+01  9.44877E+05 -5.66481E+01
    2.4276E+01  9.44877E+05 -5.66481E+01  9.44877E+05 -5.66481E+01  9.44877E+05 -5.66481E+01
    2.4308E+01  9.71055E+05 -5.89511E+01  9.71055E+05 -5.89511E+01  9.71055E+05 -5.89511E+01
    2.4341E+01  1.00115E+06 -5.93828E+01  1.00115E+06 -5.93828E+01  1.00115E+06 -5.93828E+01
    2.4374E+01  1.00115E+06 -5.93828E+01  1.00115E+06 -5.93828E+01  1.00115E+06 -5.93828E+01
    2.4407E+01  1.00115E+06 -5.93828E+01  1.00115E+06 -5.93828E+01  1.00115E+06 -5.93828E+01
    2.4439E+01  1.00115E+06 -5.93828E+01  1.00115E+06 -5.93828E+01  1.00115E+06 -5.93828E+01
    2.4472E+01  1.00115E+06 -5.93828E+01  1.00115E+06 -5.93828E+01  1.00115E+06 -5.93828E+01
    2.4505E+01  1.00115E+06 -5.93828E+01  1.00115E+06 -5.93828E+01  1.00115E+06 -5.93828E+01
    2.4538E+01  1.00115E+06 -5.93828E+01  1.00115E+06 -5.93828E+01  1.00115E+06 -5.93828E+01
    2.4570E+01  1.00115E+06 -5.93828E+01  1.00115E+06 -5.93828E+01  1.00115E+06 -5.93828E+01
    2.4603E+01  1.00115E+06 -5.93828E+01  1.00115E+06 -5.93828E+01  1.00115E+06 -5.93828E+01
    2.4636E+01  1.00145E+06 -5.94659E+01  1.00145E+06 -5.94659E+01  1.00145E+06 -5.94659E+01
    2.4669E+01  1.00634E+06 -6.01477E+01  1.00634E+06 -6.01477E+01  1.00634E+06 -6.01477E+01
    2.4701E+01  1.06549E+06 -6.26920E+01  1.06549E+06 -6.26920E+01  1.06549E+06 -6.26920E+01
    2.4734E+01  1.06549E+06 -6.26920E+01  1.06549E+06 -6.26920E+01  1.06549E+06 -6.26920E+01
    2.4767E+01  1.06549E+06 -6.26920E+01  1.06549E+06 -6.26920E+01  1.06549E+06 -6.26920E+01
    2.4800E+01  1.06549E+06 -6.26920E+01  1.06549E+06 -6.26920E+01  1.06549E+06 -6.26920E+01
    2.4833E+01  1.06549E+06 -6.26920E+01  1.06549E+06 -6.26920E+01  1.06549E+06 -6.26920E+01
    2.4865E+01  1.06549E+06 -6.26920E+01  1.06549E+06 -6.26920E+01  1.06549E+06 -6.26920E+01
    2.4898E+01  1.06549E+06 -6.26920E+01  1.06549E+06 -6.26920E+01  1.06549E+06 -6.26920E+01
    2.4931E+01  1.06549E+06 -6.26920E+01  1.06549E+06 -6.26920E+01  1.06549E+06 -6.26920E+01
    2.4964E+01  1.06549E+06 -6.26920E+01  1.06549E+06 -6.26920E+01  1.06549E+06 -6.26920E+01
    2.4996E+01  1.08080E+06 -6.39626E+01  1.08080E+06 -6.39626E+01  1.08080E+06 -6.39626E+01
    2.5029E+01  1.08080E+06 -6.39626E+01  1.08080E+06 -6.39626E+01  1.08080E+06 -6.39626E+01
    2.5062E+01  1.08080E+06 -6.39626E+01  1.08080E+06 -6.39626E+01  1.08080E+06 -6.39626E+01
    2.5095E+01  1.08080E+06 -6.39626E+01  1.08080E+06 -6.39626E+01  1.08080E+06 -6.39626E+01
    2.5127E+01  1.08080E+06 -6.39626E+01  1.08080E+06 -6.39626E+01  1.08080E+06 -6.39626E+01
    2.5160E+01  1.08080E+06 -6.39626E+01  1.08080E+06 -6.39626E+01  1.08080E+06 -6.39626E+01
    2.5193E+01  1.08080E+06 -6.39626E+01  1.08080E+06 -6.39626E+01  1.08080E+06 -6.39626E+01
    2.5226E+01  1.08080E+06 -6.39626E+01  1.08080E+06 -6.39626E+01  1.08080E+06 -6.39626E+01
    2.5258E+01  1.10746E+06 -6.50989E+01  1.10746E+06 -6.50989E+01  1.10746E+06 -6.50989E+01
    2.5291E+01  1.10746E+06 -6.50989E+01  1.10746E+06 -6.50989E+01  1.10746E+06 -6.50989E+01
    2.5324E+01  1.10746E+06 -6.50989E+01  1.10746E+06 -6.50989E+01  1.10746E+06 -6.50989E+01
    2.5357E+01  1.10746E+06 -6.50989E+01  1.10746E+06 -6.50989E+01  1.10746E+06 -6.50989E+01
    2.5389E+01  1.10746E+06 -6.50989E+01  1.10746E+06 -6.50989E+01  1.10746E+06 -6.50989E+01
    2.5422E+01  1.10746E+06 -6.50989E+01  1.10746E+06 -6.50989E+01  1.10746E+06 -6.50989E+01
    2.5455E+01  1.10746E+06 -6.50989E+01  1.10746E+06 -6.50989E+01  1.10746E+06 -6.50989E+01
    2.5488E+01  1.10746E+06 -6.50989E+01  1.10746E+06 -6.50989E+01  1.10746E+06 -6.50989E+01
    2.5521E+01  1.10746E+06 -6.50989E+01  1.10746E+06 -6.50989E+01  1.10746E+06 -6.50989E+01
    2.5553E+01  1.10746E+06 -6.50989E+01  1.10746E+06 -6.50989E+01  1.10746E+06 -6.50989E+01
    2.5586E+01  1.10746E+06 -6.50989E+01  1.10746E+06 -6.50989E+01  1.10746E+06 -6.50989E+01
    2.5619E+01  1.10746E+06 -6.50989E+01  1.10746E+06 -6.50989E+01  1.10746E+06 -6.50989E+01
    2.5652E+01  1.10746E+06 -6.50989E+01  1.10746E+06 -6.50989E+01  1.10746E+06 -6.50989E+01
    2.5684E+01  1.10746E+06 -6.50989E+01  1.10746E+06 -6.50989E+01  1.10746E+06 -6.50989E+01
    2.5717E+01  1.10746E+06 -6.50989E+01  1.10746E+06 -6.50989E+01  1.10746E+06 -6.50989E+01
    2.5750E+01  1.10746E+06 -6.50989E+01  1.10746E+06 -6.50989E+01  1.10746E+06 -6.50989E+01
    2.5783E+01  1.10776E+06 -6.51842E+01  1.10776E+06 -6.51842E+01  1.10776E+06 -6.51842E+01
    2.5815E+01  1.10776E+06 -6.51842E+01  1.10776E+06 -6.51842E+01  1.10776E+06 -6.51842E+01
    2.5848E+01  1.10776E+06 -6.51842E+01  1.10776E+06 -6.51842E+01  1.10776E+06 -6.51842E+01
    2.5881E+01  1.10776E+06 -6.51842E+01  1.10776E+06 -6.51842E+01  1.10776E+06 -6.51842E+01
    2.5914E+01  1.10776E+06 -6.51842E+01  1.10776E+06 -6.51842E+01  1.10776E+06 -6.51842E+01
    2.5946E+01  1.10776E+06 -6.51842E+01  1.10776E+06 -6.51842E+01  1.10776E+06 -6.51842E+01
    2.5979E+01  1.10776E+06 -6.51842E+01  1.10776E+06 -6.51842E+01  1.10776E+06 -6.51842E+01
    2.6012E+01  1.10776E+06 -6.51842E+01  1.10776E+06 -6.51842E+01  1.10776E+06 -6.51842E+01
    2.6045E+01  1.10793E+06 -6.52287E+01  1.10793E+06 -6.52287E+01  1.10793E+06 -6.52287E+01
    2.6077E+01  1.10793E+06 -6.52287E+01  1.10793E+06 -6.52287E+01  1.10793E+06 -6.52287E+01
    2.6110E+01  1.10793E+06 -6.52287E+01  1.10793E+06 -6.52287E+01  1.10793E+06 -6.52287E+01
    2.6143E+01  1.10793E+06 -6.52287E+01  1.10793E+06 -6.52287E+01  1.10793E+06 -6.52287E+01
    2.6176E+01  1.10793E+06 -6.52287E+01  1.10793E+06 -6.52287E+01  1.10793E+06 -6.52287E+01
    2.6208E+01  1.13128E+06 -6.66386E+01  1.13128E+06 -6.66386E+01  1.13128E+06 -6.66386E+01
    2.6241E+01  1.13128E+06 -6.66386E+01  1.13128E+06 -6.66386E+01  1.13128E+06 -6.66386E+01
    2.6274E+01  1.13128E+06 -6.66386E+01  1.13128E+06 -6.66386E+01  1.13128E+06 -6.66386E+01
    2.6307E+01  1.13128E+06 -6.66386E+01  1.13128E+06 -6.66386E+01  1.13128E+06 -6.66386E+01
    2.6340E+01  1.13128E+06 -6.66386E+01  1.13128E+06 -6.66386E+01  1.13128E+06 -6.66386E+01
    2.6372E+01  1.13128E+06 -6.66386E+01  1.13128E+06 -6.66386E+01  1.13128E+06 -6.66386E+01
    2.6405E+01  1.13128E+06 -6.66386E+01  1.13128E+06 -6.66386E+01  1.13128E+06 -6.66386E+01
    2.6438E+01  1.13128E+06 -6.66386E+01  1.13128E+06 -6.66386E+01  1.13128E+06 -6.66386E+01
    2.6471E+01  1.13128E+06 -6.66386E+01  1.13128E+06 -6.66386E+01  1.13128E+06 -6.66386E+01
    2.6503E+01  1.13128E+06 -6.66386E+01  1.13128E+06 -6.66386E+01  1.13128E+06 -6.66386E+01
    2.6536E+01  1.13128E+06 -6.66386E+01  1.13128E+06 -6.66386E+01  1.13128E+06 -6.66386E+01
    2.6569E+01  1.13128E+06 -6.66386E+01  1.13128E+06 -6.66386E+01  1.13128E+06 -6.66386E+01
    2.6602E+01  1.13128E+06 -6.66386E+01  1.13128E+06 -6.66386E+01  1.13128E+06 -6.66386E+01
    2.6634E+01  1.13128E+06 -6.66386E+01  1.13128E+06 -6.66386E+01  1.13128E+06 -6.66386E+01
    2.6667E+01  1.13128E+06 -6.66386E+01  1.13128E+06 -6.66386E+01  1.13128E+06 -6.66386E+01
    2.6700E+01  1.13128E+06 -6.66386E+01  1.13128E+06 -6.66386E+01  1.13128E+06 -6.66386E+01
    2.6733E+01  1.13128E+06 -6.66386E+01  1.13128E+06 -6.66386E+01  1.13128E+06 -6.66386E+01
    2.6765E+01  1.13128E+06 -6.66386E+01  1.13128E+06 -6.66386E+01  1.13128E+06 -6.66386E+01
    2.6798E+01  1.13128E+06 -6.66386E+01  1.13128E+06 -6.66386E+01  1.13128E+06 -6.66386E+01
    2.6831E+01  1.13128E+06 -6.66386E+01  1.13128E+06 -6.66386E+01  1.13128E+06 -6.66386E+01
    2.6864E+01  1.13128E+06 -6.66386E+01  1.13128E+06 -6.66386E+01  1.13128E+06 -6.66386E+01
    2.6896E+01  1.13128E+06 -6.66386E+01  1.13128E+06 -6.66386E+01  1.13128E+06 -6.66386E+01
    2.6929E+01  1.13128E+06 -6.66386E+01  1.13128E+06 -6.66386E+01  1.13128E+06 -6.66386E+01
    2.6962E+01  1.13128E+06 -6.66386E+01  1.13128E+06 -6.66386E+01  1.13128E+06 -6.66386E+01
    2.6995E+01  1.13128E+06 -6.66386E+01  1.13128E+06 -6.66386E+01  1.13128E+06 -6.66386E+01
    2.7027E+01  1.13128E+06 -6.66386E+01  1.13128E+06 -6.66386E+01  1.13128E+06 -6.66386E+01
    2.7060E+01  1.13128E+06 -6.66386E+01  1.13128E+06 -6.66386E+01  1.13128E+06 -6.66386E+01
    2.7093E+01  1.13128E+06 -6.66386E+01  1.13128E+06 -6.66386E+01  1.13128E+06 -6.66386E+01
    2.7126E+01  1.13128E+06 -6.66386E+01  1.13128E+06 -6.66386E+01  1.13128E+06 -6.66386E+01
    2.7159E+01  1.13128E+06 -6.66386E+01  1.13128E+06 -6.66386E+01  1.13128E+06 -6.66386E+01
    2.7191E+01  1.13128E+06 -6.66386E+01  1.13128E+06 -6.66386E+01  1.13128E+06 -6.66386E+01
    2.7224E+01  1.13128E+06 -6.66386E+01  1.13128E+06 -6.66386E+01  1.13128E+06 -6.66386E+01
    2.7257E+01  1.13128E+06 -6.66386E+01  1.13128E+06 -6.66386E+01  1.13128E+06 -6.66386E+01
    2.7290E+01  1.21316E+06 -6.83363E+01  1.21316E+06 -6.83363E+01  1.21316E+06 -6.83363E+01
    2.7322E+01  1.21316E+06 -6.83363E+01  1.21316E+06 -6.83363E+01  1.21316E+06 -6.83363E+01
    2.7355E+01  1.21316E+06 -6.83363E+01  1.21316E+06 -6.83363E+01  1.21316E+06 -6.83363E+01
    2.7388E+01  1.21316E+06 -6.83363E+01  1.21316E+06 -6.83363E+01  1.21316E+06 -6.83363E+01
    2.7421E+01  1.21316E+06 -6.83363E+01  1.21316E+06 -6.83363E+01  1.21316E+06 -6.83363E+01
    2.7453E+01  1.21316E+06 -6.83363E+01  1.21316E+06 -6.83363E+01  1.21316E+06 -6.83363E+01
    2.7486E+01  1.21316E+06 -6.83363E+01  1.21316E+06 -6.83363E+01  1.21316E+06 -6.83363E+01
    2.7519E+01  1.21316E+06 -6.83363E+01  1.21316E+06 -6.83363E+01  1.21316E+06 -6.83363E+01
    2.7552E+01  1.21316E+06 -6.83363E+01  1.21316E+06 -6.83363E+01  1.21316E+06 -6.83363E+01
    2.7584E+01  1.21316E+06 -6.83363E+01  1.21316E+06 -6.83363E+01  1.21316E+06 -6.83363E+01
    2.7617E+01  1.21316E+06 -6.83363E+01  1.21316E+06 -6.83363E+01  1.21316E+06 -6.83363E+01
    2.7650E+01  1.21316E+06 -6.83363E+01  1.21316E+06 -6.83363E+01  1.21316E+06 -6.83363E+01
    2.7683E+01  1.21316E+06 -6.83363E+01  1.21316E+06 -6.83363E+01  1.21316E+06 -6.83363E+01
    2.7715E+01  1.21316E+06 -6.83363E+01  1.21316E+06 -6.83363E+01  1.21316E+06 -6.83363E+01
    2.7748E+01  1.21316E+06 -6.83363E+01  1.21316E+06 -6.83363E+01  1.21316E+06 -6.83363E+01
    2.7781E+01  1.21316E+06 -6.83363E+01  1.21316E+06 -6.83363E+01  1.21316E+06 -6.83363E+01
    2.7814E+01  1.21316E+06 -6.83363E+01  1.21316E+06 -6.83363E+01  1.21316E+06 -6.83363E+01
    2.7847E+01  1.21316E+06 -6.83363E+01  1.21316E+06 -6.83363E+01  1.21316E+06 -6.83363E+01
    2.7879E+01  1.21316E+06 -6.83363E+01  1.21316E+06 -6.83363E+01  1.21316E+06 -6.83363E+01
    2.7912E+01  1.21316E+06 -6.83363E+01  1.21316E+06 -6.83363E+01  1.21316E+06 -6.83363E+01
    2.7945E+01  1.21316E+06 -6.83363E+01  1.21316E+06 -6.83363E+01  1.21316E+06 -6.83363E+01
    2.7978E+01  1.21316E+06 -6.83363E+01  1.21316E+06 -6.83363E+01  1.21316E+06 -6.83363E+01
    2.8010E+01  1.21316E+06 -6.83363E+01  1.21316E+06 -6.83363E+01  1.21316E+06 -6.83363E+01
    2.8043E+01  1.21340E+06 -6.84071E+01  1.21340E+06 -6.84071E+01  1.21340E+06 -6.84071E+01
    2.8076E+01  1.21340E+06 -6.84071E+01  1.21340E+06 -6.84071E+01  1.21340E+06 -6.84071E+01
    2.8109E+01  1.21340E+06 -6.84071E+01  1.21340E+06 -6.84071E+01  1.21340E+06 -6.84071E+01
    2.8141E+01  1.21340E+06 -6.84071E+01  1.21340E+06 -6.84071E+01  1.21340E+06 -6.84071E+01
    2.8174E+01  1.21340E+06 -6.84071E+01  1.21340E+06 -6.84071E+01  1.21340E+06 -6.84071E+01
    2.8207E+01  1.21340E+06 -6.84071E+01  1.21340E+06 -6.84071E+01  1.21340E+06 -6.84071E+01
    2.8240E+01  1.21340E+06 -6.84071E+01  1.21340E+06 -6.84071E+01  1.21340E+06 -6.84071E+01
    2.8272E+01  1.21340E+06 -6.84071E+01  1.21340E+06 -6.84071E+01  1.21340E+06 -6.84071E+01
    2.8305E+01  1.21340E+06 -6.84071E+01  1.21340E+06 -6.84071E+01  1.21340E+06 -6.84071E+01
    2.8338E+01  1.21340E+06 -6.84071E+01  1.21340E+06 -6.84071E+01  1.21340E+06 -6.84071E+01
    2.8371E+01  1.21340E+06 -6.84071E+01  1.21340E+06 -6.84071E+01  1.21340E+06 -6.84071E+01
    2.8403E+01  1.21340E+06 -6.84071E+01  1.21340E+06 -6.84071E+01  1.21340E+06 -6.84071E+01
    2.8436E+01  1.21340E+06 -6.84071E+01  1.21340E+06 -6.84071E+01  1.21340E+06 -6.84071E+01
    2.8469E+01  1.21340E+06 -6.84071E+01  1.21340E+06 -6.84071E+01  1.21340E+06 -6.84071E+01
    2.8502E+01  1.21340E+06 -6.84071E+01  1.21340E+06 -6.84071E+01  1.21340E+06 -6.84071E+01
    2.8534E+01  1.21340E+06 -6.84071E+01  1.21340E+06 -6.84071E+01  1.21340E+06 -6.84071E+01
    2.8567E+01  1.21340E+06 -6.84071E+01  1.21340E+06 -6.84071E+01  1.21340E+06 -6.84071E+01
    2.8600E+01  1.21340E+06 -6.84071E+01  1.21340E+06 -6.84071E+01  1.21340E+06 -6.84071E+01
    2.8633E+01  1.21340E+06 -6.84071E+01  1.21340E+06 -6.84071E+01  1.21340E+06 -6.84071E+01
    2.8666E+01  1.21340E+06 -6.84071E+01  1.21340E+06 -6.84071E+01  1.21340E+06 -6.84071E+01
    2.8698E+01  1.21340E+06 -6.84071E+01  1.21340E+06 -6.84071E+01  1.21340E+06 -6.84071E+01
    2.8731E+01  1.21340E+06 -6.84071E+01  1.21340E+06 -6.84071E+01  1.21340E+06 -6.84071E+01
    2.8764E+01  1.21340E+06 -6.84071E+01  1.21340E+06 -6.84071E+01  1.21340E+06 -6.84071E+01
    2.8797E+01  1.21340E+06 -6.84071E+01  1.21340E+06 -6.84071E+01  1.21340E+06 -6.84071E+01
    2.8829E+01  1.21340E+06 -6.84071E+01  1.21340E+06 -6.84071E+01  1.21340E+06 -6.84071E+01
    2.8862E+01  1.21340E+06 -6.84071E+01  1.21340E+06 -6.84071E+01  1.21340E+06 -6.84071E+01
    2.8895E+01  1.21340E+06 -6.84071E+01  1.21340E+06 -6.84071E+01  1.21340E+06 -6.84071E+01
    2.8928E+01  1.21340E+06 -6.84071E+01  1.21340E+06 -6.84071E+01  1.21340E+06 -6.84071E+01
    2.8960E+01  1.25724E+06 -7.18192E+01  1.25724E+06 -7.18192E+01  1.25724E+06 -7.18192E+01
    2.8993E+01  1.25724E+06 -7.18192E+01  1.25724E+06 -7.18192E+01  1.25724E+06 -7.18192E+01
    2.9026E+01  1.25724E+06 -7.18192E+01  1.25724E+06 -7.18192E+01  1.25724E+06 -7.18192E+01
    2.9059E+01  1.25724E+06 -7.18192E+01  1.25724E+06 -7.18192E+01  1.25724E+06 -7.18192E+01
    2.9091E+01  1.25724E+06 -7.18192E+01  1.25724E+06 -7.18192E+01  1.25724E+06 -7.18192E+01
    2.9124E+01  1.25724E+06 -7.18192E+01  1.25724E+06 -7.18192E+01  1.25724E+06 -7.18192E+01
    2.9157E+01  1.25724E+06 -7.18192E+01  1.25724E+06 -7.18192E+01  1.25724E+06 -7.18192E+01
    2.9190E+01  1.25724E+06 -7.18192E+01  1.25724E+06 -7.18192E+01  1.25724E+06 -7.18192E+01
    2.9222E+01  1.25724E+06 -7.18192E+01  1.25724E+06 -7.18192E+01  1.25724E+06 -7.18192E+01
    2.9255E+01  1.25724E+06 -7.18192E+01  1.25724E+06 -7.18192E+01  1.25724E+06 -7.18192E+01
    2.9288E+01  1.25724E+06 -7.18192E+01  1.25724E+06 -7.18192E+01  1.25724E+06 -7.18192E+01
    2.9321E+01  1.25724E+06 -7.18192E+01  1.25724E+06 -7.18192E+01  1.25724E+06 -7.18192E+01
    2.9354E+01  1.25724E+06 -7.18192E+01  1.25724E+06 -7.18192E+01  1.25724E+06 -7.18192E+01
    2.9386E+01  1.25724E+06 -7.18192E+01  1.25724E+06 -7.18192E+01  1.25724E+06 -7.18192E+01
    2.9419E+01  1.25724E+06 -7.18192E+01  1.25724E+06 -7.18192E+01  1.25724E+06 -7.18192E+01
    2.9452E+01  1.25724E+06 -7.18192E+01  1.25724E+06 -7.18192E+01  1.25724E+06 -7.18192E+01
    2.9485E+01  1.25724E+06 -7.18192E+01  1.25724E+06 -7.18192E+01  1.25724E+06 -7.18192E+01
    2.9517E+01  1.25724E+06 -7.18192E+01  1.25724E+06 -7.18192E+01  1.25724E+06 -7.18192E+01
    2.9550E+01  1.32793E+06 -7.49458E+01  1.32793E+06 -7.49458E+01  1.32793E+06 -7.49458E+01
    2.9583E+01  1.32793E+06 -7.49458E+01  1.32793E+06 -7.49458E+01  1.32793E+06 -7.49458E+01
    2.9616E+01  1.32793E+06 -7.49458E+01  1.32793E+06 -7.49458E+01  1.32793E+06 -7.49458E+01
    2.9648E+01  1.32793E+06 -7.49458E+01  1.32793E+06 -7.49458E+01  1.32793E+06 -7.49458E+01
    2.9681E+01  1.32793E+06 -7.49458E+01  1.32793E+06 -7.49458E+01  1.32793E+06 -7.49458E+01
    2.9714E+01  1.32793E+06 -7.49458E+01  1.32793E+06 -7.49458E+01  1.32793E+06 -7.49458E+01
    2.9747E+01  1.32793E+06 -7.49458E+01  1.32793E+06 -7.49458E+01  1.32793E+06 -7.49458E+01
    2.9779E+01  1.32793E+06 -7.49458E+01  1.32793E+06 -7.49458E+01  1.32793E+06 -7.49458E+01
    2.9812E+01  1.32793E+06 -7.49458E+01  1.32793E+06 -7.49458E+01  1.32793E+06 -7.49458E+01
    2.9845E+01  1.32793E+06 -7.49458E+01  1.32793E+06 -7.49458E+01  1.32793E+06 -7.49458E+01
    2.9878E+01  1.32793E+06 -7.49458E+01  1.32793E+06 -7.49458E+01  1.32793E+06 -7.49458E+01
    2.9910E+01  1.32793E+06 -7.49458E+01  1.32793E+06 -7.49458E+01  1.32793E+06 -7.49458E+01
    2.9943E+01  1.32793E+06 -7.49458E+01  1.32793E+06 -7.49458E+01  1.32793E+06 -7.49458E+01
    2.9976E+01  1.32793E+06 -7.49458E+01  1.32793E+06 -7.49458E+01  1.32793E+06 -7.49458E+01
    3.0009E+01  1.32793E+06 -7.49458E+01  1.32793E+06 -7.49458E+01  1.32793E+06 -7.49458E+01
    3.0041E+01  1.32793E+06 -7.49458E+01  1.32793E+06 -7.49458E+01  1.32793E+06 -7.49458E+01
    3.0074E+01  1.32793E+06 -7.49458E+01  1.32793E+06 -7.49458E+01  1.32793E+06 -7.49458E+01
    3.0107E+01  1.32793E+06 -7.49458E+01  1.32793E+06 -7.49458E+01  1.32793E+06 -7.49458E+01
    3.0140E+01  1.32793E+06 -7.49458E+01  1.32793E+06 -7.49458E+01  1.32793E+06 -7.49458E+01
    3.0173E+01  1.32793E+06 -7.49458E+01  1.32793E+06 -7.49458E+01  1.32793E+06 -7.49458E+01
    3.0205E+01  1.32793E+06 -7.49458E+01  1.32793E+06 -7.49458E+01  1.32793E+06 -7.49458E+01
    3.0238E+01  1.32793E+06 -7.49458E+01  1.32793E+06 -7.49458E+01  1.32793E+06 -7.49458E+01
    3.0271E+01  1.32793E+06 -7.49458E+01  1.32793E+06 -7.49458E+01  1.32793E+06 -7.49458E+01
    3.0304E+01  1.32793E+06 -7.49458E+01  1.32793E+06 -7.49458E+01  1.32793E+06 -7.49458E+01
    3.0336E+01  1.32793E+06 -7.49458E+01  1.32793E+06 -7.49458E+01  1.32793E+06 -7.49458E+01
    3.0369E+01  1.32793E+06 -7.49458E+01  1.32793E+06 -7.49458E+01  1.32793E+06 -7.49458E+01
    3.0402E+01  1.32793E+06 -7.49458E+01  1.32793E+06 -7.49458E+01  1.32793E+06 -7.49458E+01
    3.0435E+01  1.32793E+06 -7.49458E+01  1.32793E+06 -7.49458E+01  1.32793E+06 -7.49458E+01
    3.0467E+01  1.32793E+06 -7.49458E+01  1.32793E+06 -7.49458E+01  1.32793E+06 -7.49458E+01
    3.0500E+01  1.32793E+06 -7.49458E+01  1.32793E+06 -7.49458E+01  1.32793E+06 -7.49458E+01
    3.0533E+01  1.32793E+06 -7.49458E+01  1.32793E+06 -7.49458E+01  1.32793E+06 -7.49458E+01
    3.0566E+01  1.32793E+06 -7.49458E+01  1.32793E+06 -7.49458E+01  1.32793E+06 -7.49458E+01
    3.0598E+01  1.32793E+06 -7.49458E+01  1.32793E+06 -7.49458E+01  1.32793E+06 -7.49458E+01
    3.0631E+01  1.32793E+06 -7.49458E+01  1.32793E+06 -7.49458E+01  1.32793E+06 -7.49458E+01
    3.0664E+01  1.32793E+06 -7.49458E+01  1.32793E+06 -7.49458E+01  1.32793E+06 -7.49458E+01
    3.0697E+01  1.32793E+06 -7.49458E+01  1.32793E+06 -7.49458E+01  1.32793E+06 -7.49458E+01
    3.0729E+01  1.32793E+06 -7.49458E+01  1.32793E+06 -7.49458E+01  1.32793E+06 -7.49458E+01
    3.0762E+01  1.32793E+06 -7.49458E+01  1.32793E+06 -7.49458E+01  1.32793E+06 -7.49458E+01
    3.0795E+01  1.32793E+06 -7.49458E+01  1.32793E+06 -7.49458E+01  1.32793E+06 -7.49458E+01
    3.0828E+01  1.32793E+06 -7.49458E+01  1.32793E+06 -7.49458E+01  1.32793E+06 -7.49458E+01
    3.0860E+01  1.32793E+06 -7.49458E+01  1.32793E+06 -7.49458E+01  1.32793E+06 -7.49458E+01
    3.0893E+01  1.32793E+06 -7.49458E+01  1.32793E+06 -7.49458E+01  1.32793E+06 -7.49458E+01
    3.0926E+01  1.32793E+06 -7.49458E+01  1.32793E+06 -7.49458E+01  1.32793E+06 -7.49458E+01
    3.0959E+01  1.32793E+06 -7.49458E+01  1.32793E+06 -7.49458E+01  1.32793E+06 -7.49458E+01
    3.0992E+01  1.32793E+06 -7.49458E+01  1.32793E+06 -7.49458E+01  1.32793E+06 -7.49458E+01
    3.1024E+01  1.32793E+06 -7.49458E+01  1.32793E+06 -7.49458E+01  1.32793E+06 -7.49458E+01
    3.1057E+01  1.32793E+06 -7.49458E+01  1.32793E+06 -7.49458E+01  1.32793E+06 -7.49458E+01
    3.1090E+01  1.32793E+06 -7.49458E+01  1.32793E+06 -7.49458E+01  1.32793E+06 -7.49458E+01
    3.1123E+01  1.32793E+06 -7.49458E+01  1.32793E+06 -7.49458E+01  1.32793E+06 -7.49458E+01
    3.1155E+01  1.32793E+06 -7.49458E+01  1.32793E+06 -7.49458E+01  1.32793E+06 -7.49458E+01
    3.1188E+01  1.32793E+06 -7.49458E+01  1.32793E+06 -7.49458E+01  1.32793E+06 -7.49458E+01
    3.1221E+01  1.32793E+06 -7.49458E+01  1.32793E+06 -7.49458E+01  1.32793E+06 -7.49458E+01
    3.1254E+01  1.32793E+06 -7.49458E+01  1.32793E+06 -7.49458E+01  1.32793E+06 -7.49458E+01
    3.1286E+01  1.32793E+06 -7.49458E+01  1.32793E+06 -7.49458E+01  1.32793E+06 -7.49458E+01
    3.1319E+01  1.32793E+06 -7.49458E+01  1.32793E+06 -7.49458E+01  1.32793E+06 -7.49458E+01
    3.1352E+01  1.32793E+06 -7.49458E+01  1.32793E+06 -7.49458E+01  1.32793E+06 -7.49458E+01
    3.1385E+01  1.32793E+06 -7.49458E+01  1.32793E+06 -7.49458E+01  1.32793E+06 -7.49458E+01
    3.1417E+01  1.32793E+06 -7.49458E+01  1.32793E+06 -7.49458E+01  1.32793E+06 -7.49458E+01
    3.1450E+01  1.32793E+06 -7.49458E+01  1.32793E+06 -7.49458E+01  1.32793E+06 -7.49458E+01
    3.1483E+01  1.32793E+06 -7.49458E+01  1.32793E+06 -7.49458E+01  1.32793E+06 -7.49458E+01
    3.1516E+01  1.32793E+06 -7.49458E+01  1.32793E+06 -7.49458E+01  1.32793E+06 -7.49458E+01
    3.1548E+01  1.32793E+06 -7.49458E+01  1.32793E+06 -7.49458E+01  1.32793E+06 -7.49458E+01
    3.1581E+01  1.32793E+06 -7.49458E+01  1.32793E+06 -7.49458E+01  1.32793E+06 -7.49458E+01
    3.1614E+01  1.32793E+06 -7.49458E+01  1.32793E+06 -7.49458E+01  1.32793E+06 -7.49458E+01
    3.1647E+01  1.32793E+06 -7.49458E+01  1.32793E+06 -7.49458E+01  1.32793E+06 -7.49458E+01
    3.1680E+01  1.32793E+06 -7.49458E+01  1.32793E+06 -7.49458E+01  1.32793E+06 -7.49458E+01
    3.1712E+01  1.32793E+06 -7.49458E+01  1.32793E+06 -7.49458E+01  1.32793E+06 -7.49458E+01
    3.1745E+01  1.32793E+06 -7.49458E+01  1.32793E+06 -7.49458E+01  1.32793E+06 -7.49458E+01
    3.1778E+01  1.32793E+06 -7.49458E+01  1.32793E+06 -7.49458E+01  1.32793E+06 -7.49458E+01
    3.1811E+01  1.32793E+06 -7.49458E+01  1.32793E+06 -7.49458E+01  1.32793E+06 -7.49458E+01
    3.1843E+01  1.32793E+06 -7.49458E+01  1.32793E+06 -7.49458E+01  1.32793E+06 -7.49458E+01
    3.1876E+01  1.32793E+06 -7.49458E+01  1.32793E+06 -7.49458E+01  1.32793E+06 -7.49458E+01
    3.1909E+01  1.32793E+06 -7.49458E+01  1.32793E+06 -7.49458E+01  1.32793E+06 -7.49458E+01
    3.1942E+01  1.32793E+06 -7.49458E+01  1.32793E+06 -7.49458E+01  1.32793E+06 -7.49458E+01
    3.1974E+01  1.32793E+06 -7.49458E+01  1.32793E+06 -7.49458E+01  1.32793E+06 -7.49458E+01
    3.2007E+01  1.32793E+06 -7.49458E+01  1.32793E+06 -7.49458E+01  1.32793E+06 -7.49458E+01
    3.2040E+01  1.32793E+06 -7.49458E+01  1.32793E+06 -7.49458E+01  1.32793E+06 -7.49458E+01
    3.2073E+01  1.32793E+06 -7.49458E+01  1.32793E+06 -7.49458E+01  1.32793E+06 -7.49458E+01
    3.2105E+01  1.32793E+06 -7.49458E+01  1.32793E+06 -7.49458E+01  1.32793E+06 -7.49458E+01
    3.2138E+01  1.32793E+06 -7.49458E+01  1.32793E+06 -7.49458E+01  1.32793E+06 -7.49458E+01
    3.2171E+01  1.32793E+06 -7.49458E+01  1.32793E+06 -7.49458E+01  1.32793E+06 -7.49458E+01
    3.2204E+01  1.32793E+06 -7.49458E+01  1.32793E+06 -7.49458E+01  1.32793E+06 -7.49458E+01
    3.2236E+01  1.32793E+06 -7.49458E+01  1.32793E+06 -7.49458E+01  1.32793E+06 -7.49458E+01
    3.2269E+01  1.32793E+06 -7.49458E+01  1.32793E+06 -7.49458E+01  1.32793E+06 -7.49458E+01
    3.2302E+01  1.32793E+06 -7.49458E+01  1.32793E+06 -7.49458E+01  1.32793E+06 -7.49458E+01
    3.2335E+01  1.32793E+06 -7.49458E+01  1.32793E+06 -7.49458E+01  1.32793E+06 -7.49458E+01
    3.2367E+01  1.37938E+06 -7.55095E+01  1.37938E+06 -7.55095E+01  1.37938E+06 -7.55095E+01
    3.2400E+01  1.37938E+06 -7.55095E+01  1.37938E+06 -7.55095E+01  1.37938E+06 -7.55095E+01
    3.2433E+01  1.37938E+06 -7.55095E+01  1.37938E+06 -7.55095E+01  1.37938E+06 -7.55095E+01
    3.2466E+01  1.37938E+06 -7.55095E+01  1.37938E+06 -7.55095E+01  1.37938E+06 -7.55095E+01
    3.2499E+01  1.37938E+06 -7.55095E+01  1.37938E+06 -7.55095E+01  1.37938E+06 -7.55095E+01
    3.2531E+01  1.47123E+06 -7.90632E+01  1.47123E+06 -7.90632E+01  1.47123E+06 -7.90632E+01
    3.2564E+01  1.47123E+06 -7.90632E+01  1.47123E+06 -7.90632E+01  1.47123E+06 -7.90632E+01
    3.2597E+01  1.47123E+06 -7.90632E+01  1.47123E+06 -7.90632E+01  1.47123E+06 -7.90632E+01
    3.2630E+01  1.47123E+06 -7.90632E+01  1.47123E+06 -7.90632E+01  1.47123E+06 -7.90632E+01
    3.2662E+01  1.47123E+06 -7.90632E+01  1.47123E+06 -7.90632E+01  1.47123E+06 -7.90632E+01
    3.2695E+01  1.47123E+06 -7.90632E+01  1.47123E+06 -7.90632E+01  1.47123E+06 -7.90632E+01
    3.2728E+01  1.47123E+06 -7.90632E+01  1.47123E+06 -7.90632E+01  1.47123E+06 -7.90632E+01
