    0.0000E+00  0.00000E+00  0.00000E+00  0.00000E+00  0.00000E+00
    3.2761E-02  0.00000E+00  0.00000E+00  0.00000E+00  0.00000E+00
    6.5521E-02  0.00000E+00  0.00000E+00  0.00000E+00  0.00000E+00
    9.8282E-02  0.00000E+00  0.00000E+00  0.00000E+00  0.00000E+00
    1.3104E-01  0.00000E+00  0.00000E+00  0.00000E+00  0.00000E+00
    1.6380E-01  0.00000E+00  0.00000E+00  0.00000E+00  0.00000E+00
    1.9656E-01  6.38105E-08  6.38105E-08  0.00000E+00  0.00000E+00
    2.2932E-01  6.38105E-08  6.38105E-08  0.00000E+00  0.00000E+00
    2.6208E-01  6.38105E-08  6.38105E-08  0.00000E+00  0.00000E+00
    2.9485E-01  6.38105E-08  6.38105E-08  0.00000E+00  0.00000E+00
    3.2761E-01  6.38105E-08  6.38105E-08  0.00000E+00  0.00000E+00
    3.6037E-01  6.38105E-08  6.38105E-08  0.00000E+00  0.00000E+00
    3.9313E-01  6.38105E-08  6.38105E-08  0.00000E+00  0.00000E+00
    4.2589E-01  6.38105E-08  6.38105E-08  0.00000E+00  0.00000E+00
    4.5865E-01  6.38105E-08  6.38105E-08  0.00000E+00  0.00000E+00
    4.9141E-01  6.38105E-08  6.38105E-08  0.00000E+00  0.00000E+00
    5.2417E-01  6.38105E-08  6.38105E-08  0.00000E+00  0.00000E+00
    5.5693E-01  6.38105E-08  6.38105E-08  0.00000E+00  0.00000E+00
    5.8969E-01  6.38105E-08  6.38105E-08  0.00000E+00  0.00000E+00
    6.2245E-01  6.38105E-08  6.38105E-08  0.00000E+00  0.00000E+00
    6.5521E-01  6.38105E-08  6.38105E-08  0.00000E+00  0.00000E+00
    6.8797E-01  6.38105E-08  6.38105E-08  0.00000E+00  0.00000E+00
    7.2073E-01  6.38105E-08  6.38105E-08  0.00000E+00  0.00000E+00
    7.5349E-01  6.38105E-08  6.38105E-08  0.00000E+00  0.00000E+00
    7.8625E-01  6.38105E-08  6.38105E-08  0.00000E+00  0.00000E+00
    8.1902E-01  6.38105E-08  6.38105E-08  0.00000E+00  0.00000E+00
    8.5178E-01  6.38105E-08  6.38105E-08  0.00000E+00  0.00000E+00
    8.8454E-01  6.38105E-08  6.38105E-08  0.00000E+00  0.00000E+00
    9.1730E-01  6.38105E-08  6.38105E-08  0.00000E+00  0.00000E+00
    9.5006E-01  6.38105E-08  6.38105E-08  0.00000E+00  0.00000E+00
    9.8282E-01  6.38105E-08  6.38105E-08  0.00000E+00  0.00000E+00
    1.0156E+00  6.38105E-08  6.38105E-08  0.00000E+00  0.00000E+00
    1.0483E+00  6.38105E-08  6.38105E-08  0.00000E+00  0.00000E+00
    1.0811E+00  6.38105E-08  6.38105E-08  0.00000E+00  0.00000E+00
    1.1139E+00  6.38105E-08  6.38105E-08  0.00000E+00  0.00000E+00
    1.1466E+00  6.38105E-08  6.38105E-08  0.00000E+00  0.00000E+00
    1.1794E+00  6.38105E-08  6.38105E-08  0.00000E+00  0.00000E+00
    1.2121E+00  6.38105E-08  6.38105E-08  0.00000E+00  0.00000E+00
    1.2449E+00  6.38105E-08  6.38105E-08  0.00000E+00  0.00000E+00
    1.2777E+00  6.38105E-08  6.38105E-08  0.00000E+00  0.00000E+00
    1.3104E+00  6.38105E-08  6.38105E-08  0.00000E+00  0.00000E+00
    1.3432E+00  6.38105E-08  6.38105E-08  0.00000E+00  0.00000E+00
    1.3759E+00  6.38105E-08  6.38105E-08  0.00000E+00  0.00000E+00
    1.4087E+00  6.38105E-08  6.38105E-08  0.00000E+00  0.00000E+00
    1.4415E+00  6.38105E-08  6.38105E-08  0.00000E+00  0.00000E+00
    1.4742E+00  6.38105E-08  6.38105E-08  0.00000E+00  0.00000E+00
    1.5070E+00  6.38105E-08  6.38105E-08  0.00000E+00  0.00000E+00
    1.5397E+00  6.38105E-08  6.38105E-08  0.00000E+00  0.00000E+00
    1.5725E+00  6.38105E-08  6.38105E-08  0.00000E+00  0.00000E+00
    1.6053E+00  6.38105E-08  6.38105E-08  0.00000E+00  0.00000E+00
    1.6380E+00  6.38105E-08  6.38105E-08  0.00000E+00  0.00000E+00
    1.6708E+00  6.38105E-08  6.38105E-08  0.00000E+00  0.00000E+00
    1.7036E+00  6.38105E-08  6.38105E-08  0.00000E+00  0.00000E+00
    1.7363E+00  6.38105E-08  6.38105E-08  0.00000E+00  0.00000E+00
    1.7691E+00  6.38105E-08  6.38105E-08  0.00000E+00  0.00000E+00
    1.8018E+00  6.38105E-08  6.38105E-08  0.00000E+00  0.00000E+00
    1.8346E+00  6.38105E-08  6.38105E-08  0.00000E+00  0.00000E+00
    1.8674E+00  6.38105E-08  6.38105E-08  0.00000E+00  0.00000E+00
    1.9001E+00  6.38105E-08  6.38105E-08  0.00000E+00  0.00000E+00
    1.9329E+00  6.38105E-08  6.38105E-08  0.00000E+00  0.00000E+00
    1.9656E+00  6.38105E-08  6.38105E-08  0.00000E+00  0.00000E+00
    1.9984E+00  6.38105E-08  6.38105E-08  0.00000E+00  0.00000E+00
    2.0312E+00  6.38105E-08  6.38105E-08  0.00000E+00  0.00000E+00
    2.0639E+00  6.38105E-08  6.38105E-08  0.00000E+00  0.00000E+00
    2.0967E+00  6.38105E-08  6.38105E-08  0.00000E+00  0.00000E+00
    2.1294E+00  6.38105E-08  6.38105E-08  0.00000E+00  0.00000E+00
    2.1622E+00  6.38105E-08  6.38105E-08  0.00000E+00  0.00000E+00
    2.1950E+00  6.38105E-08  6.38105E-08  0.00000E+00  0.00000E+00
    2.2277E+00  6.38105E-08  6.38105E-08  0.00000E+00  0.00000E+00
    2.2605E+00  6.38105E-08  6.38105E-08  0.00000E+00  0.00000E+00
    2.2932E+00  6.38105E-08  6.38105E-08  0.00000E+00  0.00000E+00
    2.3260E+00  6.38105E-08  6.38105E-08  0.00000E+00  0.00000E+00
    2.3588E+00  6.38105E-08  6.38105E-08  0.00000E+00  0.00000E+00
    2.3915E+00  6.38105E-08  6.38105E-08  0.00000E+00  0.00000E+00
    2.4243E+00  6.38105E-08  6.38105E-08  0.00000E+00  0.00000E+00
    2.4570E+00  6.38105E-08  6.38105E-08  0.00000E+00  0.00000E+00
    2.4898E+00  6.38105E-08  6.38105E-08  0.00000E+00  0.00000E+00
    2.5226E+00  6.38105E-08  6.38105E-08  0.00000E+00  0.00000E+00
    2.5553E+00  6.38105E-08  6.38105E-08  0.00000E+00  0.00000E+00
    2.5881E+00  6.38105E-08  6.38105E-08  0.00000E+00  0.00000E+00
    2.6208E+00  6.38105E-08  6.38105E-08  0.00000E+00  0.00000E+00
    2.6536E+00  6.38105E-08  6.38105E-08  0.00000E+00  0.00000E+00
    2.6864E+00  6.38105E-08  6.38105E-08  0.00000E+00  0.00000E+00
    2.7191E+00  6.38105E-08  6.38105E-08  0.00000E+00  0.00000E+00
    2.7519E+00  5.49024E-03  6.38105E-08  0.00000E+00  0.00000E+00
    2.7847E+00  5.49024E-03  6.38105E-08  0.00000E+00  0.00000E+00
    2.8174E+00  5.49024E-03  6.38105E-08  0.00000E+00  0.00000E+00
    2.8502E+00  5.68939E-03  1.99222E-04  0.00000E+00  0.00000E+00
    2.8829E+00  5.68939E-03  1.99222E-04  0.00000E+00  0.00000E+00
    2.9157E+00  5.68939E-03  1.99222E-04  0.00000E+00  0.00000E+00
    2.9485E+00  5.68939E-03  1.99222E-04  0.00000E+00  0.00000E+00
    2.9812E+00  5.68939E-03  1.99222E-04  0.00000E+00  0.00000E+00
    3.0140E+00  5.68939E-03  1.99222E-04  0.00000E+00  0.00000E+00
    3.0467E+00  5.68939E-03  1.99222E-04  0.00000E+00  0.00000E+00
    3.0795E+00  5.68939E-03  1.99222E-04  0.00000E+00  0.00000E+00
    3.1123E+00  5.68939E-03  1.99222E-04  0.00000E+00  0.00000E+00
    3.1450E+00  5.68939E-03  1.99222E-04  0.00000E+00  0.00000E+00
    3.1778E+00  5.68939E-03  1.99222E-04  0.00000E+00  0.00000E+00
    3.2105E+00  5.68939E-03  1.99222E-04  0.00000E+00  0.00000E+00
    3.2433E+00  5.68939E-03  1.99222E-04  0.00000E+00  0.00000E+00
    3.2761E+00  5.68939E-03  1.99222E-04  0.00000E+00  0.00000E+00
    3.3088E+00  5.68939E-03  1.99222E-04  0.00000E+00  0.00000E+00
    3.3416E+00  5.74307E-03  2.52893E-04  0.00000E+00  0.00000E+00
    3.3743E+00  5.74307E-03  2.52893E-04  0.00000E+00  0.00000E+00
    3.4071E+00  5.74307E-03  2.52893E-04  0.00000E+00  0.00000E+00
    3.4399E+00  5.74307E-03  2.52893E-04  0.00000E+00  0.00000E+00
    3.4726E+00  5.74307E-03  2.52893E-04  0.00000E+00  0.00000E+00
    3.5054E+00  5.74307E-03  2.52893E-04  0.00000E+00  0.00000E+00
    3.5381E+00  5.74307E-03  2.52893E-04  0.00000E+00  0.00000E+00
    3.5709E+00  5.74307E-03  2.52893E-04  0.00000E+00  0.00000E+00
    3.6037E+00  5.74307E-03  2.52893E-04  0.00000E+00  0.00000E+00
    3.6364E+00  5.74307E-03  2.52893E-04  0.00000E+00  0.00000E+00
    3.6692E+00  5.74307E-03  2.52893E-04  0.00000E+00  0.00000E+00
    3.7019E+00  5.74307E-03  2.52893E-04  0.00000E+00  0.00000E+00
    3.7347E+00  5.74307E-03  2.52893E-04  0.00000E+00  0.00000E+00
    3.7675E+00  5.74307E-03  2.52893E-04  0.00000E+00  0.00000E+00
    3.8002E+00  5.74307E-03  2.52893E-04  0.00000E+00  0.00000E+00
    3.8330E+00  5.74307E-03  2.52893E-04  0.00000E+00  0.00000E+00
    3.8658E+00  5.74307E-03  2.52893E-04  0.00000E+00  0.00000E+00
    3.8985E+00  5.74307E-03  2.52893E-04  0.00000E+00  0.00000E+00
    3.9313E+00  5.74307E-03  2.52893E-04  0.00000E+00  0.00000E+00
    3.9640E+00  5.74307E-03  2.52893E-04  0.00000E+00  0.00000E+00
    3.9968E+00  5.74307E-03  2.52893E-04  0.00000E+00  0.00000E+00
    4.0296E+00  5.74307E-03  2.52893E-04  0.00000E+00  0.00000E+00
    4.0623E+00  5.74307E-03  2.52893E-04  0.00000E+00  0.00000E+00
    4.0951E+00  5.74307E-03  2.52893E-04  0.00000E+00  0.00000E+00
    4.1278E+00  5.74307E-03  2.52893E-04  0.00000E+00  0.00000E+00
    4.1606E+00  5.74307E-03  2.52893E-04  0.00000E+00  0.00000E+00
    4.1934E+00  5.74307E-03  2.52893E-04  0.00000E+00  0.00000E+00
    4.2261E+00  5.74307E-03  2.52893E-04  0.00000E+00  0.00000E+00
    4.2589E+00  5.74307E-03  2.52893E-04  0.00000E+00  0.00000E+00
    4.2916E+00  5.74307E-03  2.52893E-04  0.00000E+00  0.00000E+00
    4.3244E+00  5.74307E-03  2.52893E-04  0.00000E+00  0.00000E+00
    4.3572E+00  5.74307E-03  2.52893E-04  0.00000E+00  0.00000E+00
    4.3899E+00  5.74307E-03  2.52893E-04  0.00000E+00  0.00000E+00
    4.4227E+00  5.74307E-03  2.52893E-04  0.00000E+00  0.00000E+00
    4.4554E+00  5.74307E-03  2.52893E-04  0.00000E+00  0.00000E+00
    4.4882E+00  5.74307E-03  2.52893E-04  0.00000E+00  0.00000E+00
    4.5210E+00  5.74307E-03  2.52893E-04  0.00000E+00  0.00000E+00
    4.5537E+00  5.74307E-03  2.52893E-04  0.00000E+00  0.00000E+00
    4.5865E+00  5.74307E-03  2.52893E-04  0.00000E+00  0.00000E+00
    4.6192E+00  5.74307E-03  2.52893E-04  0.00000E+00  0.00000E+00
    4.6520E+00  5.74307E-03  2.52893E-04  0.00000E+00  0.00000E+00
    4.6848E+00  5.74307E-03  2.52893E-04  0.00000E+00  0.00000E+00
    4.7175E+00  5.74307E-03  2.52893E-04  0.00000E+00  0.00000E+00
    4.7503E+00  5.74307E-03  2.52893E-04  0.00000E+00  0.00000E+00
    4.7830E+00  5.74307E-03  2.52893E-04  0.00000E+00  0.00000E+00
    4.8158E+00  4.53311E-02  2.52893E-04  0.00000E+00  0.00000E+00
    4.8486E+00  4.53311E-02  2.52893E-04  0.00000E+00  0.00000E+00
    4.8813E+00  4.53311E-02  2.52893E-04  0.00000E+00  0.00000E+00
    4.9141E+00  4.53311E-02  2.52893E-04  0.00000E+00  0.00000E+00
    4.9469E+00  4.53311E-02  2.52893E-04  0.00000E+00  0.00000E+00
    4.9796E+00  4.53311E-02  2.52893E-04  0.00000E+00  0.00000E+00
    5.0124E+00  4.53311E-02  2.52893E-04  0.00000E+00  0.00000E+00
    5.0451E+00  4.53311E-02  2.52893E-04  0.00000E+00  0.00000E+00
    5.0779E+00  4.53311E-02  2.52893E-04  0.00000E+00  0.00000E+00
    5.1107E+00  4.53311E-02  2.52893E-04  0.00000E+00  0.00000E+00
    5.1434E+00  4.53311E-02  2.52893E-04  0.00000E+00  0.00000E+00
    5.1762E+00  4.53311E-02  2.52893E-04  0.00000E+00  0.00000E+00
    5.2089E+00  4.53311E-02  2.52893E-04  0.00000E+00  0.00000E+00
    5.2417E+00  4.53311E-02  2.52893E-04  0.00000E+00  0.00000E+00
    5.2745E+00  4.53311E-02  2.52893E-04  0.00000E+00  0.00000E+00
    5.3072E+00  4.53311E-02  2.52893E-04  0.00000E+00  0.00000E+00
    5.3400E+00  4.53311E-02  2.52893E-04  0.00000E+00  0.00000E+00
    5.3727E+00  4.53311E-02  2.52893E-04  0.00000E+00  0.00000E+00
    5.4055E+00  4.53311E-02  2.52893E-04  0.00000E+00  0.00000E+00
    5.4383E+00  4.53311E-02  2.52893E-04  0.00000E+00  0.00000E+00
    5.4710E+00  4.53311E-02  2.52893E-04  0.00000E+00  0.00000E+00
    5.5038E+00  4.53311E-02  2.52893E-04  0.00000E+00  0.00000E+00
    5.5365E+00  4.53311E-02  2.52893E-04  0.00000E+00  0.00000E+00
    5.5693E+00  7.25181E-02  2.52893E-04  0.00000E+00  0.00000E+00
    5.6021E+00  7.25181E-02  2.52893E-04  0.00000E+00  0.00000E+00
    5.6348E+00  7.25181E-02  2.52893E-04  0.00000E+00  0.00000E+00
    5.6676E+00  7.25181E-02  2.52893E-04  0.00000E+00  0.00000E+00
    5.7003E+00  7.25181E-02  2.52893E-04  0.00000E+00  0.00000E+00
    5.7331E+00  7.25181E-02  2.52893E-04  0.00000E+00  0.00000E+00
    5.7659E+00  7.25181E-02  2.52893E-04  0.00000E+00  0.00000E+00
    5.7986E+00  7.25181E-02  2.52893E-04  0.00000E+00  0.00000E+00
    5.8314E+00  7.25181E-02  2.52893E-04  0.00000E+00  0.00000E+00
    5.8641E+00  7.25181E-02  2.52893E-04  0.00000E+00  0.00000E+00
    5.8969E+00  7.25181E-02  2.52893E-04  0.00000E+00  0.00000E+00
    5.9297E+00  7.25181E-02  2.52893E-04  0.00000E+00  0.00000E+00
    5.9624E+00  7.25181E-02  2.52893E-04  0.00000E+00  0.00000E+00
    5.9952E+00  7.25181E-02  2.52893E-04  0.00000E+00  0.00000E+00
    6.0280E+00  7.25181E-02  2.52893E-04  0.00000E+00  0.00000E+00
    6.0607E+00  7.25181E-02  2.52893E-04  0.00000E+00  0.00000E+00
    6.0935E+00  7.25181E-02  2.52893E-04  0.00000E+00  0.00000E+00
    6.1262E+00  7.25181E-02  2.52893E-04  0.00000E+00  0.00000E+00
    6.1590E+00  7.25181E-02  2.52893E-04  0.00000E+00  0.00000E+00
    6.1918E+00  7.25181E-02  2.52893E-04  0.00000E+00  0.00000E+00
    6.2245E+00  7.25181E-02  2.52893E-04  0.00000E+00  0.00000E+00
    6.2573E+00  7.25181E-02  2.52893E-04  0.00000E+00  0.00000E+00
    6.2900E+00  7.25181E-02  2.52893E-04  0.00000E+00  0.00000E+00
    6.3228E+00  7.25181E-02  2.52893E-04  0.00000E+00  0.00000E+00
    6.3556E+00  7.25181E-02  2.52893E-04  0.00000E+00  0.00000E+00
    6.3883E+00  7.25181E-02  2.52893E-04  0.00000E+00  0.00000E+00
    6.4211E+00  1.44322E-01  2.52893E-04  0.00000E+00  0.00000E+00
    6.4538E+00  1.44322E-01  2.52893E-04  0.00000E+00  0.00000E+00
    6.4866E+00  1.44322E-01  2.52893E-04  0.00000E+00  0.00000E+00
    6.5194E+00  1.44322E-01  2.52893E-04  0.00000E+00  0.00000E+00
    6.5521E+00  1.44322E-01  2.52893E-04  0.00000E+00  0.00000E+00
    6.5849E+00  1.44322E-01  2.52893E-04  0.00000E+00  0.00000E+00
    6.6176E+00  1.44322E-01  2.52893E-04  0.00000E+00  0.00000E+00
    6.6504E+00  1.44322E-01  2.52893E-04  0.00000E+00  0.00000E+00
    6.6832E+00  1.44322E-01  2.52893E-04  0.00000E+00  0.00000E+00
    6.7159E+00  1.44322E-01  2.52893E-04  0.00000E+00  0.00000E+00
    6.7487E+00  1.44322E-01  2.52893E-04  0.00000E+00  0.00000E+00
    6.7814E+00  1.44322E-01  2.52893E-04  0.00000E+00  0.00000E+00
    6.8142E+00  1.44322E-01  2.52893E-04  0.00000E+00  0.00000E+00
    6.8470E+00  1.07791E-01  2.52893E-04  0.00000E+00  0.00000E+00
    6.8797E+00  1.07791E-01  2.52893E-04  0.00000E+00  0.00000E+00
    6.9125E+00  1.07791E-01  2.52893E-04  0.00000E+00  0.00000E+00
    6.9452E+00  1.07791E-01  2.52893E-04  0.00000E+00  0.00000E+00
    6.9780E+00  1.07791E-01  2.52893E-04  0.00000E+00  0.00000E+00
    7.0108E+00  1.07791E-01  2.52893E-04  0.00000E+00  0.00000E+00
    7.0435E+00  1.07791E-01  2.52893E-04  0.00000E+00  0.00000E+00
    7.0763E+00  7.83123E-02  2.52893E-04  0.00000E+00  0.00000E+00
    7.1091E+00  7.83123E-02  2.52893E-04  0.00000E+00  0.00000E+00
    7.1418E+00  1.21179E-01  2.52893E-04  0.00000E+00  0.00000E+00
    7.1746E+00  1.21179E-01  2.52893E-04  0.00000E+00  0.00000E+00
    7.2073E+00  1.21179E-01  2.52893E-04  0.00000E+00  0.00000E+00
    7.2401E+00  1.15683E-01  2.52893E-04  0.00000E+00  0.00000E+00
    7.2729E+00  1.15683E-01  2.52893E-04  0.00000E+00  0.00000E+00
    7.3056E+00  1.15683E-01  2.52893E-04  0.00000E+00  0.00000E+00
    7.3384E+00  7.25828E-02  6.38059E-03  0.00000E+00  0.00000E+00
    7.3711E+00 -1.86073E-02  6.38059E-03  0.00000E+00  0.00000E+00
    7.4039E+00 -8.65111E-02  6.38059E-03  0.00000E+00  0.00000E+00
    7.4367E+00 -8.65111E-02  6.38059E-03  0.00000E+00  0.00000E+00
    7.4694E+00 -9.64993E-02  6.38059E-03  0.00000E+00  0.00000E+00
    7.5022E+00 -9.64993E-02  6.38059E-03  0.00000E+00  0.00000E+00
    7.5349E+00 -9.64993E-02  6.38059E-03  0.00000E+00  0.00000E+00
    7.5677E+00 -1.32855E-01  6.38059E-03  0.00000E+00  0.00000E+00
    7.6005E+00 -1.50799E-01  6.38059E-03  0.00000E+00  0.00000E+00
    7.6332E+00 -1.50799E-01  6.38059E-03  0.00000E+00  0.00000E+00
    7.6660E+00 -1.50799E-01  6.38059E-03  0.00000E+00  0.00000E+00
    7.6987E+00 -1.50799E-01  6.38059E-03  0.00000E+00  0.00000E+00
    7.7315E+00 -1.50799E-01  6.38059E-03  0.00000E+00  0.00000E+00
    7.7643E+00 -1.50799E-01  6.38059E-03  0.00000E+00  0.00000E+00
    7.7970E+00 -1.50799E-01  6.38059E-03  0.00000E+00  0.00000E+00
    7.8298E+00 -1.50799E-01  6.38059E-03  0.00000E+00  0.00000E+00
    7.8625E+00 -1.50799E-01  6.38059E-03  0.00000E+00  0.00000E+00
    7.8953E+00 -1.50799E-01  6.38059E-03  0.00000E+00  0.00000E+00
    7.9281E+00 -1.50799E-01  6.38059E-03  0.00000E+00  0.00000E+00
    7.9608E+00 -2.18419E-01  6.38059E-03  0.00000E+00  0.00000E+00
    7.9936E+00 -3.97170E-01  6.38059E-03  0.00000E+00  0.00000E+00
    8.0263E+00 -3.66474E-01  6.38059E-03  0.00000E+00  0.00000E+00
    8.0591E+00 -6.37528E-01  6.38059E-03  0.00000E+00  0.00000E+00
    8.0919E+00 -6.37528E-01  6.38059E-03  0.00000E+00  0.00000E+00
    8.1246E+00 -6.37528E-01  6.38059E-03  0.00000E+00  0.00000E+00
    8.1574E+00 -6.34742E-01  6.38059E-03  0.00000E+00  0.00000E+00
    8.1902E+00 -6.34742E-01  6.38059E-03  0.00000E+00  0.00000E+00
    8.2229E+00 -7.21276E-01  6.38059E-03  0.00000E+00  0.00000E+00
    8.2557E+00 -7.28526E-01  6.38059E-03  0.00000E+00  0.00000E+00
    8.2884E+00 -7.28526E-01  6.38059E-03  0.00000E+00  0.00000E+00
    8.3212E+00 -7.28526E-01  6.38059E-03  0.00000E+00  0.00000E+00
    8.3540E+00 -7.28526E-01  6.38059E-03  0.00000E+00  0.00000E+00
    8.3867E+00 -7.28526E-01  6.38059E-03  0.00000E+00  0.00000E+00
    8.4195E+00 -7.42087E-01  6.38059E-03  0.00000E+00  0.00000E+00
    8.4522E+00 -7.42087E-01  6.38059E-03  0.00000E+00  0.00000E+00
    8.4850E+00 -7.67593E-01  6.38059E-03  0.00000E+00  0.00000E+00
    8.5178E+00 -7.67593E-01  6.38059E-03  0.00000E+00  0.00000E+00
    8.5505E+00 -6.59852E-01  3.33160E-02  0.00000E+00  0.00000E+00
    8.5833E+00 -6.59852E-01  3.33160E-02  0.00000E+00  0.00000E+00
    8.6160E+00 -6.59852E-01  3.33160E-02  0.00000E+00  0.00000E+00
    8.6488E+00 -6.59852E-01  3.33160E-02  0.00000E+00  0.00000E+00
    8.6816E+00 -6.59852E-01  3.33160E-02  0.00000E+00  0.00000E+00
    8.7143E+00 -8.06509E-01  3.33160E-02  0.00000E+00  0.00000E+00
    8.7471E+00 -6.77152E-01  3.33160E-02  0.00000E+00  0.00000E+00
    8.7798E+00 -6.77152E-01  3.33160E-02  0.00000E+00  0.00000E+00
    8.8126E+00 -6.77152E-01  3.33160E-02  0.00000E+00  0.00000E+00
    8.8454E+00 -6.77152E-01  3.33160E-02  0.00000E+00  0.00000E+00
    8.8781E+00 -6.84889E-01  3.33160E-02  0.00000E+00  0.00000E+00
    8.9109E+00 -6.59432E-01  4.60444E-02  0.00000E+00  0.00000E+00
    8.9436E+00 -6.59432E-01  4.60444E-02  0.00000E+00  0.00000E+00
    8.9764E+00 -6.59298E-01  4.61780E-02  0.00000E+00  0.00000E+00
    9.0092E+00 -6.59298E-01  4.61780E-02  0.00000E+00  0.00000E+00
    9.0419E+00 -6.59298E-01  4.61780E-02  0.00000E+00  0.00000E+00
    9.0747E+00 -8.45133E-01  4.61780E-02  0.00000E+00  0.00000E+00
    9.1074E+00 -8.45133E-01  4.61780E-02  0.00000E+00  0.00000E+00
    9.1402E+00 -8.45133E-01  4.61780E-02  0.00000E+00  0.00000E+00
    9.1730E+00 -9.86650E-01  4.61780E-02  0.00000E+00  0.00000E+00
    9.2057E+00 -9.86650E-01  4.61780E-02  0.00000E+00  0.00000E+00
    9.2385E+00 -9.86650E-01  4.61780E-02  0.00000E+00  0.00000E+00
    9.2713E+00 -9.86650E-01  4.61780E-02  0.00000E+00  0.00000E+00
    9.3040E+00 -9.86650E-01  4.61780E-02  0.00000E+00  0.00000E+00
    9.3368E+00 -9.86650E-01  4.61780E-02  0.00000E+00  0.00000E+00
    9.3695E+00 -9.86650E-01  4.61780E-02  0.00000E+00  0.00000E+00
    9.4023E+00 -9.86650E-01  4.61780E-02  0.00000E+00  0.00000E+00
    9.4351E+00 -9.86650E-01  4.61780E-02  0.00000E+00  0.00000E+00
    9.4678E+00 -9.69625E-01  4.61780E-02  0.00000E+00  0.00000E+00
    9.5006E+00 -9.69625E-01  4.61780E-02  0.00000E+00  0.00000E+00
    9.5333E+00 -9.69625E-01  4.61780E-02  0.00000E+00  0.00000E+00
    9.5661E+00 -9.98966E-01  7.67719E-02  0.00000E+00  0.00000E+00
    9.5989E+00 -9.98966E-01  7.67719E-02  0.00000E+00  0.00000E+00
    9.6316E+00 -9.98966E-01  7.67719E-02  0.00000E+00  0.00000E+00
    9.6644E+00 -9.98966E-01  7.67719E-02  0.00000E+00  0.00000E+00
    9.6971E+00 -9.98966E-01  7.67719E-02  0.00000E+00  0.00000E+00
    9.7299E+00 -9.98966E-01  7.67719E-02  0.00000E+00  0.00000E+00
    9.7627E+00 -9.98966E-01  7.67719E-02  0.00000E+00  0.00000E+00
    9.7954E+00 -1.03279E+00  7.67719E-02  0.00000E+00  0.00000E+00
    9.8282E+00 -1.03279E+00  7.67719E-02  0.00000E+00  0.00000E+00
    9.8609E+00 -1.31020E+00 -6.19305E-02  0.00000E+00  0.00000E+00
    9.8937E+00 -1.31020E+00 -6.19305E-02  0.00000E+00  0.00000E+00
    9.9265E+00 -1.31020E+00 -6.19305E-02  0.00000E+00  0.00000E+00
    9.9592E+00 -1.31020E+00 -6.19305E-02  0.00000E+00  0.00000E+00
    9.9920E+00 -1.20666E+00 -6.19305E-02  0.00000E+00  0.00000E+00
    1.0025E+01 -1.20666E+00 -6.19305E-02  0.00000E+00  0.00000E+00
    1.0058E+01 -1.20666E+00 -6.19305E-02  0.00000E+00  0.00000E+00
    1.0090E+01 -1.20205E+00 -5.73192E-02  0.00000E+00  0.00000E+00
    1.0123E+01 -1.20205E+00 -5.73192E-02  0.00000E+00  0.00000E+00
    1.0156E+01 -1.20205E+00 -5.73192E-02  0.00000E+00  0.00000E+00
    1.0189E+01 -1.20205E+00 -5.73192E-02  0.00000E+00  0.00000E+00
    1.0221E+01 -1.20205E+00 -5.73192E-02  0.00000E+00  0.00000E+00
    1.0254E+01 -1.20205E+00 -5.73192E-02  0.00000E+00  0.00000E+00
    1.0287E+01 -1.20205E+00 -5.73192E-02  0.00000E+00  0.00000E+00
    1.0320E+01 -1.20205E+00 -5.73192E-02  0.00000E+00  0.00000E+00
    1.0352E+01 -1.20205E+00 -5.73192E-02  0.00000E+00  0.00000E+00
    1.0385E+01 -1.20205E+00 -5.73192E-02  0.00000E+00  0.00000E+00
    1.0418E+01 -1.20205E+00 -5.73192E-02  0.00000E+00  0.00000E+00
    1.0451E+01 -1.20205E+00 -5.73192E-02  0.00000E+00  0.00000E+00
    1.0483E+01 -1.20205E+00 -5.73192E-02  0.00000E+00  0.00000E+00
    1.0516E+01 -1.17022E+00 -2.54923E-02  0.00000E+00  0.00000E+00
    1.0549E+01 -9.99197E-01  7.49382E-02  0.00000E+00  0.00000E+00
    1.0582E+01 -9.99197E-01  7.49382E-02  0.00000E+00  0.00000E+00
    1.0614E+01 -9.99197E-01  7.49382E-02  0.00000E+00  0.00000E+00
    1.0647E+01 -9.99197E-01  7.49382E-02  0.00000E+00  0.00000E+00
    1.0680E+01 -9.99197E-01  7.49382E-02  0.00000E+00  0.00000E+00
    1.0713E+01 -1.00919E+00  6.49486E-02  0.00000E+00  0.00000E+00
    1.0745E+01 -1.00919E+00  6.49486E-02  0.00000E+00  0.00000E+00
    1.0778E+01 -1.00919E+00  6.49486E-02  0.00000E+00  0.00000E+00
    1.0811E+01 -1.00919E+00  6.49486E-02  0.00000E+00  0.00000E+00
    1.0844E+01 -1.05998E+00  6.49486E-02  0.00000E+00  0.00000E+00
    1.0877E+01 -1.04452E+00  8.04055E-02  0.00000E+00  0.00000E+00
    1.0909E+01 -8.50491E-01  2.82327E-01  0.00000E+00  0.00000E+00
    1.0942E+01 -8.50491E-01  2.82327E-01  0.00000E+00  0.00000E+00
    1.0975E+01 -8.50491E-01  2.82327E-01  0.00000E+00  0.00000E+00
    1.1008E+01 -1.04724E+00  2.82327E-01  0.00000E+00  0.00000E+00
    1.1040E+01 -1.15460E+00  2.82327E-01  0.00000E+00  0.00000E+00
    1.1073E+01 -1.15460E+00  2.82327E-01  0.00000E+00  0.00000E+00
    1.1106E+01 -1.15460E+00  2.82327E-01  0.00000E+00  0.00000E+00
    1.1139E+01 -1.15460E+00  2.82327E-01  0.00000E+00  0.00000E+00
    1.1171E+01 -1.41339E+00  2.82327E-01  0.00000E+00  0.00000E+00
    1.1204E+01 -1.41339E+00  2.82327E-01  0.00000E+00  0.00000E+00
    1.1237E+01 -1.41339E+00  2.82327E-01  0.00000E+00  0.00000E+00
    1.1270E+01 -1.40704E+00  4.94010E-01  0.00000E+00  0.00000E+00
    1.1302E+01 -1.50589E+00  3.95161E-01  0.00000E+00  0.00000E+00
    1.1335E+01 -1.55459E+00  3.95161E-01  0.00000E+00  0.00000E+00
    1.1368E+01 -1.58359E+00  3.95161E-01  0.00000E+00  0.00000E+00
    1.1401E+01 -1.58359E+00  3.95161E-01  0.00000E+00  0.00000E+00
    1.1433E+01 -1.33778E+00  5.18067E-01  0.00000E+00  0.00000E+00
    1.1466E+01 -1.53611E+00  5.18067E-01  0.00000E+00  0.00000E+00
    1.1499E+01 -1.61238E+00  5.18067E-01  0.00000E+00  0.00000E+00
    1.1532E+01 -1.61238E+00  5.18067E-01  0.00000E+00  0.00000E+00
    1.1564E+01 -1.37280E+00  6.37855E-01  0.00000E+00  0.00000E+00
    1.1597E+01 -1.37280E+00  6.37855E-01  0.00000E+00  0.00000E+00
    1.1630E+01 -1.40089E+00  6.37855E-01  0.00000E+00  0.00000E+00
    1.1663E+01 -1.40089E+00  6.37855E-01  0.00000E+00  0.00000E+00
    1.1696E+01 -1.40089E+00  6.37855E-01  0.00000E+00  0.00000E+00
    1.1728E+01 -1.80297E+00  5.03533E-01  0.00000E+00  0.00000E+00
    1.1761E+01 -1.80297E+00  5.03533E-01  0.00000E+00  0.00000E+00
    1.1794E+01 -1.66930E+00  6.35358E-01  0.00000E+00  0.00000E+00
    1.1827E+01 -1.24845E+00  9.51001E-01  0.00000E+00  0.00000E+00
    1.1859E+01 -1.65357E+00  9.51001E-01  0.00000E+00  0.00000E+00
    1.1892E+01 -1.65357E+00  9.51001E-01  0.00000E+00  0.00000E+00
    1.1925E+01 -1.82784E+00  9.51001E-01  0.00000E+00  0.00000E+00
    1.1958E+01 -1.67954E+00  1.02515E+00  0.00000E+00  0.00000E+00
    1.1990E+01 -1.67954E+00  1.02515E+00  0.00000E+00  0.00000E+00
    1.2023E+01 -1.54148E+00  1.02515E+00  0.00000E+00  0.00000E+00
    1.2056E+01 -1.54148E+00  1.02515E+00  0.00000E+00  0.00000E+00
    1.2089E+01 -1.54148E+00  1.02515E+00  0.00000E+00  0.00000E+00
    1.2121E+01 -1.63549E+00  9.31142E-01  0.00000E+00  0.00000E+00
    1.2154E+01 -1.63549E+00  9.31142E-01  0.00000E+00  0.00000E+00
    1.2187E+01 -1.63549E+00  9.31142E-01  0.00000E+00  0.00000E+00
    1.2220E+01 -1.63549E+00  9.31142E-01  0.00000E+00  0.00000E+00
    1.2252E+01 -1.65884E+00  9.31142E-01  0.00000E+00  0.00000E+00
    1.2285E+01 -1.86650E+00  1.08019E+00  0.00000E+00  0.00000E+00
    1.2318E+01 -1.68830E+00  1.25839E+00  0.00000E+00  0.00000E+00
    1.2351E+01 -1.65121E+00  1.29548E+00  0.00000E+00  0.00000E+00
    1.2384E+01 -2.22785E+00  1.29548E+00  0.00000E+00  0.00000E+00
    1.2416E+01 -2.22785E+00  1.29548E+00  0.00000E+00  0.00000E+00
    1.2449E+01 -2.22785E+00  1.29548E+00  0.00000E+00  0.00000E+00
    1.2482E+01 -2.22785E+00  1.29548E+00  0.00000E+00  0.00000E+00
    1.2515E+01 -2.22785E+00  1.29548E+00  0.00000E+00  0.00000E+00
    1.2547E+01 -2.22785E+00  1.29548E+00  0.00000E+00  0.00000E+00
    1.2580E+01 -2.54658E+00  1.29548E+00  0.00000E+00  0.00000E+00
    1.2613E+01 -2.54658E+00  1.29548E+00  0.00000E+00  0.00000E+00
    1.2646E+01 -2.69302E+00  1.18776E+00  0.00000E+00  0.00000E+00
    1.2678E+01 -2.69302E+00  1.18776E+00  0.00000E+00  0.00000E+00
    1.2711E+01 -2.69302E+00  1.18776E+00  0.00000E+00  0.00000E+00
    1.2744E+01 -2.69302E+00  1.18776E+00  0.00000E+00  0.00000E+00
    1.2777E+01 -2.54887E+00  1.18776E+00  0.00000E+00  0.00000E+00
    1.2809E+01 -2.57191E+00  1.18776E+00  0.00000E+00  0.00000E+00
    1.2842E+01 -2.57191E+00  1.18776E+00  0.00000E+00  0.00000E+00
    1.2875E+01 -2.57191E+00  1.18776E+00  0.00000E+00  0.00000E+00
    1.2908E+01 -2.57191E+00  1.18776E+00  0.00000E+00  0.00000E+00
    1.2940E+01 -2.57191E+00  1.18776E+00  0.00000E+00  0.00000E+00
    1.2973E+01 -2.57191E+00  1.18776E+00  0.00000E+00  0.00000E+00
    1.3006E+01 -2.57191E+00  1.18776E+00  0.00000E+00  0.00000E+00
    1.3039E+01 -2.66817E+00  1.18776E+00  0.00000E+00  0.00000E+00
    1.3071E+01 -2.68654E+00  1.18776E+00  0.00000E+00  0.00000E+00
    1.3104E+01 -3.39564E+00  1.18776E+00  0.00000E+00  0.00000E+00
    1.3137E+01 -3.46139E+00  1.18776E+00  0.00000E+00  0.00000E+00
    1.3170E+01 -3.46139E+00  1.18776E+00  0.00000E+00  0.00000E+00
    1.3203E+01 -3.46139E+00  1.18776E+00  0.00000E+00  0.00000E+00
    1.3235E+01 -3.46139E+00  1.18776E+00  0.00000E+00  0.00000E+00
    1.3268E+01 -3.46139E+00  1.18776E+00  0.00000E+00  0.00000E+00
    1.3301E+01 -3.46139E+00  1.18776E+00  0.00000E+00  0.00000E+00
    1.3334E+01 -3.46139E+00  1.18776E+00  0.00000E+00  0.00000E+00
    1.3366E+01 -3.46139E+00  1.18776E+00  0.00000E+00  0.00000E+00
    1.3399E+01 -3.46139E+00  1.18776E+00  0.00000E+00  0.00000E+00
    1.3432E+01 -3.47998E+00  1.16917E+00  0.00000E+00  0.00000E+00
    1.3465E+01 -3.47998E+00  1.16917E+00  0.00000E+00  0.00000E+00
    1.3497E+01 -3.47998E+00  1.16917E+00  0.00000E+00  0.00000E+00
    1.3530E+01 -3.47998E+00  1.16917E+00  0.00000E+00  0.00000E+00
    1.3563E+01 -3.79407E+00  1.18321E+00  0.00000E+00  0.00000E+00
    1.3596E+01 -3.79337E+00  1.18391E+00  0.00000E+00  0.00000E+00
    1.3628E+01 -3.79337E+00  1.18391E+00  0.00000E+00  0.00000E+00
    1.3661E+01 -3.79337E+00  1.18391E+00  0.00000E+00  0.00000E+00
    1.3694E+01 -3.89894E+00  1.18391E+00  0.00000E+00  0.00000E+00
    1.3727E+01 -3.89894E+00  1.18391E+00  0.00000E+00  0.00000E+00
    1.3759E+01 -3.89894E+00  1.18391E+00  0.00000E+00  0.00000E+00
    1.3792E+01 -3.89894E+00  1.18391E+00  0.00000E+00  0.00000E+00
    1.3825E+01 -4.80953E+00  1.18391E+00  0.00000E+00  0.00000E+00
    1.3858E+01 -4.80953E+00  1.18391E+00  0.00000E+00  0.00000E+00
    1.3890E+01 -4.80953E+00  1.18391E+00  0.00000E+00  0.00000E+00
    1.3923E+01 -4.80953E+00  1.18391E+00  0.00000E+00  0.00000E+00
    1.3956E+01 -5.35414E+00  1.08968E+00  0.00000E+00  0.00000E+00
    1.3989E+01 -5.35414E+00  1.08968E+00  0.00000E+00  0.00000E+00
    1.4022E+01 -5.35414E+00  1.08968E+00  0.00000E+00  0.00000E+00
    1.4054E+01 -4.11269E+00  2.02077E+00  0.00000E+00  0.00000E+00
    1.4087E+01 -4.11269E+00  2.02077E+00  0.00000E+00  0.00000E+00
    1.4120E+01 -4.11269E+00  2.02077E+00  0.00000E+00  0.00000E+00
    1.4153E+01 -4.11269E+00  2.02077E+00  0.00000E+00  0.00000E+00
    1.4185E+01 -5.07960E+00  2.02077E+00  0.00000E+00  0.00000E+00
    1.4218E+01 -5.07960E+00  2.02077E+00  0.00000E+00  0.00000E+00
    1.4251E+01 -5.06663E+00  2.02077E+00  0.00000E+00  0.00000E+00
    1.4284E+01 -5.06663E+00  2.02077E+00  0.00000E+00  0.00000E+00
    1.4316E+01 -5.06663E+00  2.02077E+00  0.00000E+00  0.00000E+00
    1.4349E+01 -5.06106E+00  2.02634E+00  0.00000E+00  0.00000E+00
    1.4382E+01 -3.97488E+00  2.84098E+00  0.00000E+00  0.00000E+00
    1.4415E+01 -3.97488E+00  2.84098E+00  0.00000E+00  0.00000E+00
    1.4447E+01 -3.96724E+00  2.84862E+00  0.00000E+00  0.00000E+00
    1.4480E+01 -4.51781E+00  2.71098E+00  0.00000E+00  0.00000E+00
    1.4513E+01 -4.51781E+00  2.71098E+00  0.00000E+00  0.00000E+00
    1.4546E+01 -4.51781E+00  2.71098E+00  0.00000E+00  0.00000E+00
    1.4578E+01 -4.51781E+00  2.71098E+00  0.00000E+00  0.00000E+00
    1.4611E+01 -4.51781E+00  2.71098E+00  0.00000E+00  0.00000E+00
    1.4644E+01 -4.51781E+00  2.71098E+00  0.00000E+00  0.00000E+00
    1.4677E+01 -4.40712E+00  2.75589E+00  0.00000E+00  0.00000E+00
    1.4710E+01 -4.49156E+00  2.73478E+00  0.00000E+00  0.00000E+00
    1.4742E+01 -4.49156E+00  2.73478E+00  0.00000E+00  0.00000E+00
    1.4775E+01 -4.49156E+00  2.73478E+00  0.00000E+00  0.00000E+00
    1.4808E+01 -4.63791E+00  2.73478E+00  0.00000E+00  0.00000E+00
    1.4841E+01 -4.97860E+00  2.64961E+00  0.00000E+00  0.00000E+00
    1.4873E+01 -4.86082E+00  2.64961E+00  0.00000E+00  0.00000E+00
    1.4906E+01 -4.91093E+00  2.65253E+00  0.00000E+00  0.00000E+00
    1.4939E+01 -4.91093E+00  2.65253E+00  0.00000E+00  0.00000E+00
    1.4972E+01 -4.91093E+00  2.65253E+00  0.00000E+00  0.00000E+00
    1.5004E+01 -5.87945E+00  2.41040E+00  0.00000E+00  0.00000E+00
    1.5037E+01 -5.87945E+00  2.41040E+00  0.00000E+00  0.00000E+00
    1.5070E+01 -6.11692E+00  2.41040E+00  0.00000E+00  0.00000E+00
    1.5103E+01 -6.11692E+00  2.41040E+00  0.00000E+00  0.00000E+00
    1.5135E+01 -6.11692E+00  2.41040E+00  0.00000E+00  0.00000E+00
    1.5168E+01 -6.11692E+00  2.41040E+00  0.00000E+00  0.00000E+00
    1.5201E+01 -4.67295E+00  3.13238E+00  0.00000E+00  0.00000E+00
    1.5234E+01 -4.67295E+00  3.13238E+00  0.00000E+00  0.00000E+00
    1.5266E+01 -4.47102E+00  3.33432E+00  0.00000E+00  0.00000E+00
    1.5299E+01 -4.47102E+00  3.33432E+00  0.00000E+00  0.00000E+00
    1.5332E+01 -4.47102E+00  3.33432E+00  0.00000E+00  0.00000E+00
    1.5365E+01 -4.47102E+00  3.33432E+00  0.00000E+00  0.00000E+00
    1.5397E+01 -6.66689E+00  2.77805E+00  0.00000E+00  0.00000E+00
    1.5430E+01 -6.66689E+00  2.77805E+00  0.00000E+00  0.00000E+00
    1.5463E+01 -7.43214E+00  2.77805E+00  0.00000E+00  0.00000E+00
    1.5496E+01 -7.43214E+00  2.77805E+00  0.00000E+00  0.00000E+00
    1.5529E+01 -8.20667E+00  2.77805E+00  0.00000E+00  0.00000E+00
    1.5561E+01 -9.16322E+00  2.77805E+00  0.00000E+00  0.00000E+00
    1.5594E+01 -9.16322E+00  2.77805E+00  0.00000E+00  0.00000E+00
    1.5627E+01 -8.43207E+00  3.14363E+00  0.00000E+00  0.00000E+00
    1.5660E+01 -8.97255E+00  2.87910E+00  0.00000E+00  0.00000E+00
    1.5692E+01 -8.86369E+00  2.90632E+00  0.00000E+00  0.00000E+00
    1.5725E+01 -8.86369E+00  2.90632E+00  0.00000E+00  0.00000E+00
    1.5758E+01 -8.86369E+00  2.90632E+00  0.00000E+00  0.00000E+00
    1.5791E+01 -7.77887E+00  3.20240E+00  0.00000E+00  0.00000E+00
    1.5823E+01 -7.77887E+00  3.20240E+00  0.00000E+00  0.00000E+00
    1.5856E+01 -8.06817E+00  3.20240E+00  0.00000E+00  0.00000E+00
    1.5889E+01 -8.06817E+00  3.20240E+00  0.00000E+00  0.00000E+00
    1.5922E+01 -8.06817E+00  3.20240E+00  0.00000E+00  0.00000E+00
    1.5954E+01 -8.06817E+00  3.20240E+00  0.00000E+00  0.00000E+00
    1.5987E+01 -8.06817E+00  3.20240E+00  0.00000E+00  0.00000E+00
    1.6020E+01 -7.72109E+00  3.20240E+00  0.00000E+00  0.00000E+00
    1.6053E+01 -8.02419E+00  3.20240E+00  0.00000E+00  0.00000E+00
    1.6085E+01 -8.02419E+00  3.20240E+00  0.00000E+00  0.00000E+00
    1.6118E+01 -8.02419E+00  3.20240E+00  0.00000E+00  0.00000E+00
    1.6151E+01 -8.02419E+00  3.20240E+00  0.00000E+00  0.00000E+00
    1.6184E+01 -8.53631E+00  3.20240E+00  0.00000E+00  0.00000E+00
    1.6216E+01 -8.84754E+00  3.20240E+00  0.00000E+00  0.00000E+00
    1.6249E+01 -1.13721E+01  2.57127E+00  0.00000E+00  0.00000E+00
    1.6282E+01 -1.13721E+01  2.57127E+00  0.00000E+00  0.00000E+00
    1.6315E+01 -1.09334E+01  2.57127E+00  0.00000E+00  0.00000E+00
    1.6348E+01 -1.08759E+01  2.58565E+00  0.00000E+00  0.00000E+00
    1.6380E+01 -1.07473E+01  2.58565E+00  0.00000E+00  0.00000E+00
    1.6413E+01 -1.07473E+01  2.58565E+00  0.00000E+00  0.00000E+00
    1.6446E+01 -9.67893E+00  2.59489E+00  0.00000E+00  0.00000E+00
    1.6479E+01 -9.79866E+00  2.59489E+00  0.00000E+00  0.00000E+00
    1.6511E+01 -9.79866E+00  2.59489E+00  0.00000E+00  0.00000E+00
    1.6544E+01 -9.83649E+00  2.57597E+00  0.00000E+00  0.00000E+00
    1.6577E+01 -8.94060E+00  2.57597E+00  0.00000E+00  0.00000E+00
    1.6610E+01 -8.94060E+00  2.57597E+00  0.00000E+00  0.00000E+00
    1.6642E+01 -8.94060E+00  2.57597E+00  0.00000E+00  0.00000E+00
    1.6675E+01 -8.94060E+00  2.57597E+00  0.00000E+00  0.00000E+00
    1.6708E+01 -8.94060E+00  2.57597E+00  0.00000E+00  0.00000E+00
    1.6741E+01 -9.96558E+00  2.31973E+00  0.00000E+00  0.00000E+00
    1.6773E+01 -9.96558E+00  2.31973E+00  0.00000E+00  0.00000E+00
    1.6806E+01 -9.96558E+00  2.31973E+00  0.00000E+00  0.00000E+00
    1.6839E+01 -9.96558E+00  2.31973E+00  0.00000E+00  0.00000E+00
    1.6872E+01 -9.96558E+00  2.31973E+00  0.00000E+00  0.00000E+00
    1.6904E+01 -1.02996E+01  2.26484E+00  0.00000E+00  0.00000E+00
    1.6937E+01 -1.02996E+01  2.26484E+00  0.00000E+00  0.00000E+00
    1.6970E+01 -1.02996E+01  2.26484E+00  0.00000E+00  0.00000E+00
    1.7003E+01 -1.02996E+01  2.26484E+00  0.00000E+00  0.00000E+00
    1.7036E+01 -1.02996E+01  2.26484E+00  0.00000E+00  0.00000E+00
    1.7068E+01 -9.14151E+00  3.15225E+00  0.00000E+00  0.00000E+00
    1.7101E+01 -9.59216E+00  3.15225E+00  0.00000E+00  0.00000E+00
    1.7134E+01 -9.79373E+00  3.15225E+00  0.00000E+00  0.00000E+00
    1.7167E+01 -9.71228E+00  3.16794E+00  0.00000E+00  0.00000E+00
    1.7199E+01 -9.71228E+00  3.16794E+00  0.00000E+00  0.00000E+00
    1.7232E+01 -9.98902E+00  3.16794E+00  0.00000E+00  0.00000E+00
    1.7265E+01 -1.04032E+01  3.16794E+00  0.00000E+00  0.00000E+00
    1.7298E+01 -1.04032E+01  3.16794E+00  0.00000E+00  0.00000E+00
    1.7330E+01 -1.05442E+01  3.16794E+00  0.00000E+00  0.00000E+00
    1.7363E+01 -1.05442E+01  3.16794E+00  0.00000E+00  0.00000E+00
    1.7396E+01 -1.05442E+01  3.16794E+00  0.00000E+00  0.00000E+00
    1.7429E+01 -1.05442E+01  3.16794E+00  0.00000E+00  0.00000E+00
    1.7461E+01 -1.12104E+01  3.16794E+00  0.00000E+00  0.00000E+00
    1.7494E+01 -1.17565E+01  3.16794E+00  0.00000E+00  0.00000E+00
    1.7527E+01 -1.17565E+01  3.16794E+00  0.00000E+00  0.00000E+00
    1.7560E+01 -1.24351E+01  3.16794E+00  0.00000E+00  0.00000E+00
    1.7592E+01 -1.25465E+01  3.16794E+00  0.00000E+00  0.00000E+00
    1.7625E+01 -1.31693E+01  3.16794E+00  0.00000E+00  0.00000E+00
    1.7658E+01 -1.33403E+01  3.16794E+00  0.00000E+00  0.00000E+00
    1.7691E+01 -1.34465E+01  3.16794E+00  0.00000E+00  0.00000E+00
    1.7723E+01 -1.34465E+01  3.16794E+00  0.00000E+00  0.00000E+00
    1.7756E+01 -1.34465E+01  3.16794E+00  0.00000E+00  0.00000E+00
    1.7789E+01 -1.34465E+01  3.16794E+00  0.00000E+00  0.00000E+00
    1.7822E+01 -1.39986E+01  3.16794E+00  0.00000E+00  0.00000E+00
    1.7855E+01 -1.39986E+01  3.16794E+00  0.00000E+00  0.00000E+00
    1.7887E+01 -1.39986E+01  3.16794E+00  0.00000E+00  0.00000E+00
    1.7920E+01 -1.39986E+01  3.16794E+00  0.00000E+00  0.00000E+00
    1.7953E+01 -1.39986E+01  3.16794E+00  0.00000E+00  0.00000E+00
    1.7986E+01 -1.39986E+01  3.16794E+00  0.00000E+00  0.00000E+00
    1.8018E+01 -1.39986E+01  3.16794E+00  0.00000E+00  0.00000E+00
    1.8051E+01 -1.39986E+01  3.16794E+00  0.00000E+00  0.00000E+00
    1.8084E+01 -1.39986E+01  3.16794E+00  0.00000E+00  0.00000E+00
    1.8117E+01 -1.39986E+01  3.16794E+00  0.00000E+00  0.00000E+00
    1.8149E+01 -1.39986E+01  3.16794E+00  0.00000E+00  0.00000E+00
    1.8182E+01 -1.39779E+01  3.18857E+00  0.00000E+00  0.00000E+00
    1.8215E+01 -1.39779E+01  3.18857E+00  0.00000E+00  0.00000E+00
    1.8248E+01 -1.33503E+01  3.81621E+00  0.00000E+00  0.00000E+00
    1.8280E+01 -1.30856E+01  3.81621E+00  0.00000E+00  0.00000E+00
    1.8313E+01 -1.30856E+01  3.81621E+00  0.00000E+00  0.00000E+00
    1.8346E+01 -1.18664E+01  4.42584E+00  0.00000E+00  0.00000E+00
    1.8379E+01 -1.18664E+01  4.42584E+00  0.00000E+00  0.00000E+00
    1.8411E+01 -1.18664E+01  4.42584E+00  0.00000E+00  0.00000E+00
    1.8444E+01 -1.18664E+01  4.42584E+00  0.00000E+00  0.00000E+00
    1.8477E+01 -1.18664E+01  4.42584E+00  0.00000E+00  0.00000E+00
    1.8510E+01 -1.18664E+01  4.42584E+00  0.00000E+00  0.00000E+00
    1.8543E+01 -1.18664E+01  4.42584E+00  0.00000E+00  0.00000E+00
    1.8575E+01 -1.18664E+01  4.42584E+00  0.00000E+00  0.00000E+00
    1.8608E+01 -1.05902E+01  5.38297E+00  0.00000E+00  0.00000E+00
    1.8641E+01 -1.05902E+01  5.38297E+00  0.00000E+00  0.00000E+00
    1.8674E+01 -1.05902E+01  5.38297E+00  0.00000E+00  0.00000E+00
    1.8706E+01 -1.02817E+01  5.69144E+00  0.00000E+00  0.00000E+00
    1.8739E+01 -1.02817E+01  5.69144E+00  0.00000E+00  0.00000E+00
    1.8772E+01 -1.02817E+01  5.69144E+00  0.00000E+00  0.00000E+00
    1.8805E+01 -1.02817E+01  5.69144E+00  0.00000E+00  0.00000E+00
    1.8837E+01 -1.08422E+01  5.42185E+00  0.00000E+00  0.00000E+00
    1.8870E+01 -1.13863E+01  5.42185E+00  0.00000E+00  0.00000E+00
    1.8903E+01 -1.16383E+01  5.42185E+00  0.00000E+00  0.00000E+00
    1.8936E+01 -1.16383E+01  5.42185E+00  0.00000E+00  0.00000E+00
    1.8968E+01 -1.28291E+01  5.42185E+00  0.00000E+00  0.00000E+00
    1.9001E+01 -1.28291E+01  5.42185E+00  0.00000E+00  0.00000E+00
    1.9034E+01 -1.29343E+01  5.42185E+00  0.00000E+00  0.00000E+00
    1.9067E+01 -1.29796E+01  5.42185E+00  0.00000E+00  0.00000E+00
    1.9099E+01 -1.26653E+01  5.42185E+00  0.00000E+00  0.00000E+00
    1.9132E+01 -1.19448E+01  5.66028E+00  0.00000E+00  0.00000E+00
    1.9165E+01 -1.19448E+01  5.66028E+00  0.00000E+00  0.00000E+00
    1.9198E+01 -1.48631E+01  5.66028E+00  0.00000E+00  0.00000E+00
    1.9230E+01 -1.48631E+01  5.66028E+00  0.00000E+00  0.00000E+00
    1.9263E+01 -1.48631E+01  5.66028E+00  0.00000E+00  0.00000E+00
    1.9296E+01 -1.48631E+01  5.66028E+00  0.00000E+00  0.00000E+00
    1.9329E+01 -1.48631E+01  5.66028E+00  0.00000E+00  0.00000E+00
    1.9362E+01 -1.48631E+01  5.66028E+00  0.00000E+00  0.00000E+00
    1.9394E+01 -1.49637E+01  5.66028E+00  0.00000E+00  0.00000E+00
    1.9427E+01 -1.50155E+01  5.66028E+00  0.00000E+00  0.00000E+00
    1.9460E+01 -1.50155E+01  5.66028E+00  0.00000E+00  0.00000E+00
    1.9493E+01 -1.50155E+01  5.66028E+00  0.00000E+00  0.00000E+00
    1.9525E+01 -1.50155E+01  5.66028E+00  0.00000E+00  0.00000E+00
    1.9558E+01 -1.50155E+01  5.66028E+00  0.00000E+00  0.00000E+00
    1.9591E+01 -1.54073E+01  5.66028E+00  0.00000E+00  0.00000E+00
    1.9624E+01 -1.67443E+01  5.33885E+00  0.00000E+00  0.00000E+00
    1.9656E+01 -1.67443E+01  5.33885E+00  0.00000E+00  0.00000E+00
    1.9689E+01 -1.67937E+01  5.33885E+00  0.00000E+00  0.00000E+00
    1.9722E+01 -1.67937E+01  5.33885E+00  0.00000E+00  0.00000E+00
    1.9755E+01 -1.67937E+01  5.33885E+00  0.00000E+00  0.00000E+00
    1.9787E+01 -1.67937E+01  5.33885E+00  0.00000E+00  0.00000E+00
    1.9820E+01 -1.70825E+01  5.19447E+00  0.00000E+00  0.00000E+00
    1.9853E+01 -1.70825E+01  5.19447E+00  0.00000E+00  0.00000E+00
    1.9886E+01 -1.70825E+01  5.19447E+00  0.00000E+00  0.00000E+00
    1.9918E+01 -1.70825E+01  5.19447E+00  0.00000E+00  0.00000E+00
    1.9951E+01 -1.70825E+01  5.19447E+00  0.00000E+00  0.00000E+00
    1.9984E+01 -1.70825E+01  5.19447E+00  0.00000E+00  0.00000E+00
    2.0017E+01 -1.70825E+01  5.19447E+00  0.00000E+00  0.00000E+00
    2.0049E+01 -1.82677E+01  4.65080E+00  0.00000E+00  0.00000E+00
    2.0082E+01 -1.82677E+01  4.65080E+00  0.00000E+00  0.00000E+00
    2.0115E+01 -1.81098E+01  4.65080E+00  0.00000E+00  0.00000E+00
    2.0148E+01 -1.94193E+01  4.32343E+00  0.00000E+00  0.00000E+00
    2.0181E+01 -1.94193E+01  4.32343E+00  0.00000E+00  0.00000E+00
    2.0213E+01 -1.94193E+01  4.32343E+00  0.00000E+00  0.00000E+00
    2.0246E+01 -1.94193E+01  4.32343E+00  0.00000E+00  0.00000E+00
    2.0279E+01 -2.11350E+01  4.32343E+00  0.00000E+00  0.00000E+00
    2.0312E+01 -2.11350E+01  4.32343E+00  0.00000E+00  0.00000E+00
    2.0344E+01 -2.11350E+01  4.32343E+00  0.00000E+00  0.00000E+00
    2.0377E+01 -2.11350E+01  4.32343E+00  0.00000E+00  0.00000E+00
    2.0410E+01 -2.16261E+01  4.07788E+00  0.00000E+00  0.00000E+00
    2.0443E+01 -2.16261E+01  4.07788E+00  0.00000E+00  0.00000E+00
    2.0475E+01 -2.16261E+01  4.07788E+00  0.00000E+00  0.00000E+00
    2.0508E+01 -2.16261E+01  4.07788E+00  0.00000E+00  0.00000E+00
    2.0541E+01 -2.16261E+01  4.07788E+00  0.00000E+00  0.00000E+00
    2.0574E+01 -2.16261E+01  4.07788E+00  0.00000E+00  0.00000E+00
    2.0606E+01 -2.16261E+01  4.07788E+00  0.00000E+00  0.00000E+00
    2.0639E+01 -2.11774E+01  4.07788E+00  0.00000E+00  0.00000E+00
    2.0672E+01 -2.11774E+01  4.07788E+00  0.00000E+00  0.00000E+00
    2.0705E+01 -2.11774E+01  4.07788E+00  0.00000E+00  0.00000E+00
    2.0737E+01 -2.11774E+01  4.07788E+00  0.00000E+00  0.00000E+00
    2.0770E+01 -2.15023E+01  4.07788E+00  0.00000E+00  0.00000E+00
    2.0803E+01 -2.15023E+01  4.07788E+00  0.00000E+00  0.00000E+00
    2.0836E+01 -2.15023E+01  4.07788E+00  0.00000E+00  0.00000E+00
    2.0869E+01 -2.14075E+01  4.12531E+00  0.00000E+00  0.00000E+00
    2.0901E+01 -2.14075E+01  4.12531E+00  0.00000E+00  0.00000E+00
    2.0934E+01 -2.14075E+01  4.12531E+00  0.00000E+00  0.00000E+00
    2.0967E+01 -2.14075E+01  4.12531E+00  0.00000E+00  0.00000E+00
    2.1000E+01 -2.14075E+01  4.12531E+00  0.00000E+00  0.00000E+00
    2.1032E+01 -2.14075E+01  4.12531E+00  0.00000E+00  0.00000E+00
    2.1065E+01 -2.14075E+01  4.12531E+00  0.00000E+00  0.00000E+00
    2.1098E+01 -2.14075E+01  4.12531E+00  0.00000E+00  0.00000E+00
    2.1131E+01 -2.18742E+01  4.12531E+00  0.00000E+00  0.00000E+00
    2.1163E+01 -2.24512E+01  4.12531E+00  0.00000E+00  0.00000E+00
    2.1196E+01 -2.29256E+01  4.12531E+00  0.00000E+00  0.00000E+00
    2.1229E+01 -2.29256E+01  4.12531E+00  0.00000E+00  0.00000E+00
    2.1262E+01 -2.29256E+01  4.12531E+00  0.00000E+00  0.00000E+00
    2.1294E+01 -2.29256E+01  4.12531E+00  0.00000E+00  0.00000E+00
    2.1327E+01 -2.29256E+01  4.12531E+00  0.00000E+00  0.00000E+00
    2.1360E+01 -2.29256E+01  4.12531E+00  0.00000E+00  0.00000E+00
    2.1393E+01 -2.29256E+01  4.12531E+00  0.00000E+00  0.00000E+00
    2.1425E+01 -2.29256E+01  4.12531E+00  0.00000E+00  0.00000E+00
    2.1458E+01 -2.31451E+01  4.12531E+00  0.00000E+00  0.00000E+00
    2.1491E+01 -2.31451E+01  4.12531E+00  0.00000E+00  0.00000E+00
    2.1524E+01 -2.31451E+01  4.12531E+00  0.00000E+00  0.00000E+00
    2.1556E+01 -2.31451E+01  4.12531E+00  0.00000E+00  0.00000E+00
    2.1589E+01 -2.31451E+01  4.12531E+00  0.00000E+00  0.00000E+00
    2.1622E+01 -2.31451E+01  4.12531E+00  0.00000E+00  0.00000E+00
    2.1655E+01 -2.31451E+01  4.12531E+00  0.00000E+00  0.00000E+00
    2.1688E+01 -2.32107E+01  4.12531E+00  0.00000E+00  0.00000E+00
    2.1720E+01 -2.32107E+01  4.12531E+00  0.00000E+00  0.00000E+00
    2.1753E+01 -2.32107E+01  4.12531E+00  0.00000E+00  0.00000E+00
    2.1786E+01 -2.55109E+01  4.12531E+00  0.00000E+00  0.00000E+00
    2.1819E+01 -2.55109E+01  4.12531E+00  0.00000E+00  0.00000E+00
    2.1851E+01 -2.55109E+01  4.12531E+00  0.00000E+00  0.00000E+00
    2.1884E+01 -2.55109E+01  4.12531E+00  0.00000E+00  0.00000E+00
    2.1917E+01 -2.55109E+01  4.12531E+00  0.00000E+00  0.00000E+00
    2.1950E+01 -2.75659E+01  4.12531E+00  0.00000E+00  0.00000E+00
    2.1982E+01 -2.75659E+01  4.12531E+00  0.00000E+00  0.00000E+00
    2.2015E+01 -2.75659E+01  4.12531E+00  0.00000E+00  0.00000E+00
    2.2048E+01 -2.75659E+01  4.12531E+00  0.00000E+00  0.00000E+00
    2.2081E+01 -2.75659E+01  4.12531E+00  0.00000E+00  0.00000E+00
    2.2113E+01 -2.78624E+01  4.42412E+00  0.00000E+00  0.00000E+00
    2.2146E+01 -2.78624E+01  4.42412E+00  0.00000E+00  0.00000E+00
    2.2179E+01 -2.78624E+01  4.42412E+00  0.00000E+00  0.00000E+00
    2.2212E+01 -2.78624E+01  4.42412E+00  0.00000E+00  0.00000E+00
    2.2244E+01 -2.83779E+01  4.42412E+00  0.00000E+00  0.00000E+00
    2.2277E+01 -2.83779E+01  4.42412E+00  0.00000E+00  0.00000E+00
    2.2310E+01 -2.95503E+01  4.42412E+00  0.00000E+00  0.00000E+00
    2.2343E+01 -2.95503E+01  4.42412E+00  0.00000E+00  0.00000E+00
    2.2375E+01 -2.95503E+01  4.42412E+00  0.00000E+00  0.00000E+00
    2.2408E+01 -3.02079E+01  4.09529E+00  0.00000E+00  0.00000E+00
    2.2441E+01 -3.17070E+01  4.09529E+00  0.00000E+00  0.00000E+00
    2.2474E+01 -3.17070E+01  4.09529E+00  0.00000E+00  0.00000E+00
    2.2507E+01 -3.08575E+01  4.94479E+00  0.00000E+00  0.00000E+00
    2.2539E+01 -3.08575E+01  4.94479E+00  0.00000E+00  0.00000E+00
    2.2572E+01 -3.08575E+01  4.94479E+00  0.00000E+00  0.00000E+00
    2.2605E+01 -3.08575E+01  4.94479E+00  0.00000E+00  0.00000E+00
    2.2638E+01 -3.08575E+01  4.94479E+00  0.00000E+00  0.00000E+00
    2.2670E+01 -3.08575E+01  4.94479E+00  0.00000E+00  0.00000E+00
    2.2703E+01 -3.15041E+01  4.94479E+00  0.00000E+00  0.00000E+00
    2.2736E+01 -3.15041E+01  4.94479E+00  0.00000E+00  0.00000E+00
    2.2769E+01 -3.15041E+01  4.94479E+00  0.00000E+00  0.00000E+00
    2.2801E+01 -3.15041E+01  4.94479E+00  0.00000E+00  0.00000E+00
    2.2834E+01 -3.15041E+01  4.94479E+00  0.00000E+00  0.00000E+00
    2.2867E+01 -3.15041E+01  4.94479E+00  0.00000E+00  0.00000E+00
    2.2900E+01 -3.15041E+01  4.94479E+00  0.00000E+00  0.00000E+00
    2.2932E+01 -3.15041E+01  4.94479E+00  0.00000E+00  0.00000E+00
    2.2965E+01 -3.15041E+01  4.94479E+00  0.00000E+00  0.00000E+00
    2.2998E+01 -3.15041E+01  4.94479E+00  0.00000E+00  0.00000E+00
    2.3031E+01 -3.15041E+01  4.94479E+00  0.00000E+00  0.00000E+00
    2.3063E+01 -3.22803E+01  4.94479E+00  0.00000E+00  0.00000E+00
    2.3096E+01 -3.22803E+01  4.94479E+00  0.00000E+00  0.00000E+00
    2.3129E+01 -3.22803E+01  4.94479E+00  0.00000E+00  0.00000E+00
    2.3162E+01 -3.22803E+01  4.94479E+00  0.00000E+00  0.00000E+00
    2.3195E+01 -3.22803E+01  4.94479E+00  0.00000E+00  0.00000E+00
    2.3227E+01 -3.22803E+01  4.94479E+00  0.00000E+00  0.00000E+00
    2.3260E+01 -3.22803E+01  4.94479E+00  0.00000E+00  0.00000E+00
    2.3293E+01 -3.22803E+01  4.94479E+00  0.00000E+00  0.00000E+00
    2.3326E+01 -3.22803E+01  4.94479E+00  0.00000E+00  0.00000E+00
    2.3358E+01 -3.22803E+01  4.94479E+00  0.00000E+00  0.00000E+00
    2.3391E+01 -3.22803E+01  4.94479E+00  0.00000E+00  0.00000E+00
    2.3424E+01 -3.22803E+01  4.94479E+00  0.00000E+00  0.00000E+00
    2.3457E+01 -3.18168E+01  4.94479E+00  0.00000E+00  0.00000E+00
    2.3489E+01 -3.18168E+01  4.94479E+00  0.00000E+00  0.00000E+00
    2.3522E+01 -3.18168E+01  4.94479E+00  0.00000E+00  0.00000E+00
    2.3555E+01 -3.18168E+01  4.94479E+00  0.00000E+00  0.00000E+00
    2.3588E+01 -3.18168E+01  4.94479E+00  0.00000E+00  0.00000E+00
    2.3620E+01 -3.18168E+01  4.94479E+00  0.00000E+00  0.00000E+00
    2.3653E+01 -3.18168E+01  4.94479E+00  0.00000E+00  0.00000E+00
    2.3686E+01 -3.18168E+01  4.94479E+00  0.00000E+00  0.00000E+00
    2.3719E+01 -3.18168E+01  4.94479E+00  0.00000E+00  0.00000E+00
    2.3751E+01 -3.32816E+01  4.94479E+00  0.00000E+00  0.00000E+00
    2.3784E+01 -3.32816E+01  4.94479E+00  0.00000E+00  0.00000E+00
    2.3817E+01 -3.32816E+01  4.94479E+00  0.00000E+00  0.00000E+00
    2.3850E+01 -3.32816E+01  4.94479E+00  0.00000E+00  0.00000E+00
    2.3882E+01 -3.33366E+01  4.94479E+00  0.00000E+00  0.00000E+00
    2.3915E+01 -3.33366E+01  4.94479E+00  0.00000E+00  0.00000E+00
    2.3948E+01 -3.33366E+01  4.94479E+00  0.00000E+00  0.00000E+00
    2.3981E+01 -3.33366E+01  4.94479E+00  0.00000E+00  0.00000E+00
    2.4014E+01 -3.44671E+01  4.94479E+00  0.00000E+00  0.00000E+00
    2.4046E+01 -3.44671E+01  4.94479E+00  0.00000E+00  0.00000E+00
    2.4079E+01 -3.44671E+01  4.94479E+00  0.00000E+00  0.00000E+00
    2.4112E+01 -3.44671E+01  4.94479E+00  0.00000E+00  0.00000E+00
    2.4145E+01 -3.44219E+01  4.98996E+00  0.00000E+00  0.00000E+00
    2.4177E+01 -3.44219E+01  4.98996E+00  0.00000E+00  0.00000E+00
    2.4210E+01 -3.48682E+01  4.98996E+00  0.00000E+00  0.00000E+00
    2.4243E+01 -3.49408E+01  4.98996E+00  0.00000E+00  0.00000E+00
    2.4276E+01 -3.49408E+01  4.98996E+00  0.00000E+00  0.00000E+00
    2.4308E+01 -3.72438E+01  4.98996E+00  0.00000E+00  0.00000E+00
    2.4341E+01 -3.76755E+01  4.98996E+00  0.00000E+00  0.00000E+00
    2.4374E+01 -3.67127E+01  4.98996E+00  0.00000E+00  0.00000E+00
    2.4407E+01 -3.67127E+01  4.98996E+00  0.00000E+00  0.00000E+00
    2.4439E+01 -3.67127E+01  4.98996E+00  0.00000E+00  0.00000E+00
    2.4472E+01 -3.67127E+01  4.98996E+00  0.00000E+00  0.00000E+00
    2.4505E+01 -3.67127E+01  4.98996E+00  0.00000E+00  0.00000E+00
    2.4538E+01 -3.67127E+01  4.98996E+00  0.00000E+00  0.00000E+00
    2.4570E+01 -3.67127E+01  4.98996E+00  0.00000E+00  0.00000E+00
    2.4603E+01 -3.67127E+01  4.98996E+00  0.00000E+00  0.00000E+00
    2.4636E+01 -3.67958E+01  4.98996E+00  0.00000E+00  0.00000E+00
    2.4669E+01 -3.72750E+01  5.04062E+00  0.00000E+00  0.00000E+00
    2.4701E+01 -3.98193E+01  3.79853E+00  0.00000E+00  0.00000E+00
    2.4734E+01 -3.98193E+01  3.79853E+00  0.00000E+00  0.00000E+00
    2.4767E+01 -3.98193E+01  3.79853E+00  0.00000E+00  0.00000E+00
    2.4800E+01 -3.98193E+01  3.79853E+00  0.00000E+00  0.00000E+00
    2.4833E+01 -3.98193E+01  3.79853E+00  0.00000E+00  0.00000E+00
    2.4865E+01 -3.98193E+01  3.79853E+00  0.00000E+00  0.00000E+00
    2.4898E+01 -3.98193E+01  3.79853E+00  0.00000E+00  0.00000E+00
    2.4931E+01 -3.98193E+01  3.79853E+00  0.00000E+00  0.00000E+00
    2.4964E+01 -3.98193E+01  3.79853E+00  0.00000E+00  0.00000E+00
    2.4996E+01 -4.10899E+01  3.79853E+00  0.00000E+00  0.00000E+00
    2.5029E+01 -4.10899E+01  3.79853E+00  0.00000E+00  0.00000E+00
    2.5062E+01 -4.10899E+01  3.79853E+00  0.00000E+00  0.00000E+00
    2.5095E+01 -4.10899E+01  3.79853E+00  0.00000E+00  0.00000E+00
    2.5127E+01 -4.10899E+01  3.79853E+00  0.00000E+00  0.00000E+00
    2.5160E+01 -4.10899E+01  3.79853E+00  0.00000E+00  0.00000E+00
    2.5193E+01 -4.10899E+01  3.79853E+00  0.00000E+00  0.00000E+00
    2.5226E+01 -4.10899E+01  3.79853E+00  0.00000E+00  0.00000E+00
    2.5258E+01 -4.22262E+01  3.79853E+00  0.00000E+00  0.00000E+00
    2.5291E+01 -4.22262E+01  3.79853E+00  0.00000E+00  0.00000E+00
    2.5324E+01 -4.22262E+01  3.79853E+00  0.00000E+00  0.00000E+00
    2.5357E+01 -4.22262E+01  3.79853E+00  0.00000E+00  0.00000E+00
    2.5389E+01 -4.22262E+01  3.79853E+00  0.00000E+00  0.00000E+00
    2.5422E+01 -4.22262E+01  3.79853E+00  0.00000E+00  0.00000E+00
    2.5455E+01 -4.22262E+01  3.79853E+00  0.00000E+00  0.00000E+00
    2.5488E+01 -4.22262E+01  3.79853E+00  0.00000E+00  0.00000E+00
    2.5521E+01 -4.22262E+01  3.79853E+00  0.00000E+00  0.00000E+00
    2.5553E+01 -4.22262E+01  3.79853E+00  0.00000E+00  0.00000E+00
    2.5586E+01 -4.22262E+01  3.79853E+00  0.00000E+00  0.00000E+00
    2.5619E+01 -4.22262E+01  3.79853E+00  0.00000E+00  0.00000E+00
    2.5652E+01 -4.22262E+01  3.79853E+00  0.00000E+00  0.00000E+00
    2.5684E+01 -4.22262E+01  3.79853E+00  0.00000E+00  0.00000E+00
    2.5717E+01 -4.22262E+01  3.79853E+00  0.00000E+00  0.00000E+00
    2.5750E+01 -4.11898E+01  4.31672E+00  0.00000E+00  0.00000E+00
    2.5783E+01 -4.12751E+01  4.31672E+00  0.00000E+00  0.00000E+00
    2.5815E+01 -4.12751E+01  4.31672E+00  0.00000E+00  0.00000E+00
    2.5848E+01 -4.12751E+01  4.31672E+00  0.00000E+00  0.00000E+00
    2.5881E+01 -4.12751E+01  4.31672E+00  0.00000E+00  0.00000E+00
    2.5914E+01 -4.12751E+01  4.31672E+00  0.00000E+00  0.00000E+00
    2.5946E+01 -4.12751E+01  4.31672E+00  0.00000E+00  0.00000E+00
    2.5979E+01 -4.12751E+01  4.31672E+00  0.00000E+00  0.00000E+00
    2.6012E+01 -4.12751E+01  4.31672E+00  0.00000E+00  0.00000E+00
    2.6045E+01 -4.13196E+01  4.31672E+00  0.00000E+00  0.00000E+00
    2.6077E+01 -4.13196E+01  4.31672E+00  0.00000E+00  0.00000E+00
    2.6110E+01 -4.13196E+01  4.31672E+00  0.00000E+00  0.00000E+00
    2.6143E+01 -4.13196E+01  4.31672E+00  0.00000E+00  0.00000E+00
    2.6176E+01 -4.13196E+01  4.31672E+00  0.00000E+00  0.00000E+00
    2.6208E+01 -4.27295E+01  4.31672E+00  0.00000E+00  0.00000E+00
    2.6241E+01 -4.27295E+01  4.31672E+00  0.00000E+00  0.00000E+00
    2.6274E+01 -4.27295E+01  4.31672E+00  0.00000E+00  0.00000E+00
    2.6307E+01 -4.16413E+01  4.58875E+00  0.00000E+00  0.00000E+00
    2.6340E+01 -4.16413E+01  4.58875E+00  0.00000E+00  0.00000E+00
    2.6372E+01 -4.16413E+01  4.58875E+00  0.00000E+00  0.00000E+00
    2.6405E+01 -4.16413E+01  4.58875E+00  0.00000E+00  0.00000E+00
    2.6438E+01 -4.16413E+01  4.58875E+00  0.00000E+00  0.00000E+00
    2.6471E+01 -4.16413E+01  4.58875E+00  0.00000E+00  0.00000E+00
    2.6503E+01 -4.16413E+01  4.58875E+00  0.00000E+00  0.00000E+00
    2.6536E+01 -4.16413E+01  4.58875E+00  0.00000E+00  0.00000E+00
    2.6569E+01 -4.16413E+01  4.58875E+00  0.00000E+00  0.00000E+00
    2.6602E+01 -4.16413E+01  4.58875E+00  0.00000E+00  0.00000E+00
    2.6634E+01 -4.16413E+01  4.58875E+00  0.00000E+00  0.00000E+00
    2.6667E+01 -4.16413E+01  4.58875E+00  0.00000E+00  0.00000E+00
    2.6700E+01 -4.16413E+01  4.58875E+00  0.00000E+00  0.00000E+00
    2.6733E+01 -3.94795E+01  4.58875E+00  0.00000E+00  0.00000E+00
    2.6765E+01 -3.94795E+01  4.58875E+00  0.00000E+00  0.00000E+00
    2.6798E+01 -3.94795E+01  4.58875E+00  0.00000E+00  0.00000E+00
    2.6831E+01 -3.94795E+01  4.58875E+00  0.00000E+00  0.00000E+00
    2.6864E+01 -3.94795E+01  4.58875E+00  0.00000E+00  0.00000E+00
    2.6896E+01 -3.82486E+01  5.20418E+00  0.00000E+00  0.00000E+00
    2.6929E+01 -3.82486E+01  5.20418E+00  0.00000E+00  0.00000E+00
    2.6962E+01 -3.82486E+01  5.20418E+00  0.00000E+00  0.00000E+00
    2.6995E+01 -3.75754E+01  5.20418E+00  0.00000E+00  0.00000E+00
    2.7027E+01 -3.75754E+01  5.20418E+00  0.00000E+00  0.00000E+00
    2.7060E+01 -3.75754E+01  5.20418E+00  0.00000E+00  0.00000E+00
    2.7093E+01 -3.75754E+01  5.20418E+00  0.00000E+00  0.00000E+00
    2.7126E+01 -3.75754E+01  5.20418E+00  0.00000E+00  0.00000E+00
    2.7159E+01 -3.75754E+01  5.20418E+00  0.00000E+00  0.00000E+00
    2.7191E+01 -3.75754E+01  5.20418E+00  0.00000E+00  0.00000E+00
    2.7224E+01 -3.75754E+01  5.20418E+00  0.00000E+00  0.00000E+00
    2.7257E+01 -3.75754E+01  5.20418E+00  0.00000E+00  0.00000E+00
    2.7290E+01 -3.92731E+01  4.35531E+00  0.00000E+00  0.00000E+00
    2.7322E+01 -3.92731E+01  4.35531E+00  0.00000E+00  0.00000E+00
    2.7355E+01 -3.92731E+01  4.35531E+00  0.00000E+00  0.00000E+00
    2.7388E+01 -3.92731E+01  4.35531E+00  0.00000E+00  0.00000E+00
    2.7421E+01 -3.92731E+01  4.35531E+00  0.00000E+00  0.00000E+00
    2.7453E+01 -3.92731E+01  4.35531E+00  0.00000E+00  0.00000E+00
    2.7486E+01 -3.92731E+01  4.35531E+00  0.00000E+00  0.00000E+00
    2.7519E+01 -3.92731E+01  4.35531E+00  0.00000E+00  0.00000E+00
    2.7552E+01 -3.92731E+01  4.35531E+00  0.00000E+00  0.00000E+00
    2.7584E+01 -3.92731E+01  4.35531E+00  0.00000E+00  0.00000E+00
    2.7617E+01 -3.92731E+01  4.35531E+00  0.00000E+00  0.00000E+00
    2.7650E+01 -3.92731E+01  4.35531E+00  0.00000E+00  0.00000E+00
    2.7683E+01 -3.92731E+01  4.35531E+00  0.00000E+00  0.00000E+00
    2.7715E+01 -3.92731E+01  4.35531E+00  0.00000E+00  0.00000E+00
    2.7748E+01 -3.92731E+01  4.35531E+00  0.00000E+00  0.00000E+00
    2.7781E+01 -3.92731E+01  4.35531E+00  0.00000E+00  0.00000E+00
    2.7814E+01 -3.92731E+01  4.35531E+00  0.00000E+00  0.00000E+00
    2.7847E+01 -3.92731E+01  4.35531E+00  0.00000E+00  0.00000E+00
    2.7879E+01 -3.92731E+01  4.35531E+00  0.00000E+00  0.00000E+00
    2.7912E+01 -3.92731E+01  4.35531E+00  0.00000E+00  0.00000E+00
    2.7945E+01 -3.92731E+01  4.35531E+00  0.00000E+00  0.00000E+00
    2.7978E+01 -3.92731E+01  4.35531E+00  0.00000E+00  0.00000E+00
    2.8010E+01 -3.92731E+01  4.35531E+00  0.00000E+00  0.00000E+00
    2.8043E+01 -3.93439E+01  4.35531E+00  0.00000E+00  0.00000E+00
    2.8076E+01 -3.93439E+01  4.35531E+00  0.00000E+00  0.00000E+00
    2.8109E+01 -3.93439E+01  4.35531E+00  0.00000E+00  0.00000E+00
    2.8141E+01 -3.93439E+01  4.35531E+00  0.00000E+00  0.00000E+00
    2.8174E+01 -3.93439E+01  4.35531E+00  0.00000E+00  0.00000E+00
    2.8207E+01 -3.93439E+01  4.35531E+00  0.00000E+00  0.00000E+00
    2.8240E+01 -3.93439E+01  4.35531E+00  0.00000E+00  0.00000E+00
    2.8272E+01 -3.93439E+01  4.35531E+00  0.00000E+00  0.00000E+00
    2.8305E+01 -3.93439E+01  4.35531E+00  0.00000E+00  0.00000E+00
    2.8338E+01 -3.93439E+01  4.35531E+00  0.00000E+00  0.00000E+00
    2.8371E+01 -3.93439E+01  4.35531E+00  0.00000E+00  0.00000E+00
    2.8403E+01 -3.93439E+01  4.35531E+00  0.00000E+00  0.00000E+00
    2.8436E+01 -3.93439E+01  4.35531E+00  0.00000E+00  0.00000E+00
    2.8469E+01 -3.93439E+01  4.35531E+00  0.00000E+00  0.00000E+00
    2.8502E+01 -3.93439E+01  4.35531E+00  0.00000E+00  0.00000E+00
    2.8534E+01 -3.93439E+01  4.35531E+00  0.00000E+00  0.00000E+00
    2.8567E+01 -3.93439E+01  4.35531E+00  0.00000E+00  0.00000E+00
    2.8600E+01 -3.93439E+01  4.35531E+00  0.00000E+00  0.00000E+00
    2.8633E+01 -3.93439E+01  4.35531E+00  0.00000E+00  0.00000E+00
    2.8666E+01 -3.93439E+01  4.35531E+00  0.00000E+00  0.00000E+00
    2.8698E+01 -3.93439E+01  4.35531E+00  0.00000E+00  0.00000E+00
    2.8731E+01 -3.93439E+01  4.35531E+00  0.00000E+00  0.00000E+00
    2.8764E+01 -3.93439E+01  4.35531E+00  0.00000E+00  0.00000E+00
    2.8797E+01 -3.93439E+01  4.35531E+00  0.00000E+00  0.00000E+00
    2.8829E+01 -3.93439E+01  4.35531E+00  0.00000E+00  0.00000E+00
    2.8862E+01 -3.93439E+01  4.35531E+00  0.00000E+00  0.00000E+00
    2.8895E+01 -3.93439E+01  4.35531E+00  0.00000E+00  0.00000E+00
    2.8928E+01 -3.93439E+01  4.35531E+00  0.00000E+00  0.00000E+00
    2.8960E+01 -4.14310E+01  4.68655E+00  0.00000E+00  0.00000E+00
    2.8993E+01 -4.14310E+01  4.68655E+00  0.00000E+00  0.00000E+00
    2.9026E+01 -4.14310E+01  4.68655E+00  0.00000E+00  0.00000E+00
    2.9059E+01 -4.14310E+01  4.68655E+00  0.00000E+00  0.00000E+00
    2.9091E+01 -4.14310E+01  4.68655E+00  0.00000E+00  0.00000E+00
    2.9124E+01 -4.14310E+01  4.68655E+00  0.00000E+00  0.00000E+00
    2.9157E+01 -4.14310E+01  4.68655E+00  0.00000E+00  0.00000E+00
    2.9190E+01 -4.14310E+01  4.68655E+00  0.00000E+00  0.00000E+00
    2.9222E+01 -4.14310E+01  4.68655E+00  0.00000E+00  0.00000E+00
    2.9255E+01 -4.14310E+01  4.68655E+00  0.00000E+00  0.00000E+00
    2.9288E+01 -4.14310E+01  4.68655E+00  0.00000E+00  0.00000E+00
    2.9321E+01 -4.14310E+01  4.68655E+00  0.00000E+00  0.00000E+00
    2.9354E+01 -4.14310E+01  4.68655E+00  0.00000E+00  0.00000E+00
    2.9386E+01 -4.14310E+01  4.68655E+00  0.00000E+00  0.00000E+00
    2.9419E+01 -4.14310E+01  4.68655E+00  0.00000E+00  0.00000E+00
    2.9452E+01 -4.14310E+01  4.68655E+00  0.00000E+00  0.00000E+00
    2.9485E+01 -4.14310E+01  4.68655E+00  0.00000E+00  0.00000E+00
    2.9517E+01 -4.14310E+01  4.68655E+00  0.00000E+00  0.00000E+00
    2.9550E+01 -4.45576E+01  4.68655E+00  0.00000E+00  0.00000E+00
    2.9583E+01 -4.45576E+01  4.68655E+00  0.00000E+00  0.00000E+00
    2.9616E+01 -4.45576E+01  4.68655E+00  0.00000E+00  0.00000E+00
    2.9648E+01 -4.45576E+01  4.68655E+00  0.00000E+00  0.00000E+00
    2.9681E+01 -4.45576E+01  4.68655E+00  0.00000E+00  0.00000E+00
    2.9714E+01 -4.45576E+01  4.68655E+00  0.00000E+00  0.00000E+00
    2.9747E+01 -4.45576E+01  4.68655E+00  0.00000E+00  0.00000E+00
    2.9779E+01 -4.45576E+01  4.68655E+00  0.00000E+00  0.00000E+00
    2.9812E+01 -4.45576E+01  4.68655E+00  0.00000E+00  0.00000E+00
    2.9845E+01 -4.45576E+01  4.68655E+00  0.00000E+00  0.00000E+00
    2.9878E+01 -4.45576E+01  4.68655E+00  0.00000E+00  0.00000E+00
    2.9910E+01 -4.45576E+01  4.68655E+00  0.00000E+00  0.00000E+00
    2.9943E+01 -4.43358E+01  4.68655E+00  0.00000E+00  0.00000E+00
    2.9976E+01 -4.43358E+01  4.68655E+00  0.00000E+00  0.00000E+00
    3.0009E+01 -4.43358E+01  4.68655E+00  0.00000E+00  0.00000E+00
    3.0041E+01 -4.43358E+01  4.68655E+00  0.00000E+00  0.00000E+00
    3.0074E+01 -4.43358E+01  4.68655E+00  0.00000E+00  0.00000E+00
    3.0107E+01 -4.43358E+01  4.68655E+00  0.00000E+00  0.00000E+00
    3.0140E+01 -4.43358E+01  4.68655E+00  0.00000E+00  0.00000E+00
    3.0173E+01 -4.43358E+01  4.68655E+00  0.00000E+00  0.00000E+00
    3.0205E+01 -4.43358E+01  4.68655E+00  0.00000E+00  0.00000E+00
    3.0238E+01 -4.43358E+01  4.68655E+00  0.00000E+00  0.00000E+00
    3.0271E+01 -4.43358E+01  4.68655E+00  0.00000E+00  0.00000E+00
    3.0304E+01 -4.43358E+01  4.68655E+00  0.00000E+00  0.00000E+00
    3.0336E+01 -4.43358E+01  4.68655E+00  0.00000E+00  0.00000E+00
    3.0369E+01 -4.43358E+01  4.68655E+00  0.00000E+00  0.00000E+00
    3.0402E+01 -4.43358E+01  4.68655E+00  0.00000E+00  0.00000E+00
    3.0435E+01 -4.43358E+01  4.68655E+00  0.00000E+00  0.00000E+00
    3.0467E+01 -4.43358E+01  4.68655E+00  0.00000E+00  0.00000E+00
    3.0500E+01 -4.43358E+01  4.68655E+00  0.00000E+00  0.00000E+00
    3.0533E+01 -4.43358E+01  4.68655E+00  0.00000E+00  0.00000E+00
    3.0566E+01 -4.43358E+01  4.68655E+00  0.00000E+00  0.00000E+00
    3.0598E+01 -4.43358E+01  4.68655E+00  0.00000E+00  0.00000E+00
    3.0631E+01 -4.43358E+01  4.68655E+00  0.00000E+00  0.00000E+00
    3.0664E+01 -4.43358E+01  4.68655E+00  0.00000E+00  0.00000E+00
    3.0697E+01 -4.43358E+01  4.68655E+00  0.00000E+00  0.00000E+00
    3.0729E+01 -4.43358E+01  4.68655E+00  0.00000E+00  0.00000E+00
    3.0762E+01 -4.43358E+01  4.68655E+00  0.00000E+00  0.00000E+00
    3.0795E+01 -4.43358E+01  4.68655E+00  0.00000E+00  0.00000E+00
    3.0828E+01 -4.43358E+01  4.68655E+00  0.00000E+00  0.00000E+00
    3.0860E+01 -4.43358E+01  4.68655E+00  0.00000E+00  0.00000E+00
    3.0893E+01 -4.43358E+01  4.68655E+00  0.00000E+00  0.00000E+00
    3.0926E+01 -4.43358E+01  4.68655E+00  0.00000E+00  0.00000E+00
    3.0959E+01 -4.43358E+01  4.68655E+00  0.00000E+00  0.00000E+00
    3.0992E+01 -4.43358E+01  4.68655E+00  0.00000E+00  0.00000E+00
    3.1024E+01 -4.43358E+01  4.68655E+00  0.00000E+00  0.00000E+00
    3.1057E+01 -4.43358E+01  4.68655E+00  0.00000E+00  0.00000E+00
    3.1090E+01 -4.43358E+01  4.68655E+00  0.00000E+00  0.00000E+00
    3.1123E+01 -4.43358E+01  4.68655E+00  0.00000E+00  0.00000E+00
    3.1155E+01 -4.43358E+01  4.68655E+00  0.00000E+00  0.00000E+00
    3.1188E+01 -4.43358E+01  4.68655E+00  0.00000E+00  0.00000E+00
    3.1221E+01 -4.43358E+01  4.68655E+00  0.00000E+00  0.00000E+00
    3.1254E+01 -4.43358E+01  4.68655E+00  0.00000E+00  0.00000E+00
    3.1286E+01 -4.43358E+01  4.68655E+00  0.00000E+00  0.00000E+00
    3.1319E+01 -4.43358E+01  4.68655E+00  0.00000E+00  0.00000E+00
    3.1352E+01 -4.43358E+01  4.68655E+00  0.00000E+00  0.00000E+00
    3.1385E+01 -4.43358E+01  4.68655E+00  0.00000E+00  0.00000E+00
    3.1417E+01 -4.43358E+01  4.68655E+00  0.00000E+00  0.00000E+00
    3.1450E+01 -4.43358E+01  4.68655E+00  0.00000E+00  0.00000E+00
    3.1483E+01 -4.43358E+01  4.68655E+00  0.00000E+00  0.00000E+00
    3.1516E+01 -4.43358E+01  4.68655E+00  0.00000E+00  0.00000E+00
    3.1548E+01 -4.43358E+01  4.68655E+00  0.00000E+00  0.00000E+00
    3.1581E+01 -4.43358E+01  4.68655E+00  0.00000E+00  0.00000E+00
    3.1614E+01 -4.43358E+01  4.68655E+00  0.00000E+00  0.00000E+00
    3.1647E+01 -4.43358E+01  4.68655E+00  0.00000E+00  0.00000E+00
    3.1680E+01 -4.43358E+01  4.68655E+00  0.00000E+00  0.00000E+00
    3.1712E+01 -4.43358E+01  4.68655E+00  0.00000E+00  0.00000E+00
    3.1745E+01 -4.43358E+01  4.68655E+00  0.00000E+00  0.00000E+00
    3.1778E+01 -4.43358E+01  4.68655E+00  0.00000E+00  0.00000E+00
    3.1811E+01 -4.43358E+01  4.68655E+00  0.00000E+00  0.00000E+00
    3.1843E+01 -4.33772E+01  4.68655E+00  0.00000E+00  0.00000E+00
    3.1876E+01 -4.33772E+01  4.68655E+00  0.00000E+00  0.00000E+00
    3.1909E+01 -4.33772E+01  4.68655E+00  0.00000E+00  0.00000E+00
    3.1942E+01 -4.33772E+01  4.68655E+00  0.00000E+00  0.00000E+00
    3.1974E+01 -4.33772E+01  4.68655E+00  0.00000E+00  0.00000E+00
    3.2007E+01 -4.33772E+01  4.68655E+00  0.00000E+00  0.00000E+00
    3.2040E+01 -4.33772E+01  4.68655E+00  0.00000E+00  0.00000E+00
    3.2073E+01 -4.33772E+01  4.68655E+00  0.00000E+00  0.00000E+00
    3.2105E+01 -4.33772E+01  4.68655E+00  0.00000E+00  0.00000E+00
    3.2138E+01 -4.33772E+01  4.68655E+00  0.00000E+00  0.00000E+00
    3.2171E+01 -4.33772E+01  4.68655E+00  0.00000E+00  0.00000E+00
    3.2204E+01 -4.33772E+01  4.68655E+00  0.00000E+00  0.00000E+00
    3.2236E+01 -4.33772E+01  4.68655E+00  0.00000E+00  0.00000E+00
    3.2269E+01 -4.33772E+01  4.68655E+00  0.00000E+00  0.00000E+00
    3.2302E+01 -4.33772E+01  4.68655E+00  0.00000E+00  0.00000E+00
    3.2335E+01 -4.33772E+01  4.68655E+00  0.00000E+00  0.00000E+00
    3.2367E+01 -4.39410E+01  4.68655E+00  0.00000E+00  0.00000E+00
    3.2400E+01 -4.39410E+01  4.68655E+00  0.00000E+00  0.00000E+00
    3.2433E+01 -4.39410E+01  4.68655E+00  0.00000E+00  0.00000E+00
    3.2466E+01 -4.39410E+01  4.68655E+00  0.00000E+00  0.00000E+00
    3.2499E+01 -4.39410E+01  4.68655E+00  0.00000E+00  0.00000E+00
    3.2531E+01 -4.74947E+01  4.68655E+00  0.00000E+00  0.00000E+00
    3.2564E+01 -4.74947E+01  4.68655E+00  0.00000E+00  0.00000E+00
    3.2597E+01 -4.74947E+01  4.68655E+00  0.00000E+00  0.00000E+00
    3.2630E+01 -4.74947E+01  4.68655E+00  0.00000E+00  0.00000E+00
    3.2662E+01 -4.74947E+01  4.68655E+00  0.00000E+00  0.00000E+00
    3.2695E+01 -4.74947E+01  4.68655E+00  0.00000E+00  0.00000E+00
    3.2728E+01 -4.59174E+01  4.68655E+00  0.00000E+00  0.00000E+00
