        1038    5    7.7829    0.000000E+00   -3.451968E+05    0.000000E+00
        1039    5    7.7487   -1.387188E+05   -3.406840E+05   -1.387188E+05
        1040    5    7.7442   -2.658326E+05   -3.312257E+05   -2.658326E+05
        1041    5    7.7662   -3.682826E+05   -3.171301E+05   -3.682826E+05
        1099    5    7.6914    0.000000E+00   -3.274870E+05    0.000000E+00
        1100    5    7.6647   -1.393653E+05   -3.098151E+05   -1.393653E+05
        1101    5    7.6652   -2.652117E+05   -2.904742E+05   -2.652117E+05
        1102    5    7.6915   -3.636980E+05   -2.707792E+05   -3.636980E+05
        1103    5    7.7424   -4.224369E+05   -2.514906E+05   -4.224369E+05
        1160    5    7.6167    0.000000E+00   -2.828820E+05    0.000000E+00
        1161    5    7.5962   -1.384650E+05   -2.560255E+05   -1.384650E+05
        1162    5    7.6015   -2.613671E+05   -2.326894E+05   -2.613671E+05
        1163    5    7.6330   -3.536422E+05   -2.138302E+05   -3.536422E+05
        1164    5    7.6892   -4.016505E+05   -1.998364E+05   -4.016505E+05
        1165    5    7.7620   -3.978739E+05   -1.931399E+05   -3.978739E+05
        1221    5    7.5549    0.000000E+00   -2.214928E+05    0.000000E+00
        1222    5    7.5392   -1.363427E+05   -1.927466E+05   -1.363427E+05
        1223    5    7.5501   -2.548328E+05   -1.720173E+05   -2.548328E+05
        1224    5    7.5882   -3.384884E+05   -1.589135E+05   -3.384884E+05
        1225    5    7.6498   -3.722807E+05   -1.535503E+05   -3.722807E+05
        1226    5    7.7227   -3.514814E+05   -1.587643E+05   -3.514814E+05
        1227    5    7.7893   -2.942200E+05   -1.765073E+05   -2.942200E+05
        1282    5    7.5024    0.000000E+00   -1.586415E+05    0.000000E+00
        1283    5    7.4916   -1.334167E+05   -1.343085E+05   -1.334167E+05
        1284    5    7.5093   -2.462167E+05   -1.196288E+05   -2.462167E+05
        1285    5    7.5551   -3.185752E+05   -1.132511E+05   -3.185752E+05
        1286    5    7.6209   -3.345870E+05   -1.164824E+05   -3.345870E+05
        1287    5    7.6901   -2.971384E+05   -1.328571E+05   -2.971384E+05
        1288    5    7.7455   -2.392870E+05   -1.592181E+05   -2.392870E+05
        1289    5    7.7811   -1.975019E+05   -1.831885E+05   -1.975019E+05
        1343    5    7.4582    0.000000E+00   -1.060804E+05    0.000000E+00
        1344    5    7.4530   -1.301086E+05   -8.810554E+04   -1.301086E+05
        1345    5    7.4788   -2.360090E+05   -7.832068E+04   -2.360090E+05
        1346    5    7.5321   -2.940506E+05   -7.639856E+04   -2.940506E+05
        1347    5    7.5994   -2.897761E+05   -8.693737E+04   -2.897761E+05
        1348    5    7.6610   -2.410963E+05   -1.123548E+05   -2.410963E+05
        1349    5    7.7046   -1.931412E+05   -1.412198E+05   -1.931412E+05
        1350    5    7.7320   -1.698797E+05   -1.596833E+05   -1.698797E+05
        1351    5    7.7516   -1.665698E+05   -1.648458E+05   -1.665698E+05
        1352    5    7.7709   -1.731771E+05   -1.595548E+05   -1.731771E+05
        1404    5    7.4232    0.000000E+00   -6.629451E+04    0.000000E+00
        1405    5    7.4248   -1.267319E+05   -5.209173E+04   -1.267319E+05
        1406    5    7.4592   -2.243914E+05   -4.330379E+04   -2.243914E+05
        1407    5    7.5182   -2.649335E+05   -4.354801E+04   -2.649335E+05
        1408    5    7.5830   -2.408585E+05   -6.154587E+04   -2.408585E+05
        1409    5    7.6348   -1.909819E+05   -9.317986E+04   -1.909819E+05
        1410    5    7.6688   -1.595989E+05   -1.189904E+05   -1.595989E+05
        1411    5    7.6921   -1.522590E+05   -1.297818E+05   -1.522590E+05
        1412    5    7.7129   -1.580649E+05   -1.279162E+05   -1.580649E+05
        1413    5    7.7372   -1.689074E+05   -1.172329E+05   -1.689074E+05
        1414    5    7.7689   -1.813125E+05   -1.001126E+05   -1.813125E+05
        1465    5    7.3995    0.000000E+00   -3.339155E+04    0.000000E+00
        1466    5    7.4084   -1.234025E+05   -1.854981E+04   -1.234025E+05
        1467    5    7.4504   -2.111413E+05   -7.623274E+03   -2.111413E+05
        1468    5    7.5122   -2.313025E+05   -1.099827E+04   -2.313025E+05
        1469    5    7.5711   -1.922719E+05   -3.861538E+04   -1.922719E+05
        1470    5    7.6127   -1.514809E+05   -7.282269E+04   -1.514809E+05
        1471    5    7.6403   -1.373015E+05   -9.214492E+04   -1.373015E+05
        1472    5    7.6626   -1.412891E+05   -9.522650E+04   -1.412891E+05
        1473    5    7.6864   -1.525778E+05   -8.722194E+04   -1.525778E+05
        1474    5    7.7161   -1.658513E+05   -7.174639E+04   -1.658513E+05
        1475    5    7.7541   -1.794678E+05   -5.087106E+04   -1.794678E+05
        1526    5    7.3882    0.000000E+00    1.098946E+03    0.000000E+00
        1527    5    7.4043   -1.200270E+05    1.958505E+04   -1.200270E+05
        1528    5    7.4524   -1.954730E+05    3.239176E+04   -1.954730E+05
        1529    5    7.5135   -1.929817E+05    2.032217E+04   -1.929817E+05
        1530    5    7.5635   -1.478134E+05   -1.904671E+04   -1.478134E+05
        1531    5    7.5962   -1.228056E+05   -5.131264E+04   -1.228056E+05
        1532    5    7.6201   -1.230361E+05   -6.233611E+04   -1.230361E+05
        1533    5    7.6433   -1.345080E+05   -5.798754E+04   -1.345080E+05
        1534    5    7.6711   -1.491791E+05   -4.419687E+04   -1.491791E+05
        1535    5    7.7061   -1.641061E+05   -2.416967E+04   -1.641061E+05
        1536    5    7.7494   -1.787477E+05    0.000000E+00   -1.787477E+05
        1587    5    7.3898    0.000000E+00    4.242458E+04    0.000000E+00
        1588    5    7.4125   -1.162857E+05    6.468786E+04   -1.162857E+05
        1589    5    7.4647   -1.752584E+05    7.491485E+04   -1.752584E+05
        1590    5    7.5211   -1.489266E+05    4.415876E+04   -1.489266E+05
        1591    5    7.5600   -1.100078E+05   -5.417853E+03   -1.100078E+05
        1592    5    7.5856   -1.035655E+05   -3.003876E+04   -1.035655E+05
        1593    5    7.6081   -1.147298E+05   -3.131408E+04   -1.147298E+05
        1594    5    7.6339   -1.310874E+05   -1.945651E+04   -1.310874E+05
        1595    5    7.6660   -1.479791E+05    0.000000E+00   -1.479791E+05
        1648    5    7.4041    0.000000E+00    9.071826E+04    0.000000E+00
        1648    6    7.7384    0.000000E+00   -4.359941E+05    0.000000E+00
        1649    5    7.4329   -1.113861E+05    1.147350E+05   -1.113861E+05
        1649    6    7.7105   -1.202051E+05   -4.017086E+05   -1.202051E+05
        1650    5    7.4865   -1.447797E+05    1.118959E+05   -1.447797E+05
        1650    6    7.7319   -3.058846E+05   -3.364198E+05   -3.058846E+05
        1651    5    7.5323   -9.973457E+04    4.907171E+04   -9.973457E+04
        1652    5    7.5594   -8.273632E+04    3.411427E+02   -8.273632E+04
        1653    5    7.5806   -9.356744E+04   -9.825463E+03   -9.356744E+04
        1654    5    7.6042   -1.119334E+05    0.000000E+00   -1.119334E+05
        1709    5    7.4310    0.000000E+00    1.432043E+05    0.000000E+00
        1709    6    7.6523    0.000000E+00   -3.750062E+05    0.000000E+00
        1710    5    7.4651   -1.027158E+05    1.656526E+05   -1.027158E+05
        1710    6    7.6331   -1.299861E+05   -3.378425E+05   -1.299861E+05
        1711    5    7.5140   -9.074458E+04    1.166630E+05   -9.074458E+04
        1711    6    7.6714   -3.614837E+05   -2.284088E+05   -3.614837E+05
        1712    5    7.5415   -5.947038E+04    2.285640E+04   -5.947038E+04
        1713    5    7.5595   -7.241718E+04    0.000000E+00   -7.241718E+04
        1770    5    7.4699    0.000000E+00    1.976475E+05    0.000000E+00
        1770    6    7.5809    0.000000E+00   -3.132357E+05    0.000000E+00
        1771    5    7.5073   -7.166126E+04    1.957388E+05   -7.166126E+04
        1771    6    7.5697   -1.615874E+05   -2.529145E+05   -1.615874E+05
        1772    5    7.5305   -3.452101E+04    0.000000E+00   -3.452101E+04
        1772    6    7.6441   -4.182225E+05    0.000000E+00   -4.182225E+05
        1831    5    7.5202    0.000000E+00    0.000000E+00    0.000000E+00
        1831    6    7.5202    0.000000E+00    0.000000E+00    0.000000E+00
        4700    5    7.7158   -2.777200E+05   -3.297950E+05    0.000000E+00
        4701    5    7.7138   -4.051417E+05   -3.144934E+05   -1.253634E+05
        4702    5    7.7387   -5.081004E+05   -2.961933E+05   -2.246398E+05
        4703    5    7.7887   -5.756592E+05   -2.757330E+05   -2.847799E+05
        4761    5    7.6388   -2.786677E+05   -2.871451E+05    0.000000E+00
        4762    5    7.6423   -4.042227E+05   -2.645656E+05   -1.231689E+05
        4763    5    7.6725   -5.029949E+05   -2.437245E+05   -2.173986E+05
        4764    5    7.7281   -5.629315E+05   -2.254310E+05   -2.676584E+05
        4822    5    7.5761   -2.764589E+05   -2.275658E+05    0.000000E+00
        4823    5    7.5853   -3.989038E+05   -2.042549E+05   -1.198350E+05
        4824    5    7.6220   -4.917800E+05   -1.867604E+05   -2.061700E+05
        4825    5    7.6836   -5.417473E+05   -1.753990E+05   -2.422115E+05
        4826    5    7.7601   -5.421567E+05   -1.729462E+05   -2.200055E+05
        4883    5    7.5248   -2.717799E+05   -1.656143E+05    0.000000E+00
        4884    5    7.5406   -3.903870E+05   -1.467990E+05   -1.152256E+05
        4885    5    7.5849   -4.758733E+05   -1.355718E+05   -1.901648E+05
        4886    5    7.6520   -5.134707E+05   -1.326095E+05   -2.068819E+05
        4887    5    7.7270   -4.997858E+05   -1.416738E+05   -1.627392E+05
        4888    5    7.7915   -4.552684E+05   -1.634470E+05   -8.635917E+04
        4944    5    7.4833   -2.658789E+05   -1.126657E+05    0.000000E+00
        4945    5    7.5069   -3.803819E+05   -9.940901E+04   -1.088212E+05
        4946    5    7.5592   -4.569520E+05   -9.348197E+04   -1.682436E+05
        4947    5    7.6296   -4.797932E+05   -9.801361E+04   -1.608316E+05
        4948    5    7.6990   -4.535644E+05   -1.175756E+05   -9.719408E+04
        4949    5    7.7510   -4.122051E+05   -1.460135E+05   -2.484211E+04
        4950    5    7.7834   -3.865624E+05   -1.686100E+05    1.890016E+04
        5005    5    7.4517   -2.601143E+05   -7.142071E+04    0.000000E+00
        5006    5    7.4839   -3.703774E+05   -6.085571E+04   -1.000547E+05
        5007    5    7.5433   -4.361145E+05   -5.749537E+04   -1.394803E+05
        5008    5    7.6135   -4.425955E+05   -6.904201E+04   -1.055648E+05
        5009    5    7.6735   -4.093357E+05   -9.741253E+04   -3.209329E+04
        5010    5    7.7137   -3.788837E+05   -1.265807E+05    2.403722E+04
        5011    5    7.7392   -3.686858E+05   -1.427048E+05    4.664917E+04
        5012    5    7.7588   -3.729192E+05   -1.452098E+05    4.840400E+04
        5013    5    7.7801   -3.836613E+05   -1.377495E+05    4.127461E+04
        5066    5    7.4312   -2.553229E+05   -3.665919E+04    0.000000E+00
        5067    5    7.4717   -3.609758E+05   -2.483494E+04   -8.858676E+04
        5068    5    7.5357   -4.135303E+05   -2.301891E+04   -1.035818E+05
        5069    5    7.6017   -4.043375E+05   -4.347227E+04   -4.557662E+04
        5070    5    7.6508   -3.723525E+05   -7.802502E+04    2.381099E+04
        5071    5    7.6821   -3.562983E+05   -1.029978E+05    5.841528E+04
        5072    5    7.7045   -3.581740E+05   -1.114122E+05    6.451074E+04
        5073    5    7.7262   -3.688747E+05   -1.073277E+05    5.787161E+04
        5074    5    7.7527   -3.824792E+05   -9.474408E+04    4.699031E+04
        5075    5    7.7872   -3.966088E+05   -7.593082E+04    3.477346E+04
        5127    5    7.4222   -2.515478E+05   -6.563289E+02    0.000000E+00
        5128    5    7.4698   -3.518162E+05    1.432178E+04   -7.412096E+04
        5129    5    7.5355   -3.886567E+05    1.146969E+04   -6.047771E+04
        5130    5    7.5937   -3.677487E+05   -2.138167E+04    1.356819E+04
        5131    5    7.6323   -3.445977E+05   -5.804236E+04    6.685235E+04
        5132    5    7.6579   -3.421017E+05   -7.575836E+04    8.128953E+04
        5133    5    7.6801   -3.522015E+05   -7.646351E+04    7.613044E+04
        5134    5    7.7053   -3.667471E+05   -6.628216E+04    6.441284E+04
        5135    5    7.7372   -3.820188E+05   -4.883985E+04    5.113139E+04
        5136    5    7.7777   -3.968988E+05   -2.626075E+04    3.739279E+04
        5188    5    7.4249   -2.483215E+05    4.140238E+04    0.000000E+00
        5189    5    7.4782   -3.418434E+05    5.793708E+04   -5.544937E+04
        5190    5    7.5419   -3.602512E+05    4.244090E+04   -8.824172E+03
        5191    5    7.5897   -3.348769E+05   -4.939973E+03    6.772604E+04
        5192    5    7.6193   -3.252478E+05   -3.801313E+04    9.772819E+04
        5193    5    7.6420   -3.336608E+05   -4.643836E+04    9.593640E+04
        5194    5    7.6658   -3.491198E+05   -3.937018E+04    8.333691E+04
        5195    5    7.6952   -3.660232E+05   -2.319229E+04    6.827932E+04
        5196    5    7.7324   -3.823510E+05    0.000000E+00    5.311430E+04
        5249    5    7.4394   -2.451383E+05    8.966562E+04    0.000000E+00
        5249    6    7.7720   -2.176857E+05   -4.292138E+05    0.000000E+00
        5250    5    7.4965   -3.290797E+05    1.025678E+05   -2.816443E+04
        5250    6    7.7819   -3.531414E+05   -3.806004E+05   -1.891581E+05
        5251    5    7.5537   -3.265193E+05    6.069515E+04    5.444528E+04
        5252    5    7.5889   -3.079231E+05    3.076723E+03    1.126666E+05
        5253    5    7.6119   -3.133751E+05   -1.891313E+04    1.171747E+05
        5254    5    7.6342   -3.296577E+05   -1.625036E+04    1.035783E+05
        5255    5    7.6613   -3.483759E+05    0.000000E+00    8.621034E+04
        5310    5    7.4656   -2.416958E+05    1.416548E+05    0.000000E+00
        5310    6    7.6864   -2.239337E+05   -3.692275E+05    0.000000E+00
        5311    5    7.5242   -3.086033E+05    1.378607E+05    2.195971E+04
        5311    6    7.7086   -3.769305E+05   -3.042362E+05   -2.400197E+05
        5312    5    7.5670   -2.896330E+05    5.007284E+04    1.250255E+05
        5313    5    7.5895   -2.915046E+05    2.200077E+03    1.400436E+05
        5314    5    7.6096   -3.091996E+05    0.000000E+00    1.241507E+05
        5371    5    7.5038   -2.378526E+05    1.954297E+05    0.000000E+00
        5371    6    7.6152   -2.291866E+05   -3.087086E+05    0.000000E+00
        5372    5    7.5546   -2.678849E+05    1.071196E+05    1.338305E+05
        5372    6    7.6561   -4.189808E+05   -1.621266E+05   -3.524928E+05
        5373    5    7.5735   -2.695839E+05    0.000000E+00    1.632192E+05
        5432    5    7.5533   -2.334956E+05    0.000000E+00    0.000000E+00
        5432    6    7.5548   -2.335202E+05    0.000000E+00    0.000000E+00
        8362    5    7.7135   -5.328693E+05   -2.951447E+05    0.000000E+00
        8363    5    7.7433   -6.367055E+05   -2.734240E+05   -9.560246E+04
        8423    5    7.6486   -5.301522E+05   -2.408832E+05    0.000000E+00
        8424    5    7.6859   -6.306373E+05   -2.190722E+05   -9.019978E+04
        8425    5    7.7506   -6.946119E+05   -2.008508E+05   -1.328885E+05
        8484    5    7.5992   -5.225827E+05   -1.820209E+05    0.000000E+00
        8485    5    7.6450   -6.191240E+05   -1.643871E+05   -8.189273E+04
        8486    5    7.7170   -6.756844E+05   -1.527894E+05   -1.060475E+05
        8545    5    7.5632   -5.122122E+05   -1.289383E+05    0.000000E+00
        8546    5    7.6182   -6.046227E+05   -1.161250E+05   -6.926101E+04
        8547    5    7.6961   -6.523345E+05   -1.110223E+05   -6.799343E+04
        8548    5    7.7789   -6.502486E+05   -1.198750E+05    4.613263E+03
        8606    5    7.5392   -5.013982E+05   -8.472582E+04    0.000000E+00
        8607    5    7.6028   -5.894885E+05   -7.430714E+04   -5.091483E+04
        8608    5    7.6836   -6.264830E+05   -7.478527E+04   -1.751836E+04
        8609    5    7.7590   -6.137728E+05   -9.444283E+04    8.035201E+04
        8667    5    7.5258   -4.918447E+05   -4.566220E+04    0.000000E+00
        8668    5    7.5966   -5.749903E+05   -3.492647E+04   -2.585953E+04
        8669    5    7.6763   -5.993952E+05   -4.222223E+04    4.415546E+04
        8670    5    7.7405   -5.802127E+05   -7.299258E+04    1.546051E+05
        8671    5    7.7805   -5.616721E+05   -1.049200E+05    2.260377E+05
        8728    5    7.5223   -4.840784E+05   -5.812300E+03    0.000000E+00
        8729    5    7.5979   -5.611020E+05    5.370925E+03    6.810638E+03
        8730    5    7.6725   -5.721201E+05   -1.342711E+04    1.134659E+05
        8731    5    7.7238   -5.531235E+05   -5.389931E+04    2.183830E+05
        8732    5    7.7541   -5.470099E+05   -8.188277E+04    2.624549E+05
        8733    5    7.7757   -5.556539E+05   -9.022809E+04    2.691707E+05
        8789    5    7.5279   -4.777137E+05    3.842147E+04    0.000000E+00
        8790    5    7.6059   -5.468346E+05    4.622257E+04    4.948431E+04
        8791    5    7.6716   -5.456022E+05    8.917663E+03    1.864336E+05
        8792    5    7.7105   -5.334166E+05   -3.650861E+04    2.682899E+05
        8793    5    7.7347   -5.387003E+05   -5.634788E+04    2.867650E+05
        8794    5    7.7563   -5.536142E+05   -5.622409E+04    2.810802E+05
        8795    5    7.7820   -5.710883E+05   -4.448878E+04    2.686109E+05
        8850    5    7.5429   -4.720620E+05    8.693843E+04    0.000000E+00
        8851    5    7.6206   -5.302090E+05    8.259093E+04    1.093979E+05
        8852    5    7.6735   -5.208020E+05    2.035097E+04    2.588106E+05
        8853    5    7.7017   -5.203248E+05   -2.104832E+04    3.038956E+05
        8854    5    7.7231   -5.344287E+05   -2.933357E+04    3.014789E+05
        8855    5    7.7469   -5.529869E+05   -2.026977E+04    2.874399E+05
        8856    5    7.7772   -5.715757E+05    0.000000E+00    2.712542E+05
        8911    5    7.5679   -4.665053E+05    1.377429E+05    0.000000E+00
        8911    6    7.7838   -4.361486E+05   -3.551733E+05    0.000000E+00
        8912    5    7.6409   -5.076960E+05    1.007329E+05    2.030040E+05
        8913    5    7.6769   -5.006729E+05    1.667331E+04    3.196172E+05
        8914    5    7.6976   -5.134835E+05   -7.477019E+03    3.233645E+05
        8915    5    7.7195   -5.330993E+05    0.000000E+00    3.068229E+05
        8972    5    7.6042   -4.605223E+05    1.895542E+05    0.000000E+00
        8972    6    7.7134   -4.457777E+05   -2.975296E+05    0.000000E+00
        8973    5    7.6602   -4.792417E+05    5.932099E+04    3.325851E+05
        8974    5    7.6787   -4.920550E+05    0.000000E+00    3.456631E+05
        9033    5    7.6519   -4.535877E+05    0.000000E+00    0.000000E+00
        9033    6    7.6541   -4.536403E+05    0.000000E+00    0.000000E+00
       12024    5    7.7804   -7.437922E+05   -2.504711E+05    0.000000E+00
       12085    5    7.7329   -7.360240E+05   -1.972779E+05    0.000000E+00
       12146    5    7.7030   -7.235764E+05   -1.456454E+05    0.000000E+00
       12147    5    7.7901   -7.923254E+05   -1.302739E+05   -1.647113E+04
       12207    5    7.6873   -7.095716E+05   -9.897870E+04    0.000000E+00
       12208    5    7.7812   -7.747913E+05   -8.660843E+04    1.400170E+04
       12268    5    7.6820   -6.966149E+05   -5.546280E+04    0.000000E+00
       12269    5    7.7799   -7.575540E+05   -4.511490E+04    5.603202E+04
       12329    5    7.6845   -6.859680E+05   -1.151333E+04    0.000000E+00
       12330    5    7.7829   -7.412594E+05   -5.059859E+03    1.108165E+05
       12390    5    7.6931   -6.776376E+05    3.485673E+04    0.000000E+00
       12391    5    7.7891   -7.255696E+05    3.154551E+04    1.804234E+05
       12451    5    7.7081   -6.709550E+05    8.320229E+04    0.000000E+00
       12512    5    7.7313   -6.650098E+05    1.321405E+05    0.000000E+00
       12573    5    7.7646   -6.587785E+05    1.812299E+05    0.000000E+00
