    0.0000E+00 -2.47766E+00 -2.37533E+00  0.00000E+00  0.00000E+00
    5.4255E-02 -2.47766E+00 -2.37533E+00  0.00000E+00  0.00000E+00
    1.0851E-01 -2.47766E+00 -2.37533E+00  0.00000E+00  0.00000E+00
    1.6277E-01 -2.47766E+00 -2.37533E+00  0.00000E+00  0.00000E+00
    2.1702E-01 -2.47766E+00 -2.37533E+00  0.00000E+00  0.00000E+00
    2.7128E-01 -2.47766E+00 -2.37533E+00  0.00000E+00  0.00000E+00
    3.2553E-01 -2.47766E+00 -2.37533E+00  0.00000E+00  0.00000E+00
    3.7979E-01 -2.47766E+00 -2.37533E+00  0.00000E+00  0.00000E+00
    4.3404E-01 -2.47766E+00 -2.37533E+00  0.00000E+00  0.00000E+00
    4.8830E-01 -2.47766E+00 -2.37533E+00  0.00000E+00  0.00000E+00
    5.4255E-01 -2.47766E+00 -2.37533E+00  0.00000E+00  0.00000E+00
    5.9681E-01 -2.47766E+00 -2.37533E+00  0.00000E+00  0.00000E+00
    6.5106E-01 -2.47766E+00 -2.37533E+00  0.00000E+00  0.00000E+00
    7.0532E-01 -2.47766E+00 -2.37533E+00  0.00000E+00  0.00000E+00
    7.5957E-01 -2.47766E+00 -2.37533E+00  0.00000E+00  0.00000E+00
    8.1383E-01 -2.47766E+00 -2.37533E+00  0.00000E+00  0.00000E+00
    8.6808E-01 -2.47766E+00 -2.37533E+00  0.00000E+00  0.00000E+00
    9.2234E-01 -2.47766E+00 -2.37533E+00  0.00000E+00  0.00000E+00
    9.7659E-01 -2.47766E+00 -2.37533E+00  0.00000E+00  0.00000E+00
    1.0308E+00 -2.47766E+00 -2.37533E+00  0.00000E+00  0.00000E+00
    1.0851E+00 -2.47766E+00 -2.37533E+00  0.00000E+00  0.00000E+00
    1.1394E+00 -2.47766E+00 -2.37533E+00  0.00000E+00  0.00000E+00
    1.1936E+00 -2.47766E+00 -2.37533E+00  0.00000E+00  0.00000E+00
    1.2479E+00 -2.47766E+00 -2.37533E+00  0.00000E+00  0.00000E+00
    1.3021E+00 -2.47766E+00 -2.37533E+00  0.00000E+00  0.00000E+00
    1.3564E+00 -2.47766E+00 -2.37533E+00  0.00000E+00  0.00000E+00
    1.4106E+00 -2.47766E+00 -2.37533E+00  0.00000E+00  0.00000E+00
    1.4649E+00 -2.47766E+00 -2.37533E+00  0.00000E+00  0.00000E+00
    1.5191E+00 -2.47766E+00 -2.37533E+00  0.00000E+00  0.00000E+00
    1.5734E+00 -2.47766E+00 -2.37533E+00  0.00000E+00  0.00000E+00
    1.6277E+00 -2.47766E+00 -2.37533E+00  0.00000E+00  0.00000E+00
    1.6819E+00 -2.47766E+00 -2.37533E+00  0.00000E+00  0.00000E+00
    1.7362E+00 -2.47766E+00 -2.37533E+00  0.00000E+00  0.00000E+00
    1.7904E+00 -2.47766E+00 -2.37533E+00  0.00000E+00  0.00000E+00
    1.8447E+00 -2.47766E+00 -2.37533E+00  0.00000E+00  0.00000E+00
    1.8989E+00 -2.47766E+00 -2.37533E+00  0.00000E+00  0.00000E+00
    1.9532E+00 -2.47766E+00 -2.37533E+00  0.00000E+00  0.00000E+00
    2.0074E+00 -2.47766E+00 -2.37533E+00  0.00000E+00  0.00000E+00
    2.0617E+00 -2.47766E+00 -2.37533E+00  0.00000E+00  0.00000E+00
    2.1160E+00 -2.47766E+00 -2.37533E+00  0.00000E+00  0.00000E+00
    2.1702E+00 -2.47766E+00 -2.37533E+00  0.00000E+00  0.00000E+00
    2.2245E+00 -2.47766E+00 -2.37533E+00  0.00000E+00  0.00000E+00
    2.2787E+00 -2.47766E+00 -2.37533E+00  0.00000E+00  0.00000E+00
    2.3330E+00 -2.47766E+00 -2.37533E+00  0.00000E+00  0.00000E+00
    2.3872E+00 -2.47766E+00 -2.37533E+00  0.00000E+00  0.00000E+00
    2.4415E+00 -2.47766E+00 -2.37533E+00  0.00000E+00  0.00000E+00
    2.4957E+00 -2.47766E+00 -2.37533E+00  0.00000E+00  0.00000E+00
    2.5500E+00 -2.47766E+00 -2.37533E+00  0.00000E+00  0.00000E+00
    2.6043E+00 -2.47766E+00 -2.37533E+00  0.00000E+00  0.00000E+00
    2.6585E+00 -2.47766E+00 -2.37533E+00  0.00000E+00  0.00000E+00
    2.7128E+00 -2.47766E+00 -2.37533E+00  0.00000E+00  0.00000E+00
    2.7670E+00 -2.47766E+00 -2.37533E+00  0.00000E+00  0.00000E+00
    2.8213E+00 -2.47766E+00 -2.37533E+00  0.00000E+00  0.00000E+00
    2.8755E+00 -2.47766E+00 -2.37533E+00  0.00000E+00  0.00000E+00
    2.9298E+00 -2.47766E+00 -2.37533E+00  0.00000E+00  0.00000E+00
    2.9840E+00 -2.47766E+00 -2.37533E+00  0.00000E+00  0.00000E+00
    3.0383E+00 -2.47766E+00 -2.37533E+00  0.00000E+00  0.00000E+00
    3.0925E+00 -2.57518E+00 -2.37533E+00  0.00000E+00  0.00000E+00
    3.1468E+00 -2.57518E+00 -2.37533E+00  0.00000E+00  0.00000E+00
    3.2011E+00 -2.57518E+00 -2.37533E+00  0.00000E+00  0.00000E+00
    3.2553E+00 -2.57518E+00 -2.37533E+00  0.00000E+00  0.00000E+00
    3.3096E+00 -2.57518E+00 -2.37533E+00  0.00000E+00  0.00000E+00
    3.3638E+00 -2.57518E+00 -2.37533E+00  0.00000E+00  0.00000E+00
    3.4181E+00 -2.57518E+00 -2.37533E+00  0.00000E+00  0.00000E+00
    3.4723E+00 -2.57518E+00 -2.37533E+00  0.00000E+00  0.00000E+00
    3.5266E+00 -2.57518E+00 -2.37533E+00  0.00000E+00  0.00000E+00
    3.5808E+00 -2.57518E+00 -2.37533E+00  0.00000E+00  0.00000E+00
    3.6351E+00 -2.57518E+00 -2.37533E+00  0.00000E+00  0.00000E+00
    3.6894E+00 -2.57518E+00 -2.37533E+00  0.00000E+00  0.00000E+00
    3.7436E+00 -2.57518E+00 -2.37533E+00  0.00000E+00  0.00000E+00
    3.7979E+00 -2.57518E+00 -2.37533E+00  0.00000E+00  0.00000E+00
    3.8521E+00 -2.57518E+00 -2.37533E+00  0.00000E+00  0.00000E+00
    3.9064E+00 -2.57518E+00 -2.37533E+00  0.00000E+00  0.00000E+00
    3.9606E+00 -2.57518E+00 -2.37533E+00  0.00000E+00  0.00000E+00
    4.0149E+00 -2.57518E+00 -2.37533E+00  0.00000E+00  0.00000E+00
    4.0691E+00 -2.57518E+00 -2.37533E+00  0.00000E+00  0.00000E+00
    4.1234E+00 -2.57518E+00 -2.37533E+00  0.00000E+00  0.00000E+00
    4.1777E+00 -2.57518E+00 -2.37533E+00  0.00000E+00  0.00000E+00
    4.2319E+00 -2.57518E+00 -2.37533E+00  0.00000E+00  0.00000E+00
    4.2862E+00 -2.57518E+00 -2.37533E+00  0.00000E+00  0.00000E+00
    4.3404E+00 -2.57518E+00 -2.37533E+00  0.00000E+00  0.00000E+00
    4.3947E+00 -2.57518E+00 -2.37533E+00  0.00000E+00  0.00000E+00
    4.4489E+00 -2.57518E+00 -2.37533E+00  0.00000E+00  0.00000E+00
    4.5032E+00 -4.61510E+00 -4.41525E+00  0.00000E+00  0.00000E+00
    4.5574E+00 -7.03339E+00 -6.83354E+00  0.00000E+00  0.00000E+00
    4.6117E+00 -7.03339E+00 -6.83354E+00  0.00000E+00  0.00000E+00
    4.6660E+00 -7.03339E+00 -6.83354E+00  0.00000E+00  0.00000E+00
    4.7202E+00 -7.03339E+00 -6.83354E+00  0.00000E+00  0.00000E+00
    4.7745E+00 -7.03339E+00 -6.83354E+00  0.00000E+00  0.00000E+00
    4.8287E+00 -7.03339E+00 -6.83354E+00  0.00000E+00  0.00000E+00
    4.8830E+00 -7.03339E+00 -6.83354E+00  0.00000E+00  0.00000E+00
    4.9372E+00 -7.03339E+00 -6.83354E+00  0.00000E+00  0.00000E+00
    4.9915E+00 -7.03339E+00 -6.83354E+00  0.00000E+00  0.00000E+00
    5.0457E+00 -7.17786E+00 -6.83354E+00  0.00000E+00  0.00000E+00
    5.1000E+00 -7.17786E+00 -6.83354E+00  0.00000E+00  0.00000E+00
    5.1542E+00 -7.17786E+00 -6.83354E+00  0.00000E+00  0.00000E+00
    5.2085E+00 -7.17786E+00 -6.83354E+00  0.00000E+00  0.00000E+00
    5.2628E+00 -7.17786E+00 -6.83354E+00  0.00000E+00  0.00000E+00
    5.3170E+00 -7.17786E+00 -6.83354E+00  0.00000E+00  0.00000E+00
    5.3713E+00 -7.17786E+00 -6.83354E+00  0.00000E+00  0.00000E+00
    5.4255E+00 -7.17786E+00 -6.83354E+00  0.00000E+00  0.00000E+00
    5.4798E+00 -7.17786E+00 -6.83354E+00  0.00000E+00  0.00000E+00
    5.5340E+00 -7.17786E+00 -6.83354E+00  0.00000E+00  0.00000E+00
    5.5883E+00 -7.17786E+00 -6.83354E+00  0.00000E+00  0.00000E+00
    5.6425E+00 -7.17786E+00 -6.83354E+00  0.00000E+00  0.00000E+00
    5.6968E+00 -7.17786E+00 -6.83354E+00  0.00000E+00  0.00000E+00
    5.7511E+00 -7.19304E+00 -6.83354E+00  0.00000E+00  0.00000E+00
    5.8053E+00 -7.24114E+00 -6.83354E+00  0.00000E+00  0.00000E+00
    5.8596E+00 -7.24114E+00 -6.83354E+00  0.00000E+00  0.00000E+00
    5.9138E+00 -7.24345E+00 -6.83354E+00  0.00000E+00  0.00000E+00
    5.9681E+00 -7.24345E+00 -6.83354E+00  0.00000E+00  0.00000E+00
    6.0223E+00 -7.24345E+00 -6.83354E+00  0.00000E+00  0.00000E+00
    6.0766E+00 -7.24862E+00 -6.83354E+00  0.00000E+00  0.00000E+00
    6.1308E+00 -7.24882E+00 -6.83354E+00  0.00000E+00  0.00000E+00
    6.1851E+00 -7.24882E+00 -6.83354E+00  0.00000E+00  0.00000E+00
    6.2394E+00 -7.24915E+00 -6.83354E+00  0.00000E+00  0.00000E+00
    6.2936E+00 -7.25016E+00 -6.83354E+00  0.00000E+00  0.00000E+00
    6.3479E+00 -7.26237E+00 -6.83354E+00  0.00000E+00  0.00000E+00
    6.4021E+00 -7.26237E+00 -6.83354E+00  0.00000E+00  0.00000E+00
    6.4564E+00 -7.26237E+00 -6.83354E+00  0.00000E+00  0.00000E+00
    6.5106E+00 -7.26459E+00 -6.83354E+00  0.00000E+00  0.00000E+00
    6.5649E+00 -7.26475E+00 -6.83354E+00  0.00000E+00  0.00000E+00
    6.6191E+00 -7.26480E+00 -6.83354E+00  0.00000E+00  0.00000E+00
    6.6734E+00 -7.26522E+00 -6.83354E+00  0.00000E+00  0.00000E+00
    6.7277E+00 -7.26522E+00 -6.83354E+00  0.00000E+00  0.00000E+00
    6.7819E+00 -7.26522E+00 -6.83354E+00  0.00000E+00  0.00000E+00
    6.8362E+00 -7.26522E+00 -6.83354E+00  0.00000E+00  0.00000E+00
    6.8904E+00 -7.26522E+00 -6.83354E+00  0.00000E+00  0.00000E+00
    6.9447E+00 -7.26522E+00 -6.83354E+00  0.00000E+00  0.00000E+00
    6.9989E+00 -7.26522E+00 -6.83354E+00  0.00000E+00  0.00000E+00
    7.0532E+00 -7.26621E+00 -6.83354E+00  0.00000E+00  0.00000E+00
    7.1074E+00 -7.26631E+00 -6.83354E+00  0.00000E+00  0.00000E+00
    7.1617E+00 -7.26631E+00 -6.83354E+00  0.00000E+00  0.00000E+00
    7.2159E+00 -7.26631E+00 -6.83354E+00  0.00000E+00  0.00000E+00
    7.2702E+00 -7.26633E+00 -6.83354E+00  0.00000E+00  0.00000E+00
    7.3245E+00 -7.27436E+00 -6.83354E+00  0.00000E+00  0.00000E+00
    7.3787E+00 -7.27436E+00 -6.83354E+00  0.00000E+00  0.00000E+00
    7.4330E+00 -7.27436E+00 -6.83354E+00  0.00000E+00  0.00000E+00
    7.4872E+00 -7.27436E+00 -6.83354E+00  0.00000E+00  0.00000E+00
    7.5415E+00 -7.27436E+00 -6.83354E+00  0.00000E+00  0.00000E+00
    7.5957E+00 -7.27436E+00 -6.83354E+00  0.00000E+00  0.00000E+00
    7.6500E+00 -7.27436E+00 -6.83354E+00  0.00000E+00  0.00000E+00
    7.7042E+00 -7.27436E+00 -6.83354E+00  0.00000E+00  0.00000E+00
    7.7585E+00 -7.27463E+00 -6.83354E+00  0.00000E+00  0.00000E+00
    7.8128E+00 -7.27463E+00 -6.83354E+00  0.00000E+00  0.00000E+00
    7.8670E+00 -7.32060E+00 -6.83354E+00  0.00000E+00  0.00000E+00
    7.9213E+00 -7.32060E+00 -6.83354E+00  0.00000E+00  0.00000E+00
    7.9755E+00 -7.32060E+00 -6.83354E+00  0.00000E+00  0.00000E+00
    8.0298E+00 -7.32060E+00 -6.83354E+00  0.00000E+00  0.00000E+00
    8.0840E+00 -7.32062E+00 -6.83354E+00  0.00000E+00  0.00000E+00
    8.1383E+00 -7.32062E+00 -6.83354E+00  0.00000E+00  0.00000E+00
    8.1925E+00 -7.32063E+00 -6.83354E+00  0.00000E+00  0.00000E+00
    8.2468E+00 -7.32063E+00 -6.83354E+00  0.00000E+00  0.00000E+00
    8.3011E+00 -7.32063E+00 -6.83354E+00  0.00000E+00  0.00000E+00
    8.3553E+00 -7.32063E+00 -6.83354E+00  0.00000E+00  0.00000E+00
    8.4096E+00 -7.32063E+00 -6.83354E+00  0.00000E+00  0.00000E+00
    8.4638E+00 -7.32450E+00 -6.83354E+00  0.00000E+00  0.00000E+00
    8.5181E+00 -7.32450E+00 -6.83354E+00  0.00000E+00  0.00000E+00
    8.5723E+00 -7.32450E+00 -6.83354E+00  0.00000E+00  0.00000E+00
    8.6266E+00 -7.32450E+00 -6.83354E+00  0.00000E+00  0.00000E+00
    8.6808E+00 -7.32450E+00 -6.83354E+00  0.00000E+00  0.00000E+00
    8.7351E+00 -7.32450E+00 -6.83354E+00  0.00000E+00  0.00000E+00
    8.7894E+00 -7.32456E+00 -6.83354E+00  0.00000E+00  0.00000E+00
    8.8436E+00 -7.32456E+00 -6.83354E+00  0.00000E+00  0.00000E+00
    8.8979E+00 -7.32603E+00 -6.83422E+00  0.00000E+00  0.00000E+00
    8.9521E+00 -7.32603E+00 -6.83422E+00  0.00000E+00  0.00000E+00
    9.0064E+00 -7.32603E+00 -6.83422E+00  0.00000E+00  0.00000E+00
    9.0606E+00 -7.32603E+00 -6.83422E+00  0.00000E+00  0.00000E+00
    9.1149E+00 -7.32603E+00 -6.83422E+00  0.00000E+00  0.00000E+00
    9.1691E+00 -7.32603E+00 -6.83422E+00  0.00000E+00  0.00000E+00
    9.2234E+00 -7.32603E+00 -6.83422E+00  0.00000E+00  0.00000E+00
    9.2776E+00 -7.32603E+00 -6.83422E+00  0.00000E+00  0.00000E+00
    9.3319E+00 -7.32603E+00 -6.83422E+00  0.00000E+00  0.00000E+00
    9.3862E+00 -1.57484E+01 -1.52566E+01  0.00000E+00  0.00000E+00
    9.4404E+00 -1.57485E+01 -1.52566E+01  0.00000E+00  0.00000E+00
    9.4947E+00 -1.57485E+01 -1.52566E+01  0.00000E+00  0.00000E+00
    9.5489E+00 -1.59055E+01 -1.52931E+01  0.00000E+00  0.00000E+00
    9.6032E+00 -1.59055E+01 -1.52931E+01  0.00000E+00  0.00000E+00
    9.6574E+00 -1.59512E+01 -1.53159E+01  0.00000E+00  0.00000E+00
    9.7117E+00 -1.59512E+01 -1.53159E+01  0.00000E+00  0.00000E+00
    9.7659E+00 -1.59512E+01 -1.53159E+01  0.00000E+00  0.00000E+00
    9.8202E+00 -1.59512E+01 -1.53159E+01  0.00000E+00  0.00000E+00
    9.8745E+00 -1.59512E+01 -1.53159E+01  0.00000E+00  0.00000E+00
    9.9287E+00 -1.59512E+01 -1.53159E+01  0.00000E+00  0.00000E+00
    9.9830E+00 -1.59512E+01 -1.53159E+01  0.00000E+00  0.00000E+00
    1.0037E+01 -1.59512E+01 -1.53159E+01  0.00000E+00  0.00000E+00
    1.0091E+01 -1.59512E+01 -1.53159E+01  0.00000E+00  0.00000E+00
    1.0146E+01 -1.59516E+01 -1.53159E+01  0.00000E+00  0.00000E+00
    1.0200E+01 -1.59518E+01 -1.53159E+01  0.00000E+00  0.00000E+00
    1.0254E+01 -1.59532E+01 -1.53159E+01  0.00000E+00  0.00000E+00
    1.0308E+01 -1.59532E+01 -1.53159E+01  0.00000E+00  0.00000E+00
    1.0363E+01 -1.59532E+01 -1.53159E+01  0.00000E+00  0.00000E+00
    1.0417E+01 -1.59539E+01 -1.53159E+01  0.00000E+00  0.00000E+00
    1.0471E+01 -1.59562E+01 -1.53171E+01  0.00000E+00  0.00000E+00
    1.0526E+01 -1.59570E+01 -1.53171E+01  0.00000E+00  0.00000E+00
    1.0580E+01 -1.59570E+01 -1.53171E+01  0.00000E+00  0.00000E+00
    1.0634E+01 -1.59570E+01 -1.53171E+01  0.00000E+00  0.00000E+00
    1.0688E+01 -1.59570E+01 -1.53171E+01  0.00000E+00  0.00000E+00
    1.0743E+01 -1.59570E+01 -1.53171E+01  0.00000E+00  0.00000E+00
    1.0797E+01 -1.59588E+01 -1.53171E+01  0.00000E+00  0.00000E+00
    1.0851E+01 -1.59588E+01 -1.53171E+01  0.00000E+00  0.00000E+00
    1.0905E+01 -1.59589E+01 -1.53171E+01  0.00000E+00  0.00000E+00
    1.0960E+01 -1.59622E+01 -1.53176E+01  0.00000E+00  0.00000E+00
    1.1014E+01 -2.75406E+01 -2.68959E+01  0.00000E+00  0.00000E+00
    1.1068E+01 -2.75448E+01 -2.68959E+01  0.00000E+00  0.00000E+00
    1.1122E+01 -2.75448E+01 -2.68959E+01  0.00000E+00  0.00000E+00
    1.1177E+01 -2.76044E+01 -2.68959E+01  0.00000E+00  0.00000E+00
    1.1231E+01 -2.76053E+01 -2.68959E+01  0.00000E+00  0.00000E+00
    1.1285E+01 -2.76920E+01 -2.68959E+01  0.00000E+00  0.00000E+00
    1.1339E+01 -2.76920E+01 -2.68959E+01  0.00000E+00  0.00000E+00
    1.1394E+01 -2.76920E+01 -2.68959E+01  0.00000E+00  0.00000E+00
    1.1448E+01 -2.76937E+01 -2.68965E+01  0.00000E+00  0.00000E+00
    1.1502E+01 -2.76937E+01 -2.68965E+01  0.00000E+00  0.00000E+00
    1.1556E+01 -2.76937E+01 -2.68965E+01  0.00000E+00  0.00000E+00
    1.1611E+01 -2.77326E+01 -2.69175E+01  0.00000E+00  0.00000E+00
    1.1665E+01 -2.77425E+01 -2.69201E+01  0.00000E+00  0.00000E+00
    1.1719E+01 -2.77425E+01 -2.69201E+01  0.00000E+00  0.00000E+00
    1.1773E+01 -2.77677E+01 -2.69201E+01  0.00000E+00  0.00000E+00
    1.1828E+01 -2.77722E+01 -2.69201E+01  0.00000E+00  0.00000E+00
    1.1882E+01 -2.77886E+01 -2.69202E+01  0.00000E+00  0.00000E+00
    1.1936E+01 -2.77886E+01 -2.69202E+01  0.00000E+00  0.00000E+00
    1.1990E+01 -2.77886E+01 -2.69202E+01  0.00000E+00  0.00000E+00
    1.2045E+01 -2.77886E+01 -2.69202E+01  0.00000E+00  0.00000E+00
    1.2099E+01 -2.77905E+01 -2.69207E+01  0.00000E+00  0.00000E+00
    1.2153E+01 -2.77906E+01 -2.69207E+01  0.00000E+00  0.00000E+00
    1.2207E+01 -2.77906E+01 -2.69207E+01  0.00000E+00  0.00000E+00
    1.2262E+01 -2.77906E+01 -2.69207E+01  0.00000E+00  0.00000E+00
    1.2316E+01 -2.77906E+01 -2.69207E+01  0.00000E+00  0.00000E+00
    1.2370E+01 -2.78088E+01 -2.69207E+01  0.00000E+00  0.00000E+00
    1.2424E+01 -2.78088E+01 -2.69207E+01  0.00000E+00  0.00000E+00
    1.2479E+01 -2.78088E+01 -2.69207E+01  0.00000E+00  0.00000E+00
    1.2533E+01 -2.81216E+01 -2.69207E+01  0.00000E+00  0.00000E+00
    1.2587E+01 -2.81216E+01 -2.69207E+01  0.00000E+00  0.00000E+00
    1.2641E+01 -2.81411E+01 -2.69207E+01  0.00000E+00  0.00000E+00
    1.2696E+01 -2.81766E+01 -2.69207E+01  0.00000E+00  0.00000E+00
    1.2750E+01 -2.81766E+01 -2.69207E+01  0.00000E+00  0.00000E+00
    1.2804E+01 -2.81766E+01 -2.69207E+01  0.00000E+00  0.00000E+00
    1.2858E+01 -2.81766E+01 -2.69207E+01  0.00000E+00  0.00000E+00
    1.2913E+01 -2.81766E+01 -2.69207E+01  0.00000E+00  0.00000E+00
    1.2967E+01 -2.81766E+01 -2.69207E+01  0.00000E+00  0.00000E+00
    1.3021E+01 -2.81766E+01 -2.69207E+01  0.00000E+00  0.00000E+00
    1.3076E+01 -2.81766E+01 -2.69207E+01  0.00000E+00  0.00000E+00
    1.3130E+01 -2.81898E+01 -2.69207E+01  0.00000E+00  0.00000E+00
    1.3184E+01 -2.82253E+01 -2.69207E+01  0.00000E+00  0.00000E+00
    1.3238E+01 -2.82266E+01 -2.69207E+01  0.00000E+00  0.00000E+00
    1.3293E+01 -2.82266E+01 -2.69207E+01  0.00000E+00  0.00000E+00
    1.3347E+01 -2.82284E+01 -2.69207E+01  0.00000E+00  0.00000E+00
    1.3401E+01 -2.82542E+01 -2.69353E+01  0.00000E+00  0.00000E+00
    1.3455E+01 -2.82565E+01 -2.69353E+01  0.00000E+00  0.00000E+00
    1.3510E+01 -2.82565E+01 -2.69353E+01  0.00000E+00  0.00000E+00
    1.3564E+01 -2.83031E+01 -2.69353E+01  0.00000E+00  0.00000E+00
    1.3618E+01 -2.83031E+01 -2.69353E+01  0.00000E+00  0.00000E+00
    1.3672E+01 -2.83335E+01 -2.69496E+01  0.00000E+00  0.00000E+00
    1.3727E+01 -2.83335E+01 -2.69496E+01  0.00000E+00  0.00000E+00
    1.3781E+01 -2.83335E+01 -2.69496E+01  0.00000E+00  0.00000E+00
    1.3835E+01 -2.84577E+01 -2.69496E+01  0.00000E+00  0.00000E+00
    1.3889E+01 -2.84584E+01 -2.69498E+01  0.00000E+00  0.00000E+00
    1.3944E+01 -2.84587E+01 -2.69498E+01  0.00000E+00  0.00000E+00
    1.3998E+01 -2.84587E+01 -2.69498E+01  0.00000E+00  0.00000E+00
    1.4052E+01 -2.84925E+01 -2.69574E+01  0.00000E+00  0.00000E+00
    1.4106E+01 -2.84925E+01 -2.69574E+01  0.00000E+00  0.00000E+00
    1.4161E+01 -2.84926E+01 -2.69575E+01  0.00000E+00  0.00000E+00
    1.4215E+01 -2.84926E+01 -2.69575E+01  0.00000E+00  0.00000E+00
    1.4269E+01 -2.85945E+01 -2.69575E+01  0.00000E+00  0.00000E+00
    1.4323E+01 -2.85945E+01 -2.69575E+01  0.00000E+00  0.00000E+00
    1.4378E+01 -2.85946E+01 -2.69575E+01  0.00000E+00  0.00000E+00
    1.4432E+01 -2.85946E+01 -2.69575E+01  0.00000E+00  0.00000E+00
    1.4486E+01 -2.87042E+01 -2.69575E+01  0.00000E+00  0.00000E+00
    1.4540E+01 -2.89680E+01 -2.71497E+01  0.00000E+00  0.00000E+00
    1.4595E+01 -2.89912E+01 -2.71615E+01  0.00000E+00  0.00000E+00
    1.4649E+01 -2.89912E+01 -2.71615E+01  0.00000E+00  0.00000E+00
    1.4703E+01 -2.89912E+01 -2.71615E+01  0.00000E+00  0.00000E+00
    1.4757E+01 -2.89920E+01 -2.71615E+01  0.00000E+00  0.00000E+00
    1.4812E+01 -2.89920E+01 -2.71615E+01  0.00000E+00  0.00000E+00
    1.4866E+01 -2.89920E+01 -2.71615E+01  0.00000E+00  0.00000E+00
    1.4920E+01 -2.89920E+01 -2.71615E+01  0.00000E+00  0.00000E+00
    1.4974E+01 -2.89920E+01 -2.71615E+01  0.00000E+00  0.00000E+00
    1.5029E+01 -2.89920E+01 -2.71615E+01  0.00000E+00  0.00000E+00
    1.5083E+01 -2.89922E+01 -2.71615E+01  0.00000E+00  0.00000E+00
    1.5137E+01 -2.89922E+01 -2.71615E+01  0.00000E+00  0.00000E+00
    1.5191E+01 -2.89922E+01 -2.71615E+01  0.00000E+00  0.00000E+00
    1.5246E+01 -2.89922E+01 -2.71615E+01  0.00000E+00  0.00000E+00
    1.5300E+01 -2.89939E+01 -2.71615E+01  0.00000E+00  0.00000E+00
    1.5354E+01 -2.89939E+01 -2.71615E+01  0.00000E+00  0.00000E+00
    1.5408E+01 -2.90062E+01 -2.71683E+01  0.00000E+00  0.00000E+00
    1.5463E+01 -2.90062E+01 -2.71683E+01  0.00000E+00  0.00000E+00
    1.5517E+01 -2.92157E+01 -2.71683E+01  0.00000E+00  0.00000E+00
    1.5571E+01 -2.92157E+01 -2.71683E+01  0.00000E+00  0.00000E+00
    1.5626E+01 -2.92157E+01 -2.71683E+01  0.00000E+00  0.00000E+00
    1.5680E+01 -2.92157E+01 -2.71683E+01  0.00000E+00  0.00000E+00
    1.5734E+01 -2.92157E+01 -2.71683E+01  0.00000E+00  0.00000E+00
    1.5788E+01 -2.92295E+01 -2.71753E+01  0.00000E+00  0.00000E+00
    1.5843E+01 -2.92295E+01 -2.71753E+01  0.00000E+00  0.00000E+00
    1.5897E+01 -2.92295E+01 -2.71753E+01  0.00000E+00  0.00000E+00
    1.5951E+01 -2.92295E+01 -2.71753E+01  0.00000E+00  0.00000E+00
    1.6005E+01 -2.92295E+01 -2.71753E+01  0.00000E+00  0.00000E+00
    1.6060E+01 -2.92296E+01 -2.71753E+01  0.00000E+00  0.00000E+00
    1.6114E+01 -2.92298E+01 -2.71753E+01  0.00000E+00  0.00000E+00
    1.6168E+01 -2.92308E+01 -2.71753E+01  0.00000E+00  0.00000E+00
    1.6222E+01 -3.32550E+01 -2.90664E+01  0.00000E+00  0.00000E+00
    1.6277E+01 -4.51536E+01 -4.09649E+01  0.00000E+00  0.00000E+00
    1.6331E+01 -4.51537E+01 -4.09649E+01  0.00000E+00  0.00000E+00
    1.6385E+01 -4.51538E+01 -4.09649E+01  0.00000E+00  0.00000E+00
    1.6439E+01 -4.51538E+01 -4.09649E+01  0.00000E+00  0.00000E+00
    1.6494E+01 -4.51539E+01 -4.09649E+01  0.00000E+00  0.00000E+00
    1.6548E+01 -4.51539E+01 -4.09649E+01  0.00000E+00  0.00000E+00
    1.6602E+01 -4.51539E+01 -4.09649E+01  0.00000E+00  0.00000E+00
    1.6656E+01 -4.51561E+01 -4.09649E+01  0.00000E+00  0.00000E+00
    1.6711E+01 -4.51576E+01 -4.09649E+01  0.00000E+00  0.00000E+00
    1.6765E+01 -4.51576E+01 -4.09649E+01  0.00000E+00  0.00000E+00
    1.6819E+01 -4.55647E+01 -4.09649E+01  0.00000E+00  0.00000E+00
    1.6873E+01 -4.55901E+01 -4.09649E+01  0.00000E+00  0.00000E+00
    1.6928E+01 -4.57151E+01 -4.09652E+01  0.00000E+00  0.00000E+00
    1.6982E+01 -5.39440E+01 -4.91941E+01  0.00000E+00  0.00000E+00
    1.7036E+01 -5.39441E+01 -4.91941E+01  0.00000E+00  0.00000E+00
    1.7090E+01 -5.39441E+01 -4.91941E+01  0.00000E+00  0.00000E+00
    1.7145E+01 -5.39542E+01 -4.91959E+01  0.00000E+00  0.00000E+00
    1.7199E+01 -5.39542E+01 -4.91959E+01  0.00000E+00  0.00000E+00
    1.7253E+01 -5.44208E+01 -4.95647E+01  0.00000E+00  0.00000E+00
    1.7307E+01 -5.44208E+01 -4.95647E+01  0.00000E+00  0.00000E+00
    1.7362E+01 -5.45906E+01 -4.96509E+01  0.00000E+00  0.00000E+00
    1.7416E+01 -5.45934E+01 -4.96509E+01  0.00000E+00  0.00000E+00
    1.7470E+01 -5.46002E+01 -4.96509E+01  0.00000E+00  0.00000E+00
    1.7524E+01 -5.46002E+01 -4.96509E+01  0.00000E+00  0.00000E+00
    1.7579E+01 -5.46003E+01 -4.96509E+01  0.00000E+00  0.00000E+00
    1.7633E+01 -5.46003E+01 -4.96509E+01  0.00000E+00  0.00000E+00
    1.7687E+01 -5.85767E+01 -5.28423E+01  0.00000E+00  0.00000E+00
    1.7741E+01 -5.85767E+01 -5.28423E+01  0.00000E+00  0.00000E+00
    1.7796E+01 -5.85863E+01 -5.28423E+01  0.00000E+00  0.00000E+00
    1.7850E+01 -5.91650E+01 -5.34210E+01  0.00000E+00  0.00000E+00
    1.7904E+01 -5.91650E+01 -5.34210E+01  0.00000E+00  0.00000E+00
    1.7958E+01 -5.91817E+01 -5.34210E+01  0.00000E+00  0.00000E+00
    1.8013E+01 -5.91824E+01 -5.34212E+01  0.00000E+00  0.00000E+00
    1.8067E+01 -5.91824E+01 -5.34212E+01  0.00000E+00  0.00000E+00
    1.8121E+01 -5.91824E+01 -5.34212E+01  0.00000E+00  0.00000E+00
    1.8176E+01 -5.91824E+01 -5.34212E+01  0.00000E+00  0.00000E+00
    1.8230E+01 -5.91824E+01 -5.34212E+01  0.00000E+00  0.00000E+00
    1.8284E+01 -5.91824E+01 -5.34212E+01  0.00000E+00  0.00000E+00
    1.8338E+01 -5.91825E+01 -5.34212E+01  0.00000E+00  0.00000E+00
    1.8393E+01 -5.91825E+01 -5.34212E+01  0.00000E+00  0.00000E+00
    1.8447E+01 -5.91827E+01 -5.34212E+01  0.00000E+00  0.00000E+00
    1.8501E+01 -5.91827E+01 -5.34212E+01  0.00000E+00  0.00000E+00
    1.8555E+01 -6.47952E+01 -5.90337E+01  0.00000E+00  0.00000E+00
    1.8610E+01 -6.47996E+01 -5.90337E+01  0.00000E+00  0.00000E+00
    1.8664E+01 -7.59297E+01 -6.94866E+01  0.00000E+00  0.00000E+00
    1.8718E+01 -7.59297E+01 -6.94866E+01  0.00000E+00  0.00000E+00
    1.8772E+01 -7.59297E+01 -6.94866E+01  0.00000E+00  0.00000E+00
    1.8827E+01 -7.59297E+01 -6.94866E+01  0.00000E+00  0.00000E+00
    1.8881E+01 -7.59309E+01 -6.94866E+01  0.00000E+00  0.00000E+00
    1.8935E+01 -7.59454E+01 -6.94940E+01  0.00000E+00  0.00000E+00
    1.8989E+01 -7.59454E+01 -6.94940E+01  0.00000E+00  0.00000E+00
    1.9044E+01 -7.59454E+01 -6.94940E+01  0.00000E+00  0.00000E+00
    1.9098E+01 -7.59454E+01 -6.94940E+01  0.00000E+00  0.00000E+00
    1.9152E+01 -7.59457E+01 -6.94940E+01  0.00000E+00  0.00000E+00
    1.9206E+01 -7.64032E+01 -6.98598E+01  0.00000E+00  0.00000E+00
    1.9261E+01 -7.64032E+01 -6.98598E+01  0.00000E+00  0.00000E+00
    1.9315E+01 -7.64054E+01 -6.98598E+01  0.00000E+00  0.00000E+00
    1.9369E+01 -7.64054E+01 -6.98598E+01  0.00000E+00  0.00000E+00
    1.9423E+01 -8.60030E+01 -7.94569E+01  0.00000E+00  0.00000E+00
    1.9478E+01 -8.60030E+01 -7.94569E+01  0.00000E+00  0.00000E+00
    1.9532E+01 -8.60030E+01 -7.94569E+01  0.00000E+00  0.00000E+00
    1.9586E+01 -8.60041E+01 -7.94569E+01  0.00000E+00  0.00000E+00
    1.9640E+01 -8.60064E+01 -7.94569E+01  0.00000E+00  0.00000E+00
    1.9695E+01 -8.60065E+01 -7.94569E+01  0.00000E+00  0.00000E+00
    1.9749E+01 -8.62997E+01 -7.96717E+01  0.00000E+00  0.00000E+00
    1.9803E+01 -8.62997E+01 -7.96717E+01  0.00000E+00  0.00000E+00
    1.9857E+01 -8.62997E+01 -7.96717E+01  0.00000E+00  0.00000E+00
    1.9912E+01 -8.63000E+01 -7.96717E+01  0.00000E+00  0.00000E+00
    1.9966E+01 -8.63000E+01 -7.96717E+01  0.00000E+00  0.00000E+00
    2.0020E+01 -8.63000E+01 -7.96717E+01  0.00000E+00  0.00000E+00
    2.0074E+01 -8.63004E+01 -7.96717E+01  0.00000E+00  0.00000E+00
    2.0129E+01 -8.63004E+01 -7.96717E+01  0.00000E+00  0.00000E+00
    2.0183E+01 -8.63004E+01 -7.96717E+01  0.00000E+00  0.00000E+00
    2.0237E+01 -8.63004E+01 -7.96717E+01  0.00000E+00  0.00000E+00
    2.0291E+01 -8.63008E+01 -7.96719E+01  0.00000E+00  0.00000E+00
    2.0346E+01 -8.63008E+01 -7.96719E+01  0.00000E+00  0.00000E+00
    2.0400E+01 -8.63008E+01 -7.96719E+01  0.00000E+00  0.00000E+00
    2.0454E+01 -8.63008E+01 -7.96719E+01  0.00000E+00  0.00000E+00
    2.0508E+01 -8.65212E+01 -7.98450E+01  0.00000E+00  0.00000E+00
    2.0563E+01 -8.65212E+01 -7.98450E+01  0.00000E+00  0.00000E+00
    2.0617E+01 -8.65212E+01 -7.98450E+01  0.00000E+00  0.00000E+00
    2.0671E+01 -8.65212E+01 -7.98450E+01  0.00000E+00  0.00000E+00
    2.0726E+01 -8.65212E+01 -7.98450E+01  0.00000E+00  0.00000E+00
    2.0780E+01 -8.65470E+01 -7.98592E+01  0.00000E+00  0.00000E+00
    2.0834E+01 -8.65476E+01 -7.98592E+01  0.00000E+00  0.00000E+00
    2.0888E+01 -8.65476E+01 -7.98592E+01  0.00000E+00  0.00000E+00
    2.0943E+01 -8.65476E+01 -7.98592E+01  0.00000E+00  0.00000E+00
    2.0997E+01 -8.65857E+01 -7.98780E+01  0.00000E+00  0.00000E+00
    2.1051E+01 -8.65857E+01 -7.98780E+01  0.00000E+00  0.00000E+00
    2.1105E+01 -8.65857E+01 -7.98780E+01  0.00000E+00  0.00000E+00
    2.1160E+01 -8.65857E+01 -7.98780E+01  0.00000E+00  0.00000E+00
    2.1214E+01 -8.65857E+01 -7.98780E+01  0.00000E+00  0.00000E+00
    2.1268E+01 -8.65857E+01 -7.98780E+01  0.00000E+00  0.00000E+00
    2.1322E+01 -8.71008E+01 -8.02567E+01  0.00000E+00  0.00000E+00
    2.1377E+01 -9.24832E+01 -8.55347E+01  0.00000E+00  0.00000E+00
    2.1431E+01 -9.24832E+01 -8.55347E+01  0.00000E+00  0.00000E+00
    2.1485E+01 -9.25218E+01 -8.55542E+01  0.00000E+00  0.00000E+00
    2.1539E+01 -9.25218E+01 -8.55542E+01  0.00000E+00  0.00000E+00
    2.1594E+01 -9.25284E+01 -8.55542E+01  0.00000E+00  0.00000E+00
    2.1648E+01 -9.25284E+01 -8.55542E+01  0.00000E+00  0.00000E+00
    2.1702E+01 -9.25284E+01 -8.55542E+01  0.00000E+00  0.00000E+00
    2.1756E+01 -9.25284E+01 -8.55542E+01  0.00000E+00  0.00000E+00
    2.1811E+01 -9.25287E+01 -8.55542E+01  0.00000E+00  0.00000E+00
    2.1865E+01 -9.25287E+01 -8.55542E+01  0.00000E+00  0.00000E+00
    2.1919E+01 -9.25287E+01 -8.55542E+01  0.00000E+00  0.00000E+00
    2.1973E+01 -9.25287E+01 -8.55542E+01  0.00000E+00  0.00000E+00
    2.2028E+01 -9.28742E+01 -8.58187E+01  0.00000E+00  0.00000E+00
    2.2082E+01 -9.28742E+01 -8.58187E+01  0.00000E+00  0.00000E+00
    2.2136E+01 -9.28743E+01 -8.58187E+01  0.00000E+00  0.00000E+00
    2.2190E+01 -9.28743E+01 -8.58187E+01  0.00000E+00  0.00000E+00
    2.2245E+01 -9.28743E+01 -8.58187E+01  0.00000E+00  0.00000E+00
    2.2299E+01 -9.30023E+01 -8.58867E+01  0.00000E+00  0.00000E+00
    2.2353E+01 -9.30023E+01 -8.58867E+01  0.00000E+00  0.00000E+00
    2.2407E+01 -9.30596E+01 -8.59161E+01  0.00000E+00  0.00000E+00
    2.2462E+01 -9.30596E+01 -8.59161E+01  0.00000E+00  0.00000E+00
    2.2516E+01 -9.66247E+01 -8.75735E+01  0.00000E+00  0.00000E+00
    2.2570E+01 -9.66247E+01 -8.75735E+01  0.00000E+00  0.00000E+00
    2.2624E+01 -9.66247E+01 -8.75735E+01  0.00000E+00  0.00000E+00
    2.2679E+01 -9.66247E+01 -8.75735E+01  0.00000E+00  0.00000E+00
    2.2733E+01 -9.66247E+01 -8.75735E+01  0.00000E+00  0.00000E+00
    2.2787E+01 -9.66247E+01 -8.75735E+01  0.00000E+00  0.00000E+00
    2.2841E+01 -9.66247E+01 -8.75735E+01  0.00000E+00  0.00000E+00
    2.2896E+01 -9.66247E+01 -8.75735E+01  0.00000E+00  0.00000E+00
    2.2950E+01 -9.68094E+01 -8.75735E+01  0.00000E+00  0.00000E+00
    2.3004E+01 -9.68094E+01 -8.75735E+01  0.00000E+00  0.00000E+00
    2.3058E+01 -9.68094E+01 -8.75735E+01  0.00000E+00  0.00000E+00
    2.3113E+01 -9.68094E+01 -8.75735E+01  0.00000E+00  0.00000E+00
    2.3167E+01 -9.68094E+01 -8.75735E+01  0.00000E+00  0.00000E+00
    2.3221E+01 -9.68239E+01 -8.75735E+01  0.00000E+00  0.00000E+00
    2.3276E+01 -9.68239E+01 -8.75735E+01  0.00000E+00  0.00000E+00
    2.3330E+01 -9.68239E+01 -8.75735E+01  0.00000E+00  0.00000E+00
    2.3384E+01 -9.68239E+01 -8.75735E+01  0.00000E+00  0.00000E+00
    2.3438E+01 -9.68239E+01 -8.75735E+01  0.00000E+00  0.00000E+00
    2.3493E+01 -9.68239E+01 -8.75735E+01  0.00000E+00  0.00000E+00
    2.3547E+01 -9.68239E+01 -8.75735E+01  0.00000E+00  0.00000E+00
    2.3601E+01 -9.68239E+01 -8.75735E+01  0.00000E+00  0.00000E+00
    2.3655E+01 -1.02470E+02 -9.32111E+01  0.00000E+00  0.00000E+00
    2.3710E+01 -1.03221E+02 -9.32111E+01  0.00000E+00  0.00000E+00
    2.3764E+01 -1.03221E+02 -9.32111E+01  0.00000E+00  0.00000E+00
    2.3818E+01 -1.03290E+02 -9.32111E+01  0.00000E+00  0.00000E+00
    2.3872E+01 -1.03290E+02 -9.32111E+01  0.00000E+00  0.00000E+00
    2.3927E+01 -1.03290E+02 -9.32111E+01  0.00000E+00  0.00000E+00
    2.3981E+01 -1.03300E+02 -9.32111E+01  0.00000E+00  0.00000E+00
    2.4035E+01 -1.03300E+02 -9.32111E+01  0.00000E+00  0.00000E+00
    2.4089E+01 -1.03300E+02 -9.32111E+01  0.00000E+00  0.00000E+00
    2.4144E+01 -1.03300E+02 -9.32111E+01  0.00000E+00  0.00000E+00
    2.4198E+01 -1.03300E+02 -9.32111E+01  0.00000E+00  0.00000E+00
    2.4252E+01 -1.03300E+02 -9.32111E+01  0.00000E+00  0.00000E+00
    2.4306E+01 -1.03300E+02 -9.32111E+01  0.00000E+00  0.00000E+00
    2.4361E+01 -1.03300E+02 -9.32111E+01  0.00000E+00  0.00000E+00
    2.4415E+01 -1.03300E+02 -9.32111E+01  0.00000E+00  0.00000E+00
    2.4469E+01 -1.03300E+02 -9.32111E+01  0.00000E+00  0.00000E+00
    2.4523E+01 -1.03300E+02 -9.32111E+01  0.00000E+00  0.00000E+00
    2.4578E+01 -1.03300E+02 -9.32111E+01  0.00000E+00  0.00000E+00
    2.4632E+01 -1.03300E+02 -9.32111E+01  0.00000E+00  0.00000E+00
    2.4686E+01 -1.03300E+02 -9.32111E+01  0.00000E+00  0.00000E+00
    2.4740E+01 -1.03300E+02 -9.32111E+01  0.00000E+00  0.00000E+00
    2.4795E+01 -1.03300E+02 -9.32111E+01  0.00000E+00  0.00000E+00
    2.4849E+01 -1.03300E+02 -9.32111E+01  0.00000E+00  0.00000E+00
    2.4903E+01 -1.03300E+02 -9.32111E+01  0.00000E+00  0.00000E+00
    2.4957E+01 -1.03300E+02 -9.32111E+01  0.00000E+00  0.00000E+00
    2.5012E+01 -1.03814E+02 -9.32111E+01  0.00000E+00  0.00000E+00
    2.5066E+01 -1.03814E+02 -9.32111E+01  0.00000E+00  0.00000E+00
    2.5120E+01 -1.03814E+02 -9.32111E+01  0.00000E+00  0.00000E+00
    2.5174E+01 -1.03814E+02 -9.32111E+01  0.00000E+00  0.00000E+00
    2.5229E+01 -1.03814E+02 -9.32111E+01  0.00000E+00  0.00000E+00
    2.5283E+01 -1.03814E+02 -9.32111E+01  0.00000E+00  0.00000E+00
    2.5337E+01 -1.07731E+02 -9.56843E+01  0.00000E+00  0.00000E+00
    2.5391E+01 -1.07731E+02 -9.56843E+01  0.00000E+00  0.00000E+00
    2.5446E+01 -1.07731E+02 -9.56843E+01  0.00000E+00  0.00000E+00
    2.5500E+01 -1.07731E+02 -9.56843E+01  0.00000E+00  0.00000E+00
    2.5554E+01 -1.08105E+02 -9.56843E+01  0.00000E+00  0.00000E+00
    2.5608E+01 -1.08105E+02 -9.56843E+01  0.00000E+00  0.00000E+00
    2.5663E+01 -1.08105E+02 -9.56843E+01  0.00000E+00  0.00000E+00
    2.5717E+01 -1.08105E+02 -9.56843E+01  0.00000E+00  0.00000E+00
    2.5771E+01 -1.08105E+02 -9.56843E+01  0.00000E+00  0.00000E+00
    2.5826E+01 -1.08105E+02 -9.56843E+01  0.00000E+00  0.00000E+00
    2.5880E+01 -1.08105E+02 -9.56843E+01  0.00000E+00  0.00000E+00
    2.5934E+01 -1.08105E+02 -9.56843E+01  0.00000E+00  0.00000E+00
    2.5988E+01 -1.08105E+02 -9.56843E+01  0.00000E+00  0.00000E+00
    2.6043E+01 -1.08105E+02 -9.56843E+01  0.00000E+00  0.00000E+00
    2.6097E+01 -1.08105E+02 -9.56843E+01  0.00000E+00  0.00000E+00
    2.6151E+01 -1.08105E+02 -9.56843E+01  0.00000E+00  0.00000E+00
    2.6205E+01 -1.08105E+02 -9.56843E+01  0.00000E+00  0.00000E+00
    2.6260E+01 -1.08462E+02 -9.58700E+01  0.00000E+00  0.00000E+00
    2.6314E+01 -1.08462E+02 -9.58700E+01  0.00000E+00  0.00000E+00
    2.6368E+01 -1.08462E+02 -9.58700E+01  0.00000E+00  0.00000E+00
    2.6422E+01 -1.08462E+02 -9.58700E+01  0.00000E+00  0.00000E+00
    2.6477E+01 -1.08462E+02 -9.58700E+01  0.00000E+00  0.00000E+00
    2.6531E+01 -1.08462E+02 -9.58700E+01  0.00000E+00  0.00000E+00
    2.6585E+01 -1.08462E+02 -9.58700E+01  0.00000E+00  0.00000E+00
    2.6639E+01 -1.08462E+02 -9.58700E+01  0.00000E+00  0.00000E+00
    2.6694E+01 -1.08462E+02 -9.58700E+01  0.00000E+00  0.00000E+00
    2.6748E+01 -1.14465E+02 -1.01872E+02  0.00000E+00  0.00000E+00
    2.6802E+01 -1.14465E+02 -1.01872E+02  0.00000E+00  0.00000E+00
    2.6856E+01 -1.14465E+02 -1.01872E+02  0.00000E+00  0.00000E+00
    2.6911E+01 -1.14465E+02 -1.01872E+02  0.00000E+00  0.00000E+00
    2.6965E+01 -1.14465E+02 -1.01872E+02  0.00000E+00  0.00000E+00
    2.7019E+01 -1.14465E+02 -1.01872E+02  0.00000E+00  0.00000E+00
    2.7073E+01 -1.14465E+02 -1.01872E+02  0.00000E+00  0.00000E+00
    2.7128E+01 -1.14531E+02 -1.01888E+02  0.00000E+00  0.00000E+00
    2.7182E+01 -1.14531E+02 -1.01888E+02  0.00000E+00  0.00000E+00
    2.7236E+01 -1.14531E+02 -1.01888E+02  0.00000E+00  0.00000E+00
    2.7290E+01 -1.14531E+02 -1.01888E+02  0.00000E+00  0.00000E+00
    2.7345E+01 -1.14531E+02 -1.01888E+02  0.00000E+00  0.00000E+00
    2.7399E+01 -1.14531E+02 -1.01888E+02  0.00000E+00  0.00000E+00
    2.7453E+01 -1.14994E+02 -1.02350E+02  0.00000E+00  0.00000E+00
    2.7507E+01 -1.14994E+02 -1.02350E+02  0.00000E+00  0.00000E+00
    2.7562E+01 -1.14994E+02 -1.02350E+02  0.00000E+00  0.00000E+00
    2.7616E+01 -1.14994E+02 -1.02350E+02  0.00000E+00  0.00000E+00
    2.7670E+01 -1.14994E+02 -1.02350E+02  0.00000E+00  0.00000E+00
    2.7724E+01 -1.14994E+02 -1.02350E+02  0.00000E+00  0.00000E+00
    2.7779E+01 -1.15163E+02 -1.02437E+02  0.00000E+00  0.00000E+00
    2.7833E+01 -1.15163E+02 -1.02437E+02  0.00000E+00  0.00000E+00
    2.7887E+01 -1.15163E+02 -1.02437E+02  0.00000E+00  0.00000E+00
    2.7941E+01 -1.15163E+02 -1.02437E+02  0.00000E+00  0.00000E+00
    2.7996E+01 -1.15163E+02 -1.02437E+02  0.00000E+00  0.00000E+00
    2.8050E+01 -1.15163E+02 -1.02437E+02  0.00000E+00  0.00000E+00
    2.8104E+01 -1.15163E+02 -1.02437E+02  0.00000E+00  0.00000E+00
    2.8158E+01 -1.15163E+02 -1.02437E+02  0.00000E+00  0.00000E+00
    2.8213E+01 -1.15163E+02 -1.02437E+02  0.00000E+00  0.00000E+00
    2.8267E+01 -1.15163E+02 -1.02437E+02  0.00000E+00  0.00000E+00
    2.8321E+01 -1.15163E+02 -1.02437E+02  0.00000E+00  0.00000E+00
    2.8375E+01 -1.15163E+02 -1.02437E+02  0.00000E+00  0.00000E+00
    2.8430E+01 -1.15163E+02 -1.02437E+02  0.00000E+00  0.00000E+00
    2.8484E+01 -1.15357E+02 -1.02437E+02  0.00000E+00  0.00000E+00
    2.8538E+01 -1.15357E+02 -1.02437E+02  0.00000E+00  0.00000E+00
    2.8593E+01 -1.15357E+02 -1.02437E+02  0.00000E+00  0.00000E+00
    2.8647E+01 -1.15357E+02 -1.02437E+02  0.00000E+00  0.00000E+00
    2.8701E+01 -1.15357E+02 -1.02437E+02  0.00000E+00  0.00000E+00
    2.8755E+01 -1.15357E+02 -1.02437E+02  0.00000E+00  0.00000E+00
    2.8810E+01 -1.15357E+02 -1.02437E+02  0.00000E+00  0.00000E+00
    2.8864E+01 -1.15357E+02 -1.02437E+02  0.00000E+00  0.00000E+00
    2.8918E+01 -1.15752E+02 -1.02791E+02  0.00000E+00  0.00000E+00
    2.8972E+01 -1.15752E+02 -1.02791E+02  0.00000E+00  0.00000E+00
    2.9027E+01 -1.15752E+02 -1.02791E+02  0.00000E+00  0.00000E+00
    2.9081E+01 -1.15752E+02 -1.02791E+02  0.00000E+00  0.00000E+00
    2.9135E+01 -1.15752E+02 -1.02791E+02  0.00000E+00  0.00000E+00
    2.9189E+01 -1.15752E+02 -1.02791E+02  0.00000E+00  0.00000E+00
    2.9244E+01 -1.15752E+02 -1.02791E+02  0.00000E+00  0.00000E+00
    2.9298E+01 -1.24997E+02 -1.12035E+02  0.00000E+00  0.00000E+00
    2.9352E+01 -1.24997E+02 -1.12035E+02  0.00000E+00  0.00000E+00
    2.9406E+01 -1.24997E+02 -1.12035E+02  0.00000E+00  0.00000E+00
    2.9461E+01 -1.24997E+02 -1.12035E+02  0.00000E+00  0.00000E+00
    2.9515E+01 -1.24997E+02 -1.12035E+02  0.00000E+00  0.00000E+00
    2.9569E+01 -1.24997E+02 -1.12035E+02  0.00000E+00  0.00000E+00
    2.9623E+01 -1.24997E+02 -1.12035E+02  0.00000E+00  0.00000E+00
    2.9678E+01 -1.24997E+02 -1.12035E+02  0.00000E+00  0.00000E+00
    2.9732E+01 -1.24997E+02 -1.12035E+02  0.00000E+00  0.00000E+00
    2.9786E+01 -1.24997E+02 -1.12035E+02  0.00000E+00  0.00000E+00
    2.9840E+01 -1.24997E+02 -1.12035E+02  0.00000E+00  0.00000E+00
    2.9895E+01 -1.24997E+02 -1.12035E+02  0.00000E+00  0.00000E+00
    2.9949E+01 -1.24997E+02 -1.12035E+02  0.00000E+00  0.00000E+00
    3.0003E+01 -1.24997E+02 -1.12035E+02  0.00000E+00  0.00000E+00
    3.0057E+01 -1.24997E+02 -1.12035E+02  0.00000E+00  0.00000E+00
    3.0112E+01 -1.24997E+02 -1.12035E+02  0.00000E+00  0.00000E+00
    3.0166E+01 -1.24997E+02 -1.12035E+02  0.00000E+00  0.00000E+00
    3.0220E+01 -1.24997E+02 -1.12035E+02  0.00000E+00  0.00000E+00
    3.0274E+01 -1.24997E+02 -1.12035E+02  0.00000E+00  0.00000E+00
    3.0329E+01 -1.24997E+02 -1.12035E+02  0.00000E+00  0.00000E+00
    3.0383E+01 -1.24997E+02 -1.12035E+02  0.00000E+00  0.00000E+00
    3.0437E+01 -1.24997E+02 -1.12035E+02  0.00000E+00  0.00000E+00
    3.0491E+01 -1.24997E+02 -1.12035E+02  0.00000E+00  0.00000E+00
    3.0546E+01 -1.24997E+02 -1.12035E+02  0.00000E+00  0.00000E+00
    3.0600E+01 -1.24997E+02 -1.12035E+02  0.00000E+00  0.00000E+00
    3.0654E+01 -1.24997E+02 -1.12035E+02  0.00000E+00  0.00000E+00
    3.0708E+01 -1.24997E+02 -1.12035E+02  0.00000E+00  0.00000E+00
    3.0763E+01 -1.26934E+02 -1.12467E+02  0.00000E+00  0.00000E+00
    3.0817E+01 -1.26934E+02 -1.12467E+02  0.00000E+00  0.00000E+00
    3.0871E+01 -1.26934E+02 -1.12467E+02  0.00000E+00  0.00000E+00
    3.0925E+01 -1.26934E+02 -1.12467E+02  0.00000E+00  0.00000E+00
    3.0980E+01 -1.26934E+02 -1.12467E+02  0.00000E+00  0.00000E+00
    3.1034E+01 -1.26934E+02 -1.12467E+02  0.00000E+00  0.00000E+00
    3.1088E+01 -1.26934E+02 -1.12467E+02  0.00000E+00  0.00000E+00
    3.1143E+01 -1.26934E+02 -1.12467E+02  0.00000E+00  0.00000E+00
    3.1197E+01 -1.30799E+02 -1.16332E+02  0.00000E+00  0.00000E+00
    3.1251E+01 -1.30799E+02 -1.16332E+02  0.00000E+00  0.00000E+00
    3.1305E+01 -1.30799E+02 -1.16332E+02  0.00000E+00  0.00000E+00
    3.1360E+01 -1.30799E+02 -1.16332E+02  0.00000E+00  0.00000E+00
    3.1414E+01 -1.30799E+02 -1.16332E+02  0.00000E+00  0.00000E+00
    3.1468E+01 -1.30799E+02 -1.16332E+02  0.00000E+00  0.00000E+00
    3.1522E+01 -1.30799E+02 -1.16332E+02  0.00000E+00  0.00000E+00
    3.1577E+01 -1.30799E+02 -1.16332E+02  0.00000E+00  0.00000E+00
    3.1631E+01 -1.30799E+02 -1.16332E+02  0.00000E+00  0.00000E+00
    3.1685E+01 -1.30799E+02 -1.16332E+02  0.00000E+00  0.00000E+00
    3.1739E+01 -1.30799E+02 -1.16332E+02  0.00000E+00  0.00000E+00
    3.1794E+01 -1.30799E+02 -1.16332E+02  0.00000E+00  0.00000E+00
    3.1848E+01 -1.30799E+02 -1.16332E+02  0.00000E+00  0.00000E+00
    3.1902E+01 -1.30799E+02 -1.16332E+02  0.00000E+00  0.00000E+00
    3.1956E+01 -1.30799E+02 -1.16332E+02  0.00000E+00  0.00000E+00
    3.2011E+01 -1.30799E+02 -1.16332E+02  0.00000E+00  0.00000E+00
    3.2065E+01 -1.30799E+02 -1.16332E+02  0.00000E+00  0.00000E+00
    3.2119E+01 -1.30799E+02 -1.16332E+02  0.00000E+00  0.00000E+00
    3.2173E+01 -1.30799E+02 -1.16332E+02  0.00000E+00  0.00000E+00
    3.2228E+01 -1.30799E+02 -1.16332E+02  0.00000E+00  0.00000E+00
    3.2282E+01 -1.30799E+02 -1.16332E+02  0.00000E+00  0.00000E+00
    3.2336E+01 -1.30799E+02 -1.16332E+02  0.00000E+00  0.00000E+00
    3.2390E+01 -1.30799E+02 -1.16332E+02  0.00000E+00  0.00000E+00
    3.2445E+01 -1.30799E+02 -1.16332E+02  0.00000E+00  0.00000E+00
    3.2499E+01 -1.30799E+02 -1.16332E+02  0.00000E+00  0.00000E+00
    3.2553E+01 -1.30799E+02 -1.16332E+02  0.00000E+00  0.00000E+00
    3.2607E+01 -1.30799E+02 -1.16332E+02  0.00000E+00  0.00000E+00
    3.2662E+01 -1.30799E+02 -1.16332E+02  0.00000E+00  0.00000E+00
    3.2716E+01 -1.30799E+02 -1.16332E+02  0.00000E+00  0.00000E+00
    3.2770E+01 -1.30799E+02 -1.16332E+02  0.00000E+00  0.00000E+00
    3.2824E+01 -1.30799E+02 -1.16332E+02  0.00000E+00  0.00000E+00
    3.2879E+01 -1.32433E+02 -1.17158E+02  0.00000E+00  0.00000E+00
    3.2933E+01 -1.32806E+02 -1.17158E+02  0.00000E+00  0.00000E+00
    3.2987E+01 -1.32806E+02 -1.17158E+02  0.00000E+00  0.00000E+00
    3.3041E+01 -1.32806E+02 -1.17158E+02  0.00000E+00  0.00000E+00
    3.3096E+01 -1.32806E+02 -1.17158E+02  0.00000E+00  0.00000E+00
    3.3150E+01 -1.32806E+02 -1.17158E+02  0.00000E+00  0.00000E+00
    3.3204E+01 -1.32806E+02 -1.17158E+02  0.00000E+00  0.00000E+00
    3.3258E+01 -1.32806E+02 -1.17158E+02  0.00000E+00  0.00000E+00
    3.3313E+01 -1.32806E+02 -1.17158E+02  0.00000E+00  0.00000E+00
    3.3367E+01 -1.32806E+02 -1.17158E+02  0.00000E+00  0.00000E+00
    3.3421E+01 -1.32806E+02 -1.17158E+02  0.00000E+00  0.00000E+00
    3.3475E+01 -1.32806E+02 -1.17158E+02  0.00000E+00  0.00000E+00
    3.3530E+01 -1.32806E+02 -1.17158E+02  0.00000E+00  0.00000E+00
    3.3584E+01 -1.32806E+02 -1.17158E+02  0.00000E+00  0.00000E+00
    3.3638E+01 -1.32806E+02 -1.17158E+02  0.00000E+00  0.00000E+00
    3.3693E+01 -1.32806E+02 -1.17158E+02  0.00000E+00  0.00000E+00
    3.3747E+01 -1.32806E+02 -1.17158E+02  0.00000E+00  0.00000E+00
    3.3801E+01 -1.32806E+02 -1.17158E+02  0.00000E+00  0.00000E+00
    3.3855E+01 -1.32806E+02 -1.17158E+02  0.00000E+00  0.00000E+00
    3.3910E+01 -1.32806E+02 -1.17158E+02  0.00000E+00  0.00000E+00
    3.3964E+01 -1.32806E+02 -1.17158E+02  0.00000E+00  0.00000E+00
    3.4018E+01 -1.32806E+02 -1.17158E+02  0.00000E+00  0.00000E+00
    3.4072E+01 -1.32806E+02 -1.17158E+02  0.00000E+00  0.00000E+00
    3.4127E+01 -1.32806E+02 -1.17158E+02  0.00000E+00  0.00000E+00
    3.4181E+01 -1.32806E+02 -1.17158E+02  0.00000E+00  0.00000E+00
    3.4235E+01 -1.32806E+02 -1.17158E+02  0.00000E+00  0.00000E+00
    3.4289E+01 -1.32806E+02 -1.17158E+02  0.00000E+00  0.00000E+00
    3.4344E+01 -1.32806E+02 -1.17158E+02  0.00000E+00  0.00000E+00
    3.4398E+01 -1.32806E+02 -1.17158E+02  0.00000E+00  0.00000E+00
    3.4452E+01 -1.32806E+02 -1.17158E+02  0.00000E+00  0.00000E+00
    3.4506E+01 -1.32806E+02 -1.17158E+02  0.00000E+00  0.00000E+00
    3.4561E+01 -1.32806E+02 -1.17158E+02  0.00000E+00  0.00000E+00
    3.4615E+01 -1.32806E+02 -1.17158E+02  0.00000E+00  0.00000E+00
    3.4669E+01 -1.32806E+02 -1.17158E+02  0.00000E+00  0.00000E+00
    3.4723E+01 -1.32806E+02 -1.17158E+02  0.00000E+00  0.00000E+00
    3.4778E+01 -1.32806E+02 -1.17158E+02  0.00000E+00  0.00000E+00
    3.4832E+01 -1.32806E+02 -1.17158E+02  0.00000E+00  0.00000E+00
    3.4886E+01 -1.32806E+02 -1.17158E+02  0.00000E+00  0.00000E+00
    3.4940E+01 -1.32806E+02 -1.17158E+02  0.00000E+00  0.00000E+00
    3.4995E+01 -1.32806E+02 -1.17158E+02  0.00000E+00  0.00000E+00
    3.5049E+01 -1.32806E+02 -1.17158E+02  0.00000E+00  0.00000E+00
    3.5103E+01 -1.32806E+02 -1.17158E+02  0.00000E+00  0.00000E+00
    3.5157E+01 -1.32806E+02 -1.17158E+02  0.00000E+00  0.00000E+00
    3.5212E+01 -1.32806E+02 -1.17158E+02  0.00000E+00  0.00000E+00
    3.5266E+01 -1.32806E+02 -1.17158E+02  0.00000E+00  0.00000E+00
    3.5320E+01 -1.33815E+02 -1.17158E+02  0.00000E+00  0.00000E+00
    3.5374E+01 -1.33815E+02 -1.17158E+02  0.00000E+00  0.00000E+00
    3.5429E+01 -1.33815E+02 -1.17158E+02  0.00000E+00  0.00000E+00
    3.5483E+01 -1.33815E+02 -1.17158E+02  0.00000E+00  0.00000E+00
    3.5537E+01 -1.33815E+02 -1.17158E+02  0.00000E+00  0.00000E+00
    3.5591E+01 -1.33815E+02 -1.17158E+02  0.00000E+00  0.00000E+00
    3.5646E+01 -1.33815E+02 -1.17158E+02  0.00000E+00  0.00000E+00
    3.5700E+01 -1.33815E+02 -1.17158E+02  0.00000E+00  0.00000E+00
    3.5754E+01 -1.33815E+02 -1.17158E+02  0.00000E+00  0.00000E+00
    3.5808E+01 -1.33815E+02 -1.17158E+02  0.00000E+00  0.00000E+00
    3.5863E+01 -1.33815E+02 -1.17158E+02  0.00000E+00  0.00000E+00
    3.5917E+01 -1.33815E+02 -1.17158E+02  0.00000E+00  0.00000E+00
    3.5971E+01 -1.33815E+02 -1.17158E+02  0.00000E+00  0.00000E+00
    3.6025E+01 -1.39958E+02 -1.23302E+02  0.00000E+00  0.00000E+00
    3.6080E+01 -1.39958E+02 -1.23302E+02  0.00000E+00  0.00000E+00
    3.6134E+01 -1.39958E+02 -1.23302E+02  0.00000E+00  0.00000E+00
    3.6188E+01 -1.39958E+02 -1.23302E+02  0.00000E+00  0.00000E+00
    3.6243E+01 -1.39958E+02 -1.23302E+02  0.00000E+00  0.00000E+00
    3.6297E+01 -1.39958E+02 -1.23302E+02  0.00000E+00  0.00000E+00
    3.6351E+01 -1.39958E+02 -1.23302E+02  0.00000E+00  0.00000E+00
    3.6405E+01 -1.39958E+02 -1.23302E+02  0.00000E+00  0.00000E+00
    3.6460E+01 -1.39958E+02 -1.23302E+02  0.00000E+00  0.00000E+00
    3.6514E+01 -1.39958E+02 -1.23302E+02  0.00000E+00  0.00000E+00
    3.6568E+01 -1.39958E+02 -1.23302E+02  0.00000E+00  0.00000E+00
    3.6622E+01 -1.39958E+02 -1.23302E+02  0.00000E+00  0.00000E+00
    3.6677E+01 -1.39958E+02 -1.23302E+02  0.00000E+00  0.00000E+00
    3.6731E+01 -1.39958E+02 -1.23302E+02  0.00000E+00  0.00000E+00
    3.6785E+01 -1.39958E+02 -1.23302E+02  0.00000E+00  0.00000E+00
    3.6839E+01 -1.39958E+02 -1.23302E+02  0.00000E+00  0.00000E+00
    3.6894E+01 -1.39958E+02 -1.23302E+02  0.00000E+00  0.00000E+00
    3.6948E+01 -1.39958E+02 -1.23302E+02  0.00000E+00  0.00000E+00
    3.7002E+01 -1.39958E+02 -1.23302E+02  0.00000E+00  0.00000E+00
    3.7056E+01 -1.39958E+02 -1.23302E+02  0.00000E+00  0.00000E+00
    3.7111E+01 -1.39958E+02 -1.23302E+02  0.00000E+00  0.00000E+00
    3.7165E+01 -1.39958E+02 -1.23302E+02  0.00000E+00  0.00000E+00
    3.7219E+01 -1.39958E+02 -1.23302E+02  0.00000E+00  0.00000E+00
    3.7273E+01 -1.39958E+02 -1.23302E+02  0.00000E+00  0.00000E+00
    3.7328E+01 -1.39958E+02 -1.23302E+02  0.00000E+00  0.00000E+00
    3.7382E+01 -1.41853E+02 -1.25196E+02  0.00000E+00  0.00000E+00
    3.7436E+01 -1.41853E+02 -1.25196E+02  0.00000E+00  0.00000E+00
    3.7490E+01 -1.41853E+02 -1.25196E+02  0.00000E+00  0.00000E+00
    3.7545E+01 -1.41853E+02 -1.25196E+02  0.00000E+00  0.00000E+00
    3.7599E+01 -1.41853E+02 -1.25196E+02  0.00000E+00  0.00000E+00
    3.7653E+01 -1.41853E+02 -1.25196E+02  0.00000E+00  0.00000E+00
    3.7707E+01 -1.42768E+02 -1.25432E+02  0.00000E+00  0.00000E+00
    3.7762E+01 -1.42768E+02 -1.25432E+02  0.00000E+00  0.00000E+00
    3.7816E+01 -1.42768E+02 -1.25432E+02  0.00000E+00  0.00000E+00
    3.7870E+01 -1.42768E+02 -1.25432E+02  0.00000E+00  0.00000E+00
    3.7924E+01 -1.42768E+02 -1.25432E+02  0.00000E+00  0.00000E+00
    3.7979E+01 -1.42768E+02 -1.25432E+02  0.00000E+00  0.00000E+00
    3.8033E+01 -1.42768E+02 -1.25432E+02  0.00000E+00  0.00000E+00
    3.8087E+01 -1.42768E+02 -1.25432E+02  0.00000E+00  0.00000E+00
    3.8141E+01 -1.42768E+02 -1.25432E+02  0.00000E+00  0.00000E+00
    3.8196E+01 -1.42768E+02 -1.25432E+02  0.00000E+00  0.00000E+00
    3.8250E+01 -1.42768E+02 -1.25432E+02  0.00000E+00  0.00000E+00
    3.8304E+01 -1.42768E+02 -1.25432E+02  0.00000E+00  0.00000E+00
    3.8358E+01 -1.42768E+02 -1.25432E+02  0.00000E+00  0.00000E+00
    3.8413E+01 -1.42768E+02 -1.25432E+02  0.00000E+00  0.00000E+00
    3.8467E+01 -1.42768E+02 -1.25432E+02  0.00000E+00  0.00000E+00
    3.8521E+01 -1.42768E+02 -1.25432E+02  0.00000E+00  0.00000E+00
    3.8575E+01 -1.42768E+02 -1.25432E+02  0.00000E+00  0.00000E+00
    3.8630E+01 -1.42768E+02 -1.25432E+02  0.00000E+00  0.00000E+00
    3.8684E+01 -1.42768E+02 -1.25432E+02  0.00000E+00  0.00000E+00
    3.8738E+01 -1.42768E+02 -1.25432E+02  0.00000E+00  0.00000E+00
    3.8793E+01 -1.42768E+02 -1.25432E+02  0.00000E+00  0.00000E+00
    3.8847E+01 -1.42768E+02 -1.25432E+02  0.00000E+00  0.00000E+00
    3.8901E+01 -1.42768E+02 -1.25432E+02  0.00000E+00  0.00000E+00
    3.8955E+01 -1.42768E+02 -1.25432E+02  0.00000E+00  0.00000E+00
    3.9010E+01 -1.42768E+02 -1.25432E+02  0.00000E+00  0.00000E+00
    3.9064E+01 -1.42768E+02 -1.25432E+02  0.00000E+00  0.00000E+00
    3.9118E+01 -1.42768E+02 -1.25432E+02  0.00000E+00  0.00000E+00
    3.9172E+01 -1.42768E+02 -1.25432E+02  0.00000E+00  0.00000E+00
    3.9227E+01 -1.42768E+02 -1.25432E+02  0.00000E+00  0.00000E+00
    3.9281E+01 -1.42768E+02 -1.25432E+02  0.00000E+00  0.00000E+00
    3.9335E+01 -1.42768E+02 -1.25432E+02  0.00000E+00  0.00000E+00
    3.9389E+01 -1.42768E+02 -1.25432E+02  0.00000E+00  0.00000E+00
    3.9444E+01 -1.42768E+02 -1.25432E+02  0.00000E+00  0.00000E+00
    3.9498E+01 -1.42768E+02 -1.25432E+02  0.00000E+00  0.00000E+00
    3.9552E+01 -1.44929E+02 -1.26486E+02  0.00000E+00  0.00000E+00
    3.9606E+01 -1.44929E+02 -1.26486E+02  0.00000E+00  0.00000E+00
    3.9661E+01 -1.46455E+02 -1.28011E+02  0.00000E+00  0.00000E+00
    3.9715E+01 -1.46455E+02 -1.28011E+02  0.00000E+00  0.00000E+00
    3.9769E+01 -1.46455E+02 -1.28011E+02  0.00000E+00  0.00000E+00
    3.9823E+01 -1.46455E+02 -1.28011E+02  0.00000E+00  0.00000E+00
    3.9878E+01 -1.46455E+02 -1.28011E+02  0.00000E+00  0.00000E+00
    3.9932E+01 -1.46455E+02 -1.28011E+02  0.00000E+00  0.00000E+00
    3.9986E+01 -1.46455E+02 -1.28011E+02  0.00000E+00  0.00000E+00
    4.0040E+01 -1.46455E+02 -1.28011E+02  0.00000E+00  0.00000E+00
    4.0095E+01 -1.46455E+02 -1.28011E+02  0.00000E+00  0.00000E+00
    4.0149E+01 -1.46455E+02 -1.28011E+02  0.00000E+00  0.00000E+00
    4.0203E+01 -1.46455E+02 -1.28011E+02  0.00000E+00  0.00000E+00
    4.0257E+01 -1.46455E+02 -1.28011E+02  0.00000E+00  0.00000E+00
    4.0312E+01 -1.46455E+02 -1.28011E+02  0.00000E+00  0.00000E+00
    4.0366E+01 -1.46455E+02 -1.28011E+02  0.00000E+00  0.00000E+00
    4.0420E+01 -1.46455E+02 -1.28011E+02  0.00000E+00  0.00000E+00
    4.0474E+01 -1.46455E+02 -1.28011E+02  0.00000E+00  0.00000E+00
    4.0529E+01 -1.46455E+02 -1.28011E+02  0.00000E+00  0.00000E+00
    4.0583E+01 -1.46455E+02 -1.28011E+02  0.00000E+00  0.00000E+00
    4.0637E+01 -1.46455E+02 -1.28011E+02  0.00000E+00  0.00000E+00
    4.0691E+01 -1.46455E+02 -1.28011E+02  0.00000E+00  0.00000E+00
    4.0746E+01 -1.46455E+02 -1.28011E+02  0.00000E+00  0.00000E+00
    4.0800E+01 -1.46455E+02 -1.28011E+02  0.00000E+00  0.00000E+00
    4.0854E+01 -1.49976E+02 -1.28780E+02  0.00000E+00  0.00000E+00
    4.0908E+01 -1.49976E+02 -1.28780E+02  0.00000E+00  0.00000E+00
    4.0963E+01 -1.49976E+02 -1.28780E+02  0.00000E+00  0.00000E+00
    4.1017E+01 -1.49976E+02 -1.28780E+02  0.00000E+00  0.00000E+00
    4.1071E+01 -1.49976E+02 -1.28780E+02  0.00000E+00  0.00000E+00
    4.1125E+01 -1.49976E+02 -1.28780E+02  0.00000E+00  0.00000E+00
    4.1180E+01 -1.49976E+02 -1.28780E+02  0.00000E+00  0.00000E+00
    4.1234E+01 -1.49976E+02 -1.28780E+02  0.00000E+00  0.00000E+00
    4.1288E+01 -1.49976E+02 -1.28780E+02  0.00000E+00  0.00000E+00
    4.1343E+01 -1.49976E+02 -1.28780E+02  0.00000E+00  0.00000E+00
    4.1397E+01 -1.49976E+02 -1.28780E+02  0.00000E+00  0.00000E+00
    4.1451E+01 -1.49976E+02 -1.28780E+02  0.00000E+00  0.00000E+00
    4.1505E+01 -1.49976E+02 -1.28780E+02  0.00000E+00  0.00000E+00
    4.1560E+01 -1.49976E+02 -1.28780E+02  0.00000E+00  0.00000E+00
    4.1614E+01 -1.49976E+02 -1.28780E+02  0.00000E+00  0.00000E+00
    4.1668E+01 -1.49976E+02 -1.28780E+02  0.00000E+00  0.00000E+00
    4.1722E+01 -1.49976E+02 -1.28780E+02  0.00000E+00  0.00000E+00
    4.1777E+01 -1.49976E+02 -1.28780E+02  0.00000E+00  0.00000E+00
    4.1831E+01 -1.49976E+02 -1.28780E+02  0.00000E+00  0.00000E+00
    4.1885E+01 -1.49976E+02 -1.28780E+02  0.00000E+00  0.00000E+00
    4.1939E+01 -1.49976E+02 -1.28780E+02  0.00000E+00  0.00000E+00
    4.1994E+01 -1.49976E+02 -1.28780E+02  0.00000E+00  0.00000E+00
    4.2048E+01 -1.49976E+02 -1.28780E+02  0.00000E+00  0.00000E+00
    4.2102E+01 -1.49976E+02 -1.28780E+02  0.00000E+00  0.00000E+00
    4.2156E+01 -1.49976E+02 -1.28780E+02  0.00000E+00  0.00000E+00
    4.2211E+01 -1.49976E+02 -1.28780E+02  0.00000E+00  0.00000E+00
    4.2265E+01 -1.49976E+02 -1.28780E+02  0.00000E+00  0.00000E+00
    4.2319E+01 -1.49976E+02 -1.28780E+02  0.00000E+00  0.00000E+00
    4.2373E+01 -1.49976E+02 -1.28780E+02  0.00000E+00  0.00000E+00
    4.2428E+01 -1.49976E+02 -1.28780E+02  0.00000E+00  0.00000E+00
    4.2482E+01 -1.49976E+02 -1.28780E+02  0.00000E+00  0.00000E+00
    4.2536E+01 -1.49976E+02 -1.28780E+02  0.00000E+00  0.00000E+00
    4.2590E+01 -1.49976E+02 -1.28780E+02  0.00000E+00  0.00000E+00
    4.2645E+01 -1.49976E+02 -1.28780E+02  0.00000E+00  0.00000E+00
    4.2699E+01 -1.49976E+02 -1.28780E+02  0.00000E+00  0.00000E+00
    4.2753E+01 -1.49976E+02 -1.28780E+02  0.00000E+00  0.00000E+00
    4.2807E+01 -1.49976E+02 -1.28780E+02  0.00000E+00  0.00000E+00
    4.2862E+01 -1.49976E+02 -1.28780E+02  0.00000E+00  0.00000E+00
    4.2916E+01 -1.49976E+02 -1.28780E+02  0.00000E+00  0.00000E+00
    4.2970E+01 -1.49976E+02 -1.28780E+02  0.00000E+00  0.00000E+00
    4.3024E+01 -1.49976E+02 -1.28780E+02  0.00000E+00  0.00000E+00
    4.3079E+01 -1.49976E+02 -1.28780E+02  0.00000E+00  0.00000E+00
    4.3133E+01 -1.49976E+02 -1.28780E+02  0.00000E+00  0.00000E+00
    4.3187E+01 -1.49976E+02 -1.28780E+02  0.00000E+00  0.00000E+00
    4.3241E+01 -1.49976E+02 -1.28780E+02  0.00000E+00  0.00000E+00
    4.3296E+01 -1.49976E+02 -1.28780E+02  0.00000E+00  0.00000E+00
    4.3350E+01 -1.49976E+02 -1.28780E+02  0.00000E+00  0.00000E+00
    4.3404E+01 -1.49976E+02 -1.28780E+02  0.00000E+00  0.00000E+00
    4.3458E+01 -1.49976E+02 -1.28780E+02  0.00000E+00  0.00000E+00
    4.3513E+01 -1.52049E+02 -1.30853E+02  0.00000E+00  0.00000E+00
    4.3567E+01 -1.52049E+02 -1.30853E+02  0.00000E+00  0.00000E+00
    4.3621E+01 -1.52049E+02 -1.30853E+02  0.00000E+00  0.00000E+00
    4.3675E+01 -1.52049E+02 -1.30853E+02  0.00000E+00  0.00000E+00
    4.3730E+01 -1.52049E+02 -1.30853E+02  0.00000E+00  0.00000E+00
    4.3784E+01 -1.52049E+02 -1.30853E+02  0.00000E+00  0.00000E+00
    4.3838E+01 -1.52049E+02 -1.30853E+02  0.00000E+00  0.00000E+00
    4.3893E+01 -1.52049E+02 -1.30853E+02  0.00000E+00  0.00000E+00
    4.3947E+01 -1.52049E+02 -1.30853E+02  0.00000E+00  0.00000E+00
    4.4001E+01 -1.52049E+02 -1.30853E+02  0.00000E+00  0.00000E+00
    4.4055E+01 -1.52049E+02 -1.30853E+02  0.00000E+00  0.00000E+00
    4.4110E+01 -1.52049E+02 -1.30853E+02  0.00000E+00  0.00000E+00
    4.4164E+01 -1.52049E+02 -1.30853E+02  0.00000E+00  0.00000E+00
    4.4218E+01 -1.52049E+02 -1.30853E+02  0.00000E+00  0.00000E+00
    4.4272E+01 -1.52049E+02 -1.30853E+02  0.00000E+00  0.00000E+00
    4.4327E+01 -1.52049E+02 -1.30853E+02  0.00000E+00  0.00000E+00
    4.4381E+01 -1.52049E+02 -1.30853E+02  0.00000E+00  0.00000E+00
    4.4435E+01 -1.52049E+02 -1.30853E+02  0.00000E+00  0.00000E+00
    4.4489E+01 -1.52049E+02 -1.30853E+02  0.00000E+00  0.00000E+00
    4.4544E+01 -1.52049E+02 -1.30853E+02  0.00000E+00  0.00000E+00
    4.4598E+01 -1.52049E+02 -1.30853E+02  0.00000E+00  0.00000E+00
    4.4652E+01 -1.53613E+02 -1.31144E+02  0.00000E+00  0.00000E+00
    4.4706E+01 -1.53613E+02 -1.31144E+02  0.00000E+00  0.00000E+00
    4.4761E+01 -1.53613E+02 -1.31144E+02  0.00000E+00  0.00000E+00
    4.4815E+01 -1.53613E+02 -1.31144E+02  0.00000E+00  0.00000E+00
    4.4869E+01 -1.53613E+02 -1.31144E+02  0.00000E+00  0.00000E+00
    4.4923E+01 -1.53613E+02 -1.31144E+02  0.00000E+00  0.00000E+00
    4.4978E+01 -1.53613E+02 -1.31144E+02  0.00000E+00  0.00000E+00
    4.5032E+01 -1.53613E+02 -1.31144E+02  0.00000E+00  0.00000E+00
    4.5086E+01 -1.53613E+02 -1.31144E+02  0.00000E+00  0.00000E+00
    4.5140E+01 -1.53613E+02 -1.31144E+02  0.00000E+00  0.00000E+00
    4.5195E+01 -1.53613E+02 -1.31144E+02  0.00000E+00  0.00000E+00
    4.5249E+01 -1.53613E+02 -1.31144E+02  0.00000E+00  0.00000E+00
    4.5303E+01 -1.53613E+02 -1.31144E+02  0.00000E+00  0.00000E+00
    4.5357E+01 -1.53613E+02 -1.31144E+02  0.00000E+00  0.00000E+00
    4.5412E+01 -1.53613E+02 -1.31144E+02  0.00000E+00  0.00000E+00
    4.5466E+01 -1.53613E+02 -1.31144E+02  0.00000E+00  0.00000E+00
    4.5520E+01 -1.53613E+02 -1.31144E+02  0.00000E+00  0.00000E+00
    4.5574E+01 -1.53613E+02 -1.31144E+02  0.00000E+00  0.00000E+00
    4.5629E+01 -1.53613E+02 -1.31144E+02  0.00000E+00  0.00000E+00
    4.5683E+01 -1.53613E+02 -1.31144E+02  0.00000E+00  0.00000E+00
    4.5737E+01 -1.53613E+02 -1.31144E+02  0.00000E+00  0.00000E+00
    4.5791E+01 -1.53613E+02 -1.31144E+02  0.00000E+00  0.00000E+00
    4.5846E+01 -1.53613E+02 -1.31144E+02  0.00000E+00  0.00000E+00
    4.5900E+01 -1.53613E+02 -1.31144E+02  0.00000E+00  0.00000E+00
    4.5954E+01 -1.53613E+02 -1.31144E+02  0.00000E+00  0.00000E+00
    4.6008E+01 -1.53613E+02 -1.31144E+02  0.00000E+00  0.00000E+00
    4.6063E+01 -1.53613E+02 -1.31144E+02  0.00000E+00  0.00000E+00
    4.6117E+01 -1.53613E+02 -1.31144E+02  0.00000E+00  0.00000E+00
    4.6171E+01 -1.53613E+02 -1.31144E+02  0.00000E+00  0.00000E+00
    4.6225E+01 -1.53613E+02 -1.31144E+02  0.00000E+00  0.00000E+00
    4.6280E+01 -1.53613E+02 -1.31144E+02  0.00000E+00  0.00000E+00
    4.6334E+01 -1.53613E+02 -1.31144E+02  0.00000E+00  0.00000E+00
    4.6388E+01 -1.53613E+02 -1.31144E+02  0.00000E+00  0.00000E+00
    4.6442E+01 -1.53613E+02 -1.31144E+02  0.00000E+00  0.00000E+00
    4.6497E+01 -1.53613E+02 -1.31144E+02  0.00000E+00  0.00000E+00
    4.6551E+01 -1.53613E+02 -1.31144E+02  0.00000E+00  0.00000E+00
    4.6605E+01 -1.53613E+02 -1.31144E+02  0.00000E+00  0.00000E+00
    4.6660E+01 -1.53613E+02 -1.31144E+02  0.00000E+00  0.00000E+00
    4.6714E+01 -1.53613E+02 -1.31144E+02  0.00000E+00  0.00000E+00
    4.6768E+01 -1.53613E+02 -1.31144E+02  0.00000E+00  0.00000E+00
    4.6822E+01 -1.53613E+02 -1.31144E+02  0.00000E+00  0.00000E+00
    4.6877E+01 -1.53613E+02 -1.31144E+02  0.00000E+00  0.00000E+00
    4.6931E+01 -1.53613E+02 -1.31144E+02  0.00000E+00  0.00000E+00
    4.6985E+01 -1.53613E+02 -1.31144E+02  0.00000E+00  0.00000E+00
    4.7039E+01 -1.53613E+02 -1.31144E+02  0.00000E+00  0.00000E+00
    4.7094E+01 -1.53613E+02 -1.31144E+02  0.00000E+00  0.00000E+00
    4.7148E+01 -1.53613E+02 -1.31144E+02  0.00000E+00  0.00000E+00
    4.7202E+01 -1.53613E+02 -1.31144E+02  0.00000E+00  0.00000E+00
    4.7256E+01 -1.53613E+02 -1.31144E+02  0.00000E+00  0.00000E+00
    4.7311E+01 -1.53613E+02 -1.31144E+02  0.00000E+00  0.00000E+00
    4.7365E+01 -1.53613E+02 -1.31144E+02  0.00000E+00  0.00000E+00
    4.7419E+01 -1.53613E+02 -1.31144E+02  0.00000E+00  0.00000E+00
    4.7473E+01 -1.53613E+02 -1.31144E+02  0.00000E+00  0.00000E+00
    4.7528E+01 -1.53613E+02 -1.31144E+02  0.00000E+00  0.00000E+00
    4.7582E+01 -1.53613E+02 -1.31144E+02  0.00000E+00  0.00000E+00
    4.7636E+01 -1.53613E+02 -1.31144E+02  0.00000E+00  0.00000E+00
    4.7690E+01 -1.53613E+02 -1.31144E+02  0.00000E+00  0.00000E+00
    4.7745E+01 -1.53613E+02 -1.31144E+02  0.00000E+00  0.00000E+00
    4.7799E+01 -1.53613E+02 -1.31144E+02  0.00000E+00  0.00000E+00
    4.7853E+01 -1.53613E+02 -1.31144E+02  0.00000E+00  0.00000E+00
    4.7907E+01 -1.53613E+02 -1.31144E+02  0.00000E+00  0.00000E+00
    4.7962E+01 -1.53613E+02 -1.31144E+02  0.00000E+00  0.00000E+00
    4.8016E+01 -1.53613E+02 -1.31144E+02  0.00000E+00  0.00000E+00
    4.8070E+01 -1.53613E+02 -1.31144E+02  0.00000E+00  0.00000E+00
    4.8124E+01 -1.53613E+02 -1.31144E+02  0.00000E+00  0.00000E+00
    4.8179E+01 -1.53613E+02 -1.31144E+02  0.00000E+00  0.00000E+00
    4.8233E+01 -1.53613E+02 -1.31144E+02  0.00000E+00  0.00000E+00
    4.8287E+01 -1.53613E+02 -1.31144E+02  0.00000E+00  0.00000E+00
    4.8341E+01 -1.53613E+02 -1.31144E+02  0.00000E+00  0.00000E+00
    4.8396E+01 -1.53613E+02 -1.31144E+02  0.00000E+00  0.00000E+00
    4.8450E+01 -1.53613E+02 -1.31144E+02  0.00000E+00  0.00000E+00
    4.8504E+01 -1.53613E+02 -1.31144E+02  0.00000E+00  0.00000E+00
    4.8558E+01 -1.53613E+02 -1.31144E+02  0.00000E+00  0.00000E+00
    4.8613E+01 -1.53613E+02 -1.31144E+02  0.00000E+00  0.00000E+00
    4.8667E+01 -1.53613E+02 -1.31144E+02  0.00000E+00  0.00000E+00
    4.8721E+01 -1.53613E+02 -1.31144E+02  0.00000E+00  0.00000E+00
    4.8775E+01 -1.53613E+02 -1.31144E+02  0.00000E+00  0.00000E+00
    4.8830E+01 -1.53613E+02 -1.31144E+02  0.00000E+00  0.00000E+00
    4.8884E+01 -1.53613E+02 -1.31144E+02  0.00000E+00  0.00000E+00
    4.8938E+01 -1.53613E+02 -1.31144E+02  0.00000E+00  0.00000E+00
    4.8992E+01 -1.53613E+02 -1.31144E+02  0.00000E+00  0.00000E+00
    4.9047E+01 -1.53613E+02 -1.31144E+02  0.00000E+00  0.00000E+00
    4.9101E+01 -1.53613E+02 -1.31144E+02  0.00000E+00  0.00000E+00
    4.9155E+01 -1.53613E+02 -1.31144E+02  0.00000E+00  0.00000E+00
    4.9210E+01 -1.53613E+02 -1.31144E+02  0.00000E+00  0.00000E+00
    4.9264E+01 -1.53613E+02 -1.31144E+02  0.00000E+00  0.00000E+00
    4.9318E+01 -1.53613E+02 -1.31144E+02  0.00000E+00  0.00000E+00
    4.9372E+01 -1.53613E+02 -1.31144E+02  0.00000E+00  0.00000E+00
    4.9427E+01 -1.53613E+02 -1.31144E+02  0.00000E+00  0.00000E+00
    4.9481E+01 -1.53613E+02 -1.31144E+02  0.00000E+00  0.00000E+00
    4.9535E+01 -1.53613E+02 -1.31144E+02  0.00000E+00  0.00000E+00
    4.9589E+01 -1.53613E+02 -1.31144E+02  0.00000E+00  0.00000E+00
    4.9644E+01 -1.53613E+02 -1.31144E+02  0.00000E+00  0.00000E+00
    4.9698E+01 -1.53613E+02 -1.31144E+02  0.00000E+00  0.00000E+00
    4.9752E+01 -1.53613E+02 -1.31144E+02  0.00000E+00  0.00000E+00
    4.9806E+01 -1.53613E+02 -1.31144E+02  0.00000E+00  0.00000E+00
    4.9861E+01 -1.53613E+02 -1.31144E+02  0.00000E+00  0.00000E+00
    4.9915E+01 -1.53613E+02 -1.31144E+02  0.00000E+00  0.00000E+00
    4.9969E+01 -1.53613E+02 -1.31144E+02  0.00000E+00  0.00000E+00
    5.0023E+01 -1.53613E+02 -1.31144E+02  0.00000E+00  0.00000E+00
    5.0078E+01 -1.53613E+02 -1.31144E+02  0.00000E+00  0.00000E+00
    5.0132E+01 -1.53613E+02 -1.31144E+02  0.00000E+00  0.00000E+00
    5.0186E+01 -1.53613E+02 -1.31144E+02  0.00000E+00  0.00000E+00
    5.0240E+01 -1.53613E+02 -1.31144E+02  0.00000E+00  0.00000E+00
    5.0295E+01 -1.53613E+02 -1.31144E+02  0.00000E+00  0.00000E+00
    5.0349E+01 -1.53613E+02 -1.31144E+02  0.00000E+00  0.00000E+00
    5.0403E+01 -1.53613E+02 -1.31144E+02  0.00000E+00  0.00000E+00
    5.0457E+01 -1.53613E+02 -1.31144E+02  0.00000E+00  0.00000E+00
    5.0512E+01 -1.53613E+02 -1.31144E+02  0.00000E+00  0.00000E+00
    5.0566E+01 -1.53613E+02 -1.31144E+02  0.00000E+00  0.00000E+00
    5.0620E+01 -1.53613E+02 -1.31144E+02  0.00000E+00  0.00000E+00
    5.0674E+01 -1.53613E+02 -1.31144E+02  0.00000E+00  0.00000E+00
    5.0729E+01 -1.53613E+02 -1.31144E+02  0.00000E+00  0.00000E+00
    5.0783E+01 -1.53613E+02 -1.31144E+02  0.00000E+00  0.00000E+00
    5.0837E+01 -1.53613E+02 -1.31144E+02  0.00000E+00  0.00000E+00
    5.0891E+01 -1.53613E+02 -1.31144E+02  0.00000E+00  0.00000E+00
    5.0946E+01 -1.53613E+02 -1.31144E+02  0.00000E+00  0.00000E+00
    5.1000E+01 -1.53613E+02 -1.31144E+02  0.00000E+00  0.00000E+00
    5.1054E+01 -1.53613E+02 -1.31144E+02  0.00000E+00  0.00000E+00
    5.1108E+01 -1.53613E+02 -1.31144E+02  0.00000E+00  0.00000E+00
    5.1163E+01 -1.53613E+02 -1.31144E+02  0.00000E+00  0.00000E+00
    5.1217E+01 -1.53613E+02 -1.31144E+02  0.00000E+00  0.00000E+00
    5.1271E+01 -1.53613E+02 -1.31144E+02  0.00000E+00  0.00000E+00
    5.1325E+01 -1.53613E+02 -1.31144E+02  0.00000E+00  0.00000E+00
    5.1380E+01 -1.53613E+02 -1.31144E+02  0.00000E+00  0.00000E+00
    5.1434E+01 -1.53613E+02 -1.31144E+02  0.00000E+00  0.00000E+00
    5.1488E+01 -1.53613E+02 -1.31144E+02  0.00000E+00  0.00000E+00
    5.1542E+01 -1.53613E+02 -1.31144E+02  0.00000E+00  0.00000E+00
    5.1597E+01 -1.53613E+02 -1.31144E+02  0.00000E+00  0.00000E+00
    5.1651E+01 -1.53613E+02 -1.31144E+02  0.00000E+00  0.00000E+00
    5.1705E+01 -1.53613E+02 -1.31144E+02  0.00000E+00  0.00000E+00
    5.1760E+01 -1.53613E+02 -1.31144E+02  0.00000E+00  0.00000E+00
    5.1814E+01 -1.53613E+02 -1.31144E+02  0.00000E+00  0.00000E+00
    5.1868E+01 -1.53613E+02 -1.31144E+02  0.00000E+00  0.00000E+00
    5.1922E+01 -1.53613E+02 -1.31144E+02  0.00000E+00  0.00000E+00
    5.1977E+01 -1.53613E+02 -1.31144E+02  0.00000E+00  0.00000E+00
    5.2031E+01 -1.53613E+02 -1.31144E+02  0.00000E+00  0.00000E+00
    5.2085E+01 -1.53613E+02 -1.31144E+02  0.00000E+00  0.00000E+00
    5.2139E+01 -1.53613E+02 -1.31144E+02  0.00000E+00  0.00000E+00
    5.2194E+01 -1.53613E+02 -1.31144E+02  0.00000E+00  0.00000E+00
    5.2248E+01 -1.53613E+02 -1.31144E+02  0.00000E+00  0.00000E+00
    5.2302E+01 -1.53613E+02 -1.31144E+02  0.00000E+00  0.00000E+00
    5.2356E+01 -1.53613E+02 -1.31144E+02  0.00000E+00  0.00000E+00
    5.2411E+01 -1.53613E+02 -1.31144E+02  0.00000E+00  0.00000E+00
    5.2465E+01 -1.53613E+02 -1.31144E+02  0.00000E+00  0.00000E+00
    5.2519E+01 -1.53613E+02 -1.31144E+02  0.00000E+00  0.00000E+00
    5.2573E+01 -1.53613E+02 -1.31144E+02  0.00000E+00  0.00000E+00
    5.2628E+01 -1.53613E+02 -1.31144E+02  0.00000E+00  0.00000E+00
    5.2682E+01 -1.53613E+02 -1.31144E+02  0.00000E+00  0.00000E+00
    5.2736E+01 -1.53613E+02 -1.31144E+02  0.00000E+00  0.00000E+00
    5.2790E+01 -1.53613E+02 -1.31144E+02  0.00000E+00  0.00000E+00
    5.2845E+01 -1.53613E+02 -1.31144E+02  0.00000E+00  0.00000E+00
    5.2899E+01 -1.53613E+02 -1.31144E+02  0.00000E+00  0.00000E+00
    5.2953E+01 -1.53613E+02 -1.31144E+02  0.00000E+00  0.00000E+00
    5.3007E+01 -1.53613E+02 -1.31144E+02  0.00000E+00  0.00000E+00
    5.3062E+01 -1.53613E+02 -1.31144E+02  0.00000E+00  0.00000E+00
    5.3116E+01 -1.53613E+02 -1.31144E+02  0.00000E+00  0.00000E+00
    5.3170E+01 -1.53613E+02 -1.31144E+02  0.00000E+00  0.00000E+00
    5.3224E+01 -1.53613E+02 -1.31144E+02  0.00000E+00  0.00000E+00
    5.3279E+01 -1.53613E+02 -1.31144E+02  0.00000E+00  0.00000E+00
    5.3333E+01 -1.53613E+02 -1.31144E+02  0.00000E+00  0.00000E+00
    5.3387E+01 -1.53613E+02 -1.31144E+02  0.00000E+00  0.00000E+00
    5.3441E+01 -1.53613E+02 -1.31144E+02  0.00000E+00  0.00000E+00
    5.3496E+01 -1.53613E+02 -1.31144E+02  0.00000E+00  0.00000E+00
    5.3550E+01 -1.53613E+02 -1.31144E+02  0.00000E+00  0.00000E+00
    5.3604E+01 -1.53613E+02 -1.31144E+02  0.00000E+00  0.00000E+00
    5.3658E+01 -1.53613E+02 -1.31144E+02  0.00000E+00  0.00000E+00
    5.3713E+01 -1.53613E+02 -1.31144E+02  0.00000E+00  0.00000E+00
    5.3767E+01 -1.53613E+02 -1.31144E+02  0.00000E+00  0.00000E+00
    5.3821E+01 -1.53613E+02 -1.31144E+02  0.00000E+00  0.00000E+00
    5.3875E+01 -1.53613E+02 -1.31144E+02  0.00000E+00  0.00000E+00
    5.3930E+01 -1.53613E+02 -1.31144E+02  0.00000E+00  0.00000E+00
    5.3984E+01 -1.53613E+02 -1.31144E+02  0.00000E+00  0.00000E+00
    5.4038E+01 -1.53613E+02 -1.31144E+02  0.00000E+00  0.00000E+00
    5.4092E+01 -1.53613E+02 -1.31144E+02  0.00000E+00  0.00000E+00
    5.4147E+01 -1.53613E+02 -1.31144E+02  0.00000E+00  0.00000E+00
    5.4201E+01 -1.59303E+02 -1.36834E+02  0.00000E+00  0.00000E+00
