       1    0.000000    -0.0000    0.0000E+00
       1    0.000000    -0.0000    0.0000E+00
       1    0.000000     0.0000    0.0000E+00
       1    0.000000   514.8881    1.6815E-03
       1    0.000000   514.8881    1.5153E-03
       1    0.000000   514.8881    1.4338E-03
       2    0.028868     7.9924    8.5140E-04
       2    0.028868     7.9924    8.7698E-04
       2    0.028868    15.5523    9.0859E-04
       2    0.028868   514.7287    1.1937E-02
       2    0.028868   514.7287    9.7144E-03
       2    0.028868   514.7884    9.6264E-03
       3    0.057735    15.9258    1.1747E-03
       3    0.057735    15.9258    1.2045E-03
       3    0.057735    31.1225    1.7805E-03
       3    0.057735   514.2575    8.8753E-03
       3    0.057735   514.2575    1.0447E-02
       3    0.057735   514.4847    1.2158E-02
       4    0.086603    23.7411    1.0678E-03
       4    0.086603    23.7411    1.0235E-03
       4    0.086603    46.7253    2.2961E-03
       4    0.086603   513.4944    6.8412E-03
       4    0.086603   513.4944    8.0634E-03
       4    0.086603   513.9642    1.3491E-02
       5    0.115470    31.3781    4.7656E-04
       5    0.115470    31.3781    5.9118E-04
       5    0.115470    62.3681    2.2061E-03
       5    0.115470   512.4713    5.1405E-03
       5    0.115470   512.4713    5.9104E-03
       5    0.115470   513.2074    1.2998E-02
       6    0.144338    38.7766    2.1101E-04
       6    0.144338    38.7766    2.0114E-04
       6    0.144338    78.0494    1.8069E-03
       6    0.144338   511.2300    3.6099E-03
       6    0.144338   511.2300    4.6694E-03
       6    0.144338   512.1914    1.0649E-02
       7    0.173205    45.8771    6.7901E-05
       7    0.173205    45.8771    4.6942E-05
       7    0.173205    93.7566    1.2704E-03
       7    0.173205   509.8193    2.8819E-03
       7    0.173205   509.8193    3.3748E-03
       7    0.173205   510.8927    8.2517E-03
       8    0.033333    10.3620    2.5702E-04
       8    0.033333    10.3620    1.9284E-04
       8    0.033333    16.6858    1.0435E-02
       8    0.033333   514.6299    8.7142E-03
       8    0.033333   514.6299    9.0833E-03
       8    0.033333   514.8439    1.8532E-03
       9    0.055277    15.8502    1.9086E-03
       9    0.055277    16.6585    5.2931E-04
       9    0.055277    28.7413    5.2527E-03
       9    0.055277   514.2145    7.6948E-03
       9    0.055277   514.2392    9.0940E-03
       9    0.055277   514.6722    1.5698E-02
      10    0.081650    22.5006    2.0770E-03
      10    0.081650    23.8580    4.8880E-04
      10    0.081650    43.2733    3.8322E-03
      10    0.081650   513.4977    5.3973E-03
      10    0.081650   513.5863    8.2799E-03
      10    0.081650   514.2496    1.3885E-02
      11    0.109291    29.6448    1.3257E-03
      11    0.109291    31.2035    2.4681E-04
      11    0.109291    58.3763    2.9367E-03
      11    0.109291   512.5077    4.2441E-03
      11    0.109291   512.6840    7.2810E-03
      11    0.109291   513.5746    1.3476E-02
      12    0.137437    36.8557    6.5051E-04
      12    0.137437    38.4501    1.0379E-04
      12    0.137437    73.7203    2.3058E-03
      12    0.137437   511.2838    2.8882E-03
      12    0.137437   511.5601    5.0490E-03
      12    0.137437   512.6359    1.1747E-02
      13    0.165831    43.9313    2.2576E-04
      13    0.165831    45.4720    2.4649E-05
      13    0.165831    89.1943    1.5862E-03
      13    0.165831   509.8743    1.9105E-03
      13    0.165831   510.2525    3.2916E-03
      13    0.165831   511.4180    9.7091E-03
      14    0.194365    50.7518    7.0326E-05
      14    0.194365    52.1818    6.7069E-06
      14    0.194365   104.7360    1.1429E-03
      14    0.194365   508.3328    1.1661E-03
      14    0.194365   508.8021    1.9822E-03
      14    0.194365   509.9091    6.9118E-03
      15    0.184842    47.6927    8.3058E-05
      15    0.184842    50.7520    2.6865E-05
      15    0.184842    99.5430    1.1469E-03
      15    0.184842   508.8664    2.8187E-03
      15    0.184842   509.4538    2.1712E-03
      15    0.184842   510.2982    5.4824E-03
      16    0.156347    40.7474    2.3994E-04
      16    0.156347    43.9218    6.5256E-05
      16    0.156347    84.0319    1.3847E-03
      16    0.156347   510.3498    4.6040E-03
      16    0.156347   510.8646    3.6442E-03
      16    0.156347   511.7251    8.3447E-03
      17    0.128019    33.5528    7.0883E-04
      17    0.128019    36.8038    1.8072E-04
      17    0.128019    68.6221    2.0199E-03
      17    0.128019   511.6873    6.3931E-03
      17    0.128019   512.1217    4.9881E-03
      17    0.128019   512.8564    9.9610E-03
      18    0.100000    26.2165    1.4628E-03
      18    0.100000    29.4896    3.2449E-04
      18    0.100000    53.4038    2.4162E-03
      18    0.100000   512.8298    7.9974E-03
      18    0.100000   513.1759    6.6124E-03
      18    0.100000   513.7112    9.8910E-03
      19    0.072648    18.9259    2.2162E-03
      19    0.072648    22.0921    2.8662E-04
      19    0.072648    38.5849    2.6948E-03
      19    0.072648   513.7368    9.8432E-03
      19    0.072648   513.9835    9.5562E-03
      19    0.072648   514.3079    9.4386E-03
      20    0.047140    12.1783    2.1239E-03
      20    0.047140    14.7026    2.8956E-05
      20    0.047140    24.9125    2.4235E-03
      20    0.047140   514.3788    1.2361E-02
      20    0.047140   514.5093    9.8092E-03
      20    0.047140   514.6608    9.1807E-03
      21    0.066667    20.7141    2.3901E-04
      21    0.066667    20.7141    2.7896E-04
      21    0.066667    33.3856    1.7087E-02
      21    0.066667   513.8511    3.9256E-03
      21    0.066667   513.8511    3.8499E-03
      21    0.066667   514.7021    1.0470E-02
      22    0.086603    25.9738    1.6864E-03
      22    0.086603    26.5288    3.2461E-04
      22    0.086603    44.1172    1.1882E-02
      22    0.086603   513.1780    2.9884E-03
      22    0.086603   513.2069    4.1078E-03
      22    0.086603   514.4670    1.8833E-02
      23    0.110554    31.8555    1.9711E-03
      23    0.110554    33.0637    1.7192E-04
      23    0.110554    57.3711    6.6169E-03
      23    0.110554   512.2194    2.4335E-03
      23    0.110554   512.3317    4.8374E-03
      23    0.110554   513.9522    2.0435E-02
      24    0.136423    38.2833    1.1571E-03
      24    0.136423    39.8154    6.4573E-05
      24    0.136423    71.6054    3.9821E-03
      24    0.136423   511.0120    1.7020E-03
      24    0.136423   511.2503    3.9301E-03
      24    0.136423   513.1488    1.5612E-02
      25    0.163299    44.9345    5.0372E-04
      25    0.163299    46.5226    2.3271E-05
      25    0.163299    86.3184    2.4503E-03
      25    0.163299   509.6029    1.0798E-03
      25    0.163299   509.9901    2.5482E-03
      25    0.163299   512.0505    1.2556E-02
      26    0.190759    51.5636    1.7509E-04
      26    0.190759    53.0278    9.2633E-06
      26    0.190759   101.2980    1.5467E-03
      26    0.190759   508.0464    6.5574E-04
      26    0.190759   508.5755    1.4991E-03
      26    0.190759   510.6598    9.5729E-03
      27    0.200000    50.7191    9.3297E-05
      27    0.200000    57.8323    4.3394E-05
      27    0.200000   106.2556    7.1299E-04
      27    0.200000   507.7161    2.0399E-03
      27    0.200000   508.8043    1.7901E-03
      27    0.200000   509.3233    3.4906E-03
      28    0.172401    44.0910    2.7537E-04
      28    0.172401    51.2489    7.4233E-05
      28    0.172401    91.3113    1.0660E-03
      28    0.172401   509.2321    3.5204E-03
      28    0.172401   510.2136    2.7021E-03
      28    0.172401   510.9340    4.6667E-03
      29    0.145297    37.3248    6.9246E-04
      29    0.145297    44.3241    1.0230E-04
      29    0.145297    76.6778    1.4594E-03
      29    0.145297   510.6350    6.0421E-03
      29    0.145297   511.4827    4.2930E-03
      29    0.145297   512.2262    5.7143E-03
      30    0.119024    30.6034    1.5005E-03
      30    0.119024    37.1148    1.6435E-04
      30    0.119024    62.6020    2.2264E-03
      30    0.119024   511.8789    8.2036E-03
      30    0.119024   512.5629    6.0238E-03
      30    0.119024   513.2104    5.7087E-03
      31    0.094281    24.2509    2.3153E-03
      31    0.094281    29.6570    1.6337E-04
      31    0.094281    49.5748    2.9853E-03
      31    0.094281   512.9241    9.3617E-03
      31    0.094281   513.4091    7.2877E-03
      31    0.094281   513.8993    5.9206E-03
      32    0.100000    31.0356    2.8296E-04
      32    0.100000    31.0356    1.7708E-04
      32    0.100000    50.1073    2.2329E-02
      32    0.100000   512.5416    1.1687E-03
      32    0.100000   512.5416    1.2262E-03
      32    0.100000   514.4371    2.7968E-02
      33    0.119024    36.2872    1.0472E-03
      33    0.119024    36.5985    2.3619E-04
      33    0.119024    60.1561    1.4939E-02
      33    0.119024   511.6089    9.2331E-04
      33    0.119024   511.6409    1.6340E-03
      33    0.119024   514.1210    3.1228E-02
      34    0.141421    41.9610    1.4189E-03
      34    0.141421    42.6687    1.0179E-04
      34    0.141421    72.3813    8.2102E-03
      34    0.141421   510.4141    7.1674E-04
      34    0.141421   510.5388    2.1589E-03
      34    0.141421   513.5010    3.1019E-02
      35    0.165831    48.0559    8.0851E-04
      35    0.165831    48.9004    3.6842E-05
      35    0.165831    85.7131    4.5199E-03
      35    0.165831   509.0027    4.5198E-04
      35    0.165831   509.2652    1.7645E-03
      35    0.165831   512.5683    2.0718E-02
      36    0.191485    54.3615    3.4614E-04
      36    0.191485    55.0707    1.4241E-05
      36    0.191485    99.6644    2.5521E-03
      36    0.191485   507.4294    2.6552E-04
      36    0.191485   507.8428    1.1855E-03
      36    0.191485   511.3259    1.4860E-02
      37    0.191485    48.4373    2.0319E-04
      37    0.191485    59.6212    1.0135E-04
      37    0.191485    99.7110    5.4338E-04
      37    0.191485   507.9866    2.4459E-03
      37    0.191485   509.3118    1.8228E-03
      37    0.191485   509.7295    2.1119E-03
      38    0.165831    42.1744    5.0678E-04
      38    0.165831    52.5386    1.7325E-04
      38    0.165831    86.2635    9.1211E-04
      38    0.165831   509.4170    4.2743E-03
      38    0.165831   510.5880    2.4613E-03
      38    0.165831   511.2320    2.2725E-03
      39    0.141421    36.1114    1.0510E-03
      39    0.141421    44.9875    2.4925E-04
      39    0.141421    73.7400    1.5160E-03
      39    0.141421   510.7276    6.9061E-03
      39    0.141421   511.6869    3.5512E-03
      39    0.141421   512.3900    2.7225E-03
      40    0.133333    41.2864    2.7284E-04
      40    0.133333    41.2864    1.5397E-05
      40    0.133333    66.8474    1.9866E-02
      40    0.133333   510.6934    3.4235E-04
      40    0.133333   510.6934    3.3065E-04
      40    0.133333   514.0124    4.8365E-02
      41    0.151841    46.5349    6.6891E-04
      41    0.151841    46.6563    1.7725E-04
      41    0.151841    76.4721    1.4940E-02
      41    0.151841   509.5043    2.5278E-04
      41    0.151841   509.5378    7.1334E-04
      41    0.151841   513.5958    5.0464E-02
      42    0.173205    52.1752    9.4563E-04
      42    0.173205    52.3521    7.2557E-05
      42    0.173205    87.8853    7.8433E-03
      42    0.173205   508.0860    1.7277E-04
      42    0.173205   508.2126    1.0915E-03
      42    0.173205   512.8547    4.1257E-02
      43    0.196497    58.1181    2.5906E-05
      43    0.196497    58.1631    5.4351E-04
      43    0.196497   100.3583    4.2255E-03
      43    0.196497   506.4929    9.5079E-05
      43    0.196497   506.7470    9.8402E-04
      43    0.196497   511.7867    2.7112E-02
      44    0.188562    47.6531    2.4839E-04
      44    0.188562    60.6179    1.5969E-04
      44    0.188562    97.1708    4.2778E-04
      44    0.188562   508.0806    2.6575E-03
      44    0.188562   509.4788    1.0895E-03
      44    0.188562   509.8545    8.0124E-04
      45    0.166667    51.4015    1.7384E-04
      45    0.166667    51.4015    1.8796E-05
      45    0.166667    83.5877    1.7875E-02
      45    0.166667   508.3120    1.5974E-04
      45    0.166667   508.3120    1.2847E-04
      45    0.166667   513.3889    7.4313E-02
      46    0.184842    56.5779    1.1644E-04
      46    0.184842    56.6072    4.8069E-04
      46    0.184842    92.9064    1.3286E-02
      46    0.184842   506.8801    1.1500E-04
      46    0.184842   506.9121    3.6526E-04
      46    0.184842   512.8545    7.7197E-02
      47    0.200000    61.2906    5.2586E-05
      47    0.200000    61.2906    3.4651E-05
      47    0.200000   100.2949    1.2234E-02
      47    0.200000   505.4269    9.9451E-05
      47    0.200000   505.4269    7.4736E-05
      47    0.200000   512.5325    1.0215E-01
      48    0.074536    20.5885    1.8771E-03
      48    0.074536    23.2801    3.3791E-04
      48    0.074536    38.6667    8.2694E-03
      48    0.074536   513.6208    6.1370E-03
      48    0.074536   513.7760    5.0147E-03
      48    0.074536   514.4693    1.2506E-02
      49    0.098601    26.5731    1.7104E-03
      49    0.098601    30.3885    5.3461E-04
      49    0.098601    51.6249    5.1933E-03
      49    0.098601   512.7546    6.3551E-03
      49    0.098601   513.0452    4.8479E-03
      49    0.098601   513.9979    1.2789E-02
      50    0.124722    33.2173    1.0859E-03
      50    0.124722    37.4888    3.3091E-04
      50    0.124722    65.8147    3.5352E-03
      50    0.124722   511.6503    3.8731E-03
      50    0.124722   512.0674    4.5530E-03
      50    0.124722   513.2485    1.2174E-02
      51    0.151841    40.0581    4.9912E-04
      51    0.151841    44.4768    1.2974E-04
      51    0.151841    80.5706    2.2720E-03
      51    0.151841   510.3418    2.3968E-03
      51    0.151841   510.8796    3.2771E-03
      51    0.151841   512.2122    1.0604E-02
      52    0.179505    46.8446    1.9756E-04
      52    0.179505    51.2438    5.1728E-05
      52    0.179505    95.6266    1.6052E-03
      52    0.179505   508.8737    1.2680E-03
      52    0.179505   509.5188    2.0905E-03
      52    0.179505   510.8838    8.5609E-03
      53    0.105409    30.6253    1.1880E-03
      53    0.105409    32.8992    2.7486E-04
      53    0.105409    53.8381    1.2089E-02
      53    0.105409   512.3447    3.5091E-03
      53    0.105409   512.4743    1.5074E-03
      53    0.105409   514.1898    1.9881E-02
      54    0.128019    36.0660    1.2286E-03
      54    0.128019    39.6627    4.4481E-04
      54    0.128019    65.9900    7.2715E-03
      54    0.128019   511.2617    2.8977E-03
      54    0.128019   511.5006    1.6731E-03
      54    0.128019   513.6171    1.9321E-02
      55    0.152753    42.1122    7.2797E-04
      55    0.152753    46.4171    3.0402E-04
      55    0.152753    79.3957    4.0576E-03
      55    0.152753   509.9661    1.7046E-03
      55    0.152753   510.3177    1.7912E-03
      55    0.152753   512.7391    1.6126E-02
      56    0.178730    48.4135    3.0836E-04
      56    0.178730    53.0406    1.4221E-04
      56    0.178730    93.4876    2.4039E-03
      56    0.178730   508.4951    8.3133E-04
      56    0.178730   508.9631    1.3158E-03
      56    0.178730   511.5554    1.2200E-02
      57    0.196497    50.4388    1.7568E-04
      57    0.196497    59.0745    6.7653E-05
      57    0.196497   103.0776    7.6418E-04
      57    0.196497   507.6727    1.4362E-03
      57    0.196497   508.5078    9.8459E-04
      57    0.196497   510.0024    4.4572E-03
      58    0.169967    44.0491    4.2485E-04
      58    0.169967    52.3705    1.0492E-04
      58    0.169967    88.8507    1.1573E-03
      58    0.169967   509.1673    2.8391E-03
      58    0.169967   509.9530    1.4697E-03
      58    0.169967   511.4515    6.3411E-03
      59    0.144338    37.7208    9.8434E-04
      59    0.144338    45.3013    1.7263E-04
      59    0.144338    75.2203    2.0273E-03
      59    0.144338   510.5386    4.8399E-03
      59    0.144338   511.2100    2.0084E-03
      59    0.144338   512.6078    8.2970E-03
      60    0.120185    31.7437    1.7845E-03
      60    0.120185    37.9202    2.0487E-04
      60    0.120185    62.5888    3.3734E-03
      60    0.120185   511.7466    6.9073E-03
      60    0.120185   512.2521    2.6592E-03
      60    0.120185   513.4558    9.6731E-03
      61    0.137437    40.8735    6.4465E-04
      61    0.137437    42.7946    2.4603E-04
      61    0.137437    69.6237    1.4007E-02
      61    0.137437   510.5409    1.5559E-03
      61    0.137437   510.6302    4.1108E-04
      61    0.137437   513.7525    3.2426E-02
      62    0.158990    46.0524    7.2058E-04
      62    0.158990    49.2813    4.5610E-04
      62    0.158990    81.0617    7.8142E-03
      62    0.158990   509.2486    1.1855E-03
      62    0.158990   509.4101    7.0314E-04
      62    0.158990   513.0664    2.8948E-02
      63    0.182574    51.7128    4.0482E-04
      63    0.182574    55.7496    3.3253E-04
      63    0.182574    93.6756    4.1005E-03
      63    0.182574   507.7659    5.2088E-04
      63    0.182574   508.0256    9.1937E-04
      63    0.182574   512.0576    2.1364E-02
      64    0.190759    48.8705    3.1211E-04
      64    0.190759    60.6782    1.7535E-04
      64    0.190759    98.3885    6.6493E-04
      64    0.190759   507.8690    1.8747E-03
      64    0.190759   508.7360    4.1880E-04
      64    0.190759   510.3534    3.5782E-03
      65    0.166667    43.0698    6.4066E-04
      65    0.166667    53.1847    2.7259E-04
      65    0.166667    86.2011    1.2480E-03
      65    0.166667   509.2646    3.4008E-03
      65    0.166667   510.0937    7.7976E-04
      65    0.166667   511.6372    4.9736E-03
      66    0.169967    51.0446    3.1818E-04
      66    0.169967    52.6980    2.9124E-04
      66    0.169967    85.7129    1.2284E-02
      66    0.169967   508.2123    7.4218E-04
      66    0.169967   508.2498    1.3289E-04
      66    0.169967   513.1180    5.0298E-02
      67    0.190759    56.0560    3.6888E-04
      67    0.190759    58.9445    4.8128E-04
      67    0.190759    96.5363    6.6396E-03
      67    0.190759   506.7130    3.0455E-04
      67    0.190759   506.8054    6.2027E-04
      67    0.190759   512.3060    4.1212E-02
      68    0.149071    40.9250    9.6634E-04
      68    0.149071    47.0000    3.5043E-04
      68    0.149071    76.6790    5.3164E-03
      68    0.149071   510.0734    2.5568E-03
      68    0.149071   510.4356    5.8932E-04
      68    0.149071   512.9658    1.6217E-02
      69    0.172401    46.4617    5.8119E-04
      69    0.172401    54.1853    3.5701E-04
      69    0.172401    88.7835    2.9377E-03
      69    0.172401   508.7164    1.6117E-03
      69    0.172401   509.1467    4.8886E-04
      69    0.172401   511.9928    1.2884E-02
      70    0.197203    52.3338    2.4603E-04
      70    0.197203    61.0421    1.9929E-04
      70    0.197203   101.8271    1.6387E-03
      70    0.197203   507.2208    7.5973E-04
      70    0.197203   507.6725    4.9672E-04
      70    0.197203   510.7100    9.3524E-03
      71    0.179505    50.6847    6.1151E-04
      71    0.179505    56.3748    4.6166E-04
      71    0.179505    91.4058    5.0775E-03
      71    0.179505   507.9006    1.2933E-03
      71    0.179505   508.0588    1.2343E-04
      71    0.179505   512.2985    2.3810E-02
      72    0.194365    51.5134    4.5167E-04
      72    0.194365    61.9152    3.5438E-04
      72    0.194365    99.4753    1.1848E-03
      72    0.194365   507.3426    1.3233E-03
      72    0.194365   507.7247    1.2761E-04
      72    0.194365   510.9155    7.5174E-03
