       1   -8.4259E-06   -6.4757E-06    8.4718E-06    5.1489E+02    5.1489E+02    5.1489E+02    0.0000E+00    0.0000E+00    0.0000E+00    1.6815E-03    1.5153E-03    1.4338E-03
       2    7.9924E+00    7.9924E+00    1.5552E+01    5.1473E+02    5.1473E+02    5.1479E+02    8.5140E-04    8.7698E-04    9.0859E-04    1.1937E-02    9.7144E-03    9.6264E-03
       3    1.5926E+01    1.5926E+01    3.1123E+01    5.1426E+02    5.1426E+02    5.1448E+02    1.1747E-03    1.2045E-03    1.7805E-03    8.8753E-03    1.0447E-02    1.2158E-02
       4    2.3741E+01    2.3741E+01    4.6725E+01    5.1349E+02    5.1349E+02    5.1396E+02    1.0678E-03    1.0235E-03    2.2961E-03    6.8412E-03    8.0634E-03    1.3491E-02
       5    3.1378E+01    3.1378E+01    6.2368E+01    5.1247E+02    5.1247E+02    5.1321E+02    4.7656E-04    5.9118E-04    2.2061E-03    5.1405E-03    5.9104E-03    1.2998E-02
       6    3.8777E+01    3.8777E+01    7.8049E+01    5.1123E+02    5.1123E+02    5.1219E+02    2.1101E-04    2.0114E-04    1.8069E-03    3.6099E-03    4.6694E-03    1.0649E-02
       7    4.5877E+01    4.5877E+01    9.3757E+01    5.0982E+02    5.0982E+02    5.1089E+02    6.7901E-05    4.6942E-05    1.2704E-03    2.8819E-03    3.3748E-03    8.2517E-03
       8    1.0362E+01    1.0362E+01    1.6686E+01    5.1463E+02    5.1463E+02    5.1484E+02    2.5702E-04    1.9284E-04    1.0435E-02    8.7142E-03    9.0833E-03    1.8532E-03
       9    1.5850E+01    1.6658E+01    2.8741E+01    5.1421E+02    5.1424E+02    5.1467E+02    1.9086E-03    5.2931E-04    5.2527E-03    7.6948E-03    9.0940E-03    1.5698E-02
      10    2.2501E+01    2.3858E+01    4.3273E+01    5.1350E+02    5.1359E+02    5.1425E+02    2.0770E-03    4.8880E-04    3.8322E-03    5.3973E-03    8.2799E-03    1.3885E-02
      11    2.9645E+01    3.1203E+01    5.8376E+01    5.1251E+02    5.1268E+02    5.1357E+02    1.3257E-03    2.4681E-04    2.9367E-03    4.2441E-03    7.2810E-03    1.3476E-02
      12    3.6856E+01    3.8450E+01    7.3720E+01    5.1128E+02    5.1156E+02    5.1264E+02    6.5051E-04    1.0379E-04    2.3058E-03    2.8882E-03    5.0490E-03    1.1747E-02
      13    4.3931E+01    4.5472E+01    8.9194E+01    5.0987E+02    5.1025E+02    5.1142E+02    2.2576E-04    2.4649E-05    1.5862E-03    1.9105E-03    3.2916E-03    9.7091E-03
      14    5.0752E+01    5.2182E+01    1.0474E+02    5.0833E+02    5.0880E+02    5.0991E+02    7.0326E-05    6.7069E-06    1.1429E-03    1.1661E-03    1.9822E-03    6.9118E-03
      15    4.7693E+01    5.0752E+01    9.9543E+01    5.0887E+02    5.0945E+02    5.1030E+02    8.3058E-05    2.6865E-05    1.1469E-03    2.8187E-03    2.1712E-03    5.4824E-03
      16    4.0747E+01    4.3922E+01    8.4032E+01    5.1035E+02    5.1086E+02    5.1173E+02    2.3994E-04    6.5256E-05    1.3847E-03    4.6040E-03    3.6442E-03    8.3447E-03
      17    3.3553E+01    3.6804E+01    6.8622E+01    5.1169E+02    5.1212E+02    5.1286E+02    7.0883E-04    1.8072E-04    2.0199E-03    6.3931E-03    4.9881E-03    9.9610E-03
      18    2.6216E+01    2.9490E+01    5.3404E+01    5.1283E+02    5.1318E+02    5.1371E+02    1.4628E-03    3.2449E-04    2.4162E-03    7.9974E-03    6.6124E-03    9.8910E-03
      19    1.8926E+01    2.2092E+01    3.8585E+01    5.1374E+02    5.1398E+02    5.1431E+02    2.2162E-03    2.8662E-04    2.6948E-03    9.8432E-03    9.5562E-03    9.4386E-03
      20    1.2178E+01    1.4703E+01    2.4912E+01    5.1438E+02    5.1451E+02    5.1466E+02    2.1239E-03    2.8956E-05    2.4235E-03    1.2361E-02    9.8092E-03    9.1807E-03
      21    2.0714E+01    2.0714E+01    3.3386E+01    5.1385E+02    5.1385E+02    5.1470E+02    2.3901E-04    2.7896E-04    1.7087E-02    3.9256E-03    3.8499E-03    1.0470E-02
      22    2.5974E+01    2.6529E+01    4.4117E+01    5.1318E+02    5.1321E+02    5.1447E+02    1.6864E-03    3.2461E-04    1.1882E-02    2.9884E-03    4.1078E-03    1.8833E-02
      23    3.1856E+01    3.3064E+01    5.7371E+01    5.1222E+02    5.1233E+02    5.1395E+02    1.9711E-03    1.7192E-04    6.6169E-03    2.4335E-03    4.8374E-03    2.0435E-02
      24    3.8283E+01    3.9815E+01    7.1605E+01    5.1101E+02    5.1125E+02    5.1315E+02    1.1571E-03    6.4573E-05    3.9821E-03    1.7020E-03    3.9301E-03    1.5612E-02
      25    4.4934E+01    4.6523E+01    8.6318E+01    5.0960E+02    5.0999E+02    5.1205E+02    5.0372E-04    2.3271E-05    2.4503E-03    1.0798E-03    2.5482E-03    1.2556E-02
      26    5.1564E+01    5.3028E+01    1.0130E+02    5.0805E+02    5.0858E+02    5.1066E+02    1.7509E-04    9.2633E-06    1.5467E-03    6.5574E-04    1.4991E-03    9.5729E-03
      27    5.0719E+01    5.7832E+01    1.0626E+02    5.0772E+02    5.0880E+02    5.0932E+02    9.3297E-05    4.3394E-05    7.1299E-04    2.0399E-03    1.7901E-03    3.4906E-03
      28    4.4091E+01    5.1249E+01    9.1311E+01    5.0923E+02    5.1021E+02    5.1093E+02    2.7537E-04    7.4233E-05    1.0660E-03    3.5204E-03    2.7021E-03    4.6667E-03
      29    3.7325E+01    4.4324E+01    7.6678E+01    5.1064E+02    5.1148E+02    5.1223E+02    6.9246E-04    1.0230E-04    1.4594E-03    6.0421E-03    4.2930E-03    5.7143E-03
      30    3.0603E+01    3.7115E+01    6.2602E+01    5.1188E+02    5.1256E+02    5.1321E+02    1.5005E-03    1.6435E-04    2.2264E-03    8.2036E-03    6.0238E-03    5.7087E-03
      31    2.4251E+01    2.9657E+01    4.9575E+01    5.1292E+02    5.1341E+02    5.1390E+02    2.3153E-03    1.6337E-04    2.9853E-03    9.3617E-03    7.2877E-03    5.9206E-03
      32    3.1036E+01    3.1036E+01    5.0107E+01    5.1254E+02    5.1254E+02    5.1444E+02    2.8296E-04    1.7708E-04    2.2329E-02    1.1687E-03    1.2262E-03    2.7968E-02
      33    3.6287E+01    3.6599E+01    6.0156E+01    5.1161E+02    5.1164E+02    5.1412E+02    1.0472E-03    2.3619E-04    1.4939E-02    9.2331E-04    1.6340E-03    3.1228E-02
      34    4.1961E+01    4.2669E+01    7.2381E+01    5.1041E+02    5.1054E+02    5.1350E+02    1.4189E-03    1.0179E-04    8.2102E-03    7.1674E-04    2.1589E-03    3.1019E-02
      35    4.8056E+01    4.8900E+01    8.5713E+01    5.0900E+02    5.0927E+02    5.1257E+02    8.0851E-04    3.6842E-05    4.5199E-03    4.5198E-04    1.7645E-03    2.0718E-02
      36    5.4361E+01    5.5071E+01    9.9664E+01    5.0743E+02    5.0784E+02    5.1133E+02    3.4614E-04    1.4241E-05    2.5521E-03    2.6552E-04    1.1855E-03    1.4860E-02
      37    4.8437E+01    5.9621E+01    9.9711E+01    5.0799E+02    5.0931E+02    5.0973E+02    2.0319E-04    1.0135E-04    5.4338E-04    2.4459E-03    1.8228E-03    2.1119E-03
      38    4.2174E+01    5.2539E+01    8.6264E+01    5.0942E+02    5.1059E+02    5.1123E+02    5.0678E-04    1.7325E-04    9.1211E-04    4.2743E-03    2.4613E-03    2.2725E-03
      39    3.6111E+01    4.4987E+01    7.3740E+01    5.1073E+02    5.1169E+02    5.1239E+02    1.0510E-03    2.4925E-04    1.5160E-03    6.9061E-03    3.5512E-03    2.7225E-03
      40    4.1286E+01    4.1286E+01    6.6847E+01    5.1069E+02    5.1069E+02    5.1401E+02    2.7284E-04    1.5397E-05    1.9866E-02    3.4235E-04    3.3065E-04    4.8365E-02
      41    4.6535E+01    4.6656E+01    7.6472E+01    5.0950E+02    5.0954E+02    5.1360E+02    6.6891E-04    1.7725E-04    1.4940E-02    2.5278E-04    7.1334E-04    5.0464E-02
      42    5.2175E+01    5.2352E+01    8.7885E+01    5.0809E+02    5.0821E+02    5.1285E+02    9.4563E-04    7.2557E-05    7.8433E-03    1.7277E-04    1.0915E-03    4.1257E-02
      43    5.8118E+01    5.8163E+01    1.0036E+02    5.0649E+02    5.0675E+02    5.1179E+02    2.5906E-05    5.4351E-04    4.2255E-03    9.5079E-05    9.8402E-04    2.7112E-02
      44    4.7653E+01    6.0618E+01    9.7171E+01    5.0808E+02    5.0948E+02    5.0985E+02    2.4839E-04    1.5969E-04    4.2778E-04    2.6575E-03    1.0895E-03    8.0124E-04
      45    5.1402E+01    5.1402E+01    8.3588E+01    5.0831E+02    5.0831E+02    5.1339E+02    1.7384E-04    1.8796E-05    1.7875E-02    1.5974E-04    1.2847E-04    7.4313E-02
      46    5.6578E+01    5.6607E+01    9.2906E+01    5.0688E+02    5.0691E+02    5.1285E+02    1.1644E-04    4.8069E-04    1.3286E-02    1.1500E-04    3.6526E-04    7.7197E-02
      47    6.1291E+01    6.1291E+01    1.0029E+02    5.0543E+02    5.0543E+02    5.1253E+02    5.2586E-05    3.4651E-05    1.2234E-02    9.9451E-05    7.4736E-05    1.0215E-01
      48    2.0589E+01    2.3280E+01    3.8667E+01    5.1362E+02    5.1378E+02    5.1447E+02    1.8771E-03    3.3791E-04    8.2694E-03    6.1370E-03    5.0147E-03    1.2506E-02
      49    2.6573E+01    3.0389E+01    5.1625E+01    5.1275E+02    5.1305E+02    5.1400E+02    1.7104E-03    5.3461E-04    5.1933E-03    6.3551E-03    4.8479E-03    1.2789E-02
      50    3.3217E+01    3.7489E+01    6.5815E+01    5.1165E+02    5.1207E+02    5.1325E+02    1.0859E-03    3.3091E-04    3.5352E-03    3.8731E-03    4.5530E-03    1.2174E-02
      51    4.0058E+01    4.4477E+01    8.0571E+01    5.1034E+02    5.1088E+02    5.1221E+02    4.9912E-04    1.2974E-04    2.2720E-03    2.3968E-03    3.2771E-03    1.0604E-02
      52    4.6845E+01    5.1244E+01    9.5627E+01    5.0887E+02    5.0952E+02    5.1088E+02    1.9756E-04    5.1728E-05    1.6052E-03    1.2680E-03    2.0905E-03    8.5609E-03
      53    3.0625E+01    3.2899E+01    5.3838E+01    5.1234E+02    5.1247E+02    5.1419E+02    1.1880E-03    2.7486E-04    1.2089E-02    3.5091E-03    1.5074E-03    1.9881E-02
      54    3.6066E+01    3.9663E+01    6.5990E+01    5.1126E+02    5.1150E+02    5.1362E+02    1.2286E-03    4.4481E-04    7.2715E-03    2.8977E-03    1.6731E-03    1.9321E-02
      55    4.2112E+01    4.6417E+01    7.9396E+01    5.0997E+02    5.1032E+02    5.1274E+02    7.2797E-04    3.0402E-04    4.0576E-03    1.7046E-03    1.7912E-03    1.6126E-02
      56    4.8414E+01    5.3041E+01    9.3488E+01    5.0850E+02    5.0896E+02    5.1156E+02    3.0836E-04    1.4221E-04    2.4039E-03    8.3133E-04    1.3158E-03    1.2200E-02
      57    5.0439E+01    5.9074E+01    1.0308E+02    5.0767E+02    5.0851E+02    5.1000E+02    1.7568E-04    6.7653E-05    7.6418E-04    1.4362E-03    9.8459E-04    4.4572E-03
      58    4.4049E+01    5.2371E+01    8.8851E+01    5.0917E+02    5.0995E+02    5.1145E+02    4.2485E-04    1.0492E-04    1.1573E-03    2.8391E-03    1.4697E-03    6.3411E-03
      59    3.7721E+01    4.5301E+01    7.5220E+01    5.1054E+02    5.1121E+02    5.1261E+02    9.8434E-04    1.7263E-04    2.0273E-03    4.8399E-03    2.0084E-03    8.2970E-03
      60    3.1744E+01    3.7920E+01    6.2589E+01    5.1175E+02    5.1225E+02    5.1346E+02    1.7845E-03    2.0487E-04    3.3734E-03    6.9073E-03    2.6592E-03    9.6731E-03
      61    4.0874E+01    4.2795E+01    6.9624E+01    5.1054E+02    5.1063E+02    5.1375E+02    6.4465E-04    2.4603E-04    1.4007E-02    1.5559E-03    4.1108E-04    3.2426E-02
      62    4.6052E+01    4.9281E+01    8.1062E+01    5.0925E+02    5.0941E+02    5.1307E+02    7.2058E-04    4.5610E-04    7.8142E-03    1.1855E-03    7.0314E-04    2.8948E-02
      63    5.1713E+01    5.5750E+01    9.3676E+01    5.0777E+02    5.0803E+02    5.1206E+02    4.0482E-04    3.3253E-04    4.1005E-03    5.2088E-04    9.1937E-04    2.1364E-02
      64    4.8870E+01    6.0678E+01    9.8389E+01    5.0787E+02    5.0874E+02    5.1035E+02    3.1211E-04    1.7535E-04    6.6493E-04    1.8747E-03    4.1880E-04    3.5782E-03
      65    4.3070E+01    5.3185E+01    8.6201E+01    5.0926E+02    5.1009E+02    5.1164E+02    6.4066E-04    2.7259E-04    1.2480E-03    3.4008E-03    7.7976E-04    4.9736E-03
      66    5.1045E+01    5.2698E+01    8.5713E+01    5.0821E+02    5.0825E+02    5.1312E+02    3.1818E-04    2.9124E-04    1.2284E-02    7.4218E-04    1.3289E-04    5.0298E-02
      67    5.6056E+01    5.8944E+01    9.6536E+01    5.0671E+02    5.0681E+02    5.1231E+02    3.6888E-04    4.8128E-04    6.6396E-03    3.0455E-04    6.2027E-04    4.1212E-02
      68    4.0925E+01    4.7000E+01    7.6679E+01    5.1007E+02    5.1044E+02    5.1297E+02    9.6634E-04    3.5043E-04    5.3164E-03    2.5568E-03    5.8932E-04    1.6217E-02
      69    4.6462E+01    5.4185E+01    8.8783E+01    5.0872E+02    5.0915E+02    5.1199E+02    5.8119E-04    3.5701E-04    2.9377E-03    1.6117E-03    4.8886E-04    1.2884E-02
      70    5.2334E+01    6.1042E+01    1.0183E+02    5.0722E+02    5.0767E+02    5.1071E+02    2.4603E-04    1.9929E-04    1.6387E-03    7.5973E-04    4.9672E-04    9.3524E-03
      71    5.0685E+01    5.6375E+01    9.1406E+01    5.0790E+02    5.0806E+02    5.1230E+02    6.1151E-04    4.6166E-04    5.0775E-03    1.2933E-03    1.2343E-04    2.3810E-02
      72    5.1513E+01    6.1915E+01    9.9475E+01    5.0734E+02    5.0772E+02    5.1092E+02    4.5167E-04    3.5438E-04    1.1848E-03    1.3233E-03    1.2761E-04    7.5174E-03
