########################################################
#   T in K, u^2, u^2_x, u^2_y, u^2_z are  in Ang^2
#   u^2 = u^2_x + u^2_y + u^2_z 
#   T         u^2        u^2_x       u^2_y      u^2_z
########################################################
    5.00    0.005424    0.001521    0.002051    0.001852
   10.00    0.005479    0.001535    0.002073    0.001872
   15.00    0.005619    0.001566    0.002133    0.001921
   20.00    0.005860    0.001617    0.002238    0.002005
   25.00    0.006187    0.001686    0.002382    0.002119
   30.00    0.006579    0.001769    0.002554    0.002256
   35.00    0.007020    0.001863    0.002745    0.002411
   40.00    0.007496    0.001965    0.002952    0.002579
   45.00    0.008002    0.002074    0.003170    0.002757
   50.00    0.008530    0.002190    0.003397    0.002943
   55.00    0.009077    0.002310    0.003631    0.003136
   60.00    0.009639    0.002435    0.003870    0.003333
   65.00    0.010213    0.002564    0.004114    0.003535
   70.00    0.010799    0.002695    0.004362    0.003741
   75.00    0.011393    0.002830    0.004614    0.003950
   80.00    0.011995    0.002967    0.004868    0.004161
   85.00    0.012605    0.003106    0.005124    0.004375
   90.00    0.013219    0.003246    0.005383    0.004590
   95.00    0.013840    0.003389    0.005643    0.004808
  100.00    0.014464    0.003533    0.005905    0.005027
  105.00    0.015093    0.003678    0.006168    0.005247
  110.00    0.015725    0.003824    0.006432    0.005468
  115.00    0.016360    0.003972    0.006698    0.005690
  120.00    0.016998    0.004120    0.006964    0.005914
  125.00    0.017638    0.004269    0.007231    0.006138
  130.00    0.018281    0.004419    0.007500    0.006363
  135.00    0.018925    0.004569    0.007768    0.006588
  140.00    0.019572    0.004720    0.008038    0.006814
  145.00    0.020220    0.004872    0.008308    0.007041
  150.00    0.020870    0.005024    0.008578    0.007268
  155.00    0.021521    0.005176    0.008849    0.007496
  160.00    0.022173    0.005329    0.009120    0.007724
  165.00    0.022826    0.005483    0.009392    0.007952
  170.00    0.023481    0.005636    0.009664    0.008181
  175.00    0.024136    0.005790    0.009936    0.008410
  180.00    0.024793    0.005944    0.010209    0.008639
  185.00    0.025450    0.006099    0.010482    0.008869
  190.00    0.026108    0.006254    0.010755    0.009099
  195.00    0.026767    0.006409    0.011029    0.009329
  200.00    0.027426    0.006564    0.011302    0.009559
  205.00    0.028086    0.006720    0.011576    0.009790
  210.00    0.028746    0.006875    0.011851    0.010021
  215.00    0.029407    0.007031    0.012125    0.010251
  220.00    0.030069    0.007187    0.012399    0.010483
  225.00    0.030731    0.007343    0.012674    0.010714
  230.00    0.031393    0.007500    0.012949    0.010945
  235.00    0.032056    0.007656    0.013224    0.011177
  240.00    0.032720    0.007813    0.013499    0.011408
  245.00    0.033383    0.007969    0.013774    0.011640
  250.00    0.034047    0.008126    0.014049    0.011872
  255.00    0.034711    0.008283    0.014324    0.012104
  260.00    0.035376    0.008440    0.014600    0.012336
  265.00    0.036041    0.008597    0.014875    0.012568
  270.00    0.036706    0.008754    0.015151    0.012800
  275.00    0.037371    0.008912    0.015427    0.013033
  280.00    0.038037    0.009069    0.015703    0.013265
  285.00    0.038703    0.009227    0.015979    0.013498
  290.00    0.039369    0.009384    0.016255    0.013730
  295.00    0.040035    0.009542    0.016531    0.013963
  300.00    0.040702    0.009699    0.016807    0.014196
  305.00    0.041369    0.009857    0.017083    0.014428
  310.00    0.042036    0.010015    0.017359    0.014661
  315.00    0.042703    0.010173    0.017636    0.014894
  320.00    0.043370    0.010331    0.017912    0.015127
  325.00    0.044037    0.010489    0.018189    0.015360
  330.00    0.044705    0.010647    0.018465    0.015593
  335.00    0.045373    0.010805    0.018742    0.015826
  340.00    0.046040    0.010963    0.019018    0.016059
  345.00    0.046708    0.011121    0.019295    0.016293
  350.00    0.047376    0.011279    0.019571    0.016526
  355.00    0.048045    0.011437    0.019848    0.016759
  360.00    0.048713    0.011596    0.020125    0.016992
  365.00    0.049381    0.011754    0.020402    0.017226
  370.00    0.050050    0.011912    0.020678    0.017459
  375.00    0.050719    0.012071    0.020955    0.017692
  380.00    0.051387    0.012229    0.021232    0.017926
  385.00    0.052056    0.012388    0.021509    0.018159
  390.00    0.052725    0.012546    0.021786    0.018393
  395.00    0.053394    0.012705    0.022063    0.018626
  400.00    0.054063    0.012863    0.022340    0.018860
  405.00    0.054732    0.013022    0.022617    0.019094
  410.00    0.055402    0.013180    0.022894    0.019327
  415.00    0.056071    0.013339    0.023171    0.019561
  420.00    0.056740    0.013498    0.023448    0.019794
  425.00    0.057410    0.013656    0.023725    0.020028
  430.00    0.058080    0.013815    0.024003    0.020262
  435.00    0.058749    0.013974    0.024280    0.020496
  440.00    0.059419    0.014132    0.024557    0.020729
  445.00    0.060089    0.014291    0.024834    0.020963
  450.00    0.060758    0.014450    0.025111    0.021197
  455.00    0.061428    0.014609    0.025389    0.021431
  460.00    0.062098    0.014768    0.025666    0.021664
  465.00    0.062768    0.014926    0.025943    0.021898
  470.00    0.063438    0.015085    0.026221    0.022132
  475.00    0.064108    0.015244    0.026498    0.022366
  480.00    0.064778    0.015403    0.026775    0.022600
  485.00    0.065449    0.015562    0.027053    0.022834
  490.00    0.066119    0.015721    0.027330    0.023068
  495.00    0.066789    0.015880    0.027607    0.023302
  500.00    0.067459    0.016039    0.027885    0.023536
