&input
    amass(1)=114.818,
    amass(2)=121.76,
    asr='crystal',
    flfrc='InSb666.fc',
    flfrq='frequency'
/
1183
      0.50000   0.50000   0.50000   1.00000
      0.45833   0.45833   0.45833   1.00000
      0.52083   0.52083   0.45833   1.00000
      0.54167   0.50000   0.45833   1.00000
      0.41667   0.41667   0.41667   1.00000
      0.47917   0.47917   0.41667   1.00000
      0.50000   0.45833   0.41667   1.00000
      0.54167   0.54167   0.41667   1.00000
      0.56250   0.52083   0.41667   1.00000
      0.58333   0.50000   0.41667   1.00000
      0.37500   0.37500   0.37500   1.00000
      0.43750   0.43750   0.37500   1.00000
      0.45833   0.41667   0.37500   1.00000
      0.50000   0.50000   0.37500   1.00000
      0.52083   0.47917   0.37500   1.00000
      0.54167   0.45833   0.37500   1.00000
      0.56250   0.56250   0.37500   1.00000
      0.58333   0.54167   0.37500   1.00000
      0.60417   0.52083   0.37500   1.00000
      0.62500   0.50000   0.37500   1.00000
      0.33333   0.33333   0.33333   1.00000
      0.39583   0.39583   0.33333   1.00000
      0.41667   0.37500   0.33333   1.00000
      0.45833   0.45833   0.33333   1.00000
      0.47917   0.43750   0.33333   1.00000
      0.50000   0.41667   0.33333   1.00000
      0.52083   0.52083   0.33333   1.00000
      0.54167   0.50000   0.33333   1.00000
      0.56250   0.47917   0.33333   1.00000
      0.58333   0.45833   0.33333   1.00000
      0.58333   0.58333   0.33333   1.00000
      0.60417   0.56250   0.33333   1.00000
      0.62500   0.54167   0.33333   1.00000
      0.64583   0.52083   0.33333   1.00000
      0.66667   0.50000   0.33333   1.00000
      0.29167   0.29167   0.29167   1.00000
      0.35417   0.35417   0.29167   1.00000
      0.37500   0.33333   0.29167   1.00000
      0.41667   0.41667   0.29167   1.00000
      0.43750   0.39583   0.29167   1.00000
      0.45833   0.37500   0.29167   1.00000
      0.47917   0.47917   0.29167   1.00000
      0.50000   0.45833   0.29167   1.00000
      0.52083   0.43750   0.29167   1.00000
      0.54167   0.41667   0.29167   1.00000
      0.54167   0.54167   0.29167   1.00000
      0.56250   0.52083   0.29167   1.00000
      0.58333   0.50000   0.29167   1.00000
      0.60417   0.47917   0.29167   1.00000
      0.62500   0.45833   0.29167   1.00000
      0.60417   0.60417   0.29167   1.00000
      0.62500   0.58333   0.29167   1.00000
      0.64583   0.56250   0.29167   1.00000
      0.66667   0.54167   0.29167   1.00000
      0.68750   0.52083   0.29167   1.00000
      0.70833   0.50000   0.29167   1.00000
      0.25000   0.25000   0.25000   1.00000
      0.31250   0.31250   0.25000   1.00000
      0.33333   0.29167   0.25000   1.00000
      0.37500   0.37500   0.25000   1.00000
      0.39583   0.35417   0.25000   1.00000
      0.41667   0.33333   0.25000   1.00000
      0.43750   0.43750   0.25000   1.00000
      0.45833   0.41667   0.25000   1.00000
      0.47917   0.39583   0.25000   1.00000
      0.50000   0.37500   0.25000   1.00000
      0.50000   0.50000   0.25000   1.00000
      0.52083   0.47917   0.25000   1.00000
      0.54167   0.45833   0.25000   1.00000
      0.56250   0.43750   0.25000   1.00000
      0.58333   0.41667   0.25000   1.00000
      0.56250   0.56250   0.25000   1.00000
      0.58333   0.54167   0.25000   1.00000
      0.60417   0.52083   0.25000   1.00000
      0.62500   0.50000   0.25000   1.00000
      0.64583   0.47917   0.25000   1.00000
      0.66667   0.45833   0.25000   1.00000
      0.62500   0.62500   0.25000   1.00000
      0.64583   0.60417   0.25000   1.00000
      0.66667   0.58333   0.25000   1.00000
      0.68750   0.56250   0.25000   1.00000
      0.70833   0.54167   0.25000   1.00000
      0.72917   0.52083   0.25000   1.00000
      0.75000   0.50000   0.25000   1.00000
      0.20833   0.20833   0.20833   1.00000
      0.27083   0.27083   0.20833   1.00000
      0.29167   0.25000   0.20833   1.00000
      0.33333   0.33333   0.20833   1.00000
      0.35417   0.31250   0.20833   1.00000
      0.37500   0.29167   0.20833   1.00000
      0.39583   0.39583   0.20833   1.00000
      0.41667   0.37500   0.20833   1.00000
      0.43750   0.35417   0.20833   1.00000
      0.45833   0.33333   0.20833   1.00000
      0.45833   0.45833   0.20833   1.00000
      0.47917   0.43750   0.20833   1.00000
      0.50000   0.41667   0.20833   1.00000
      0.52083   0.39583   0.20833   1.00000
      0.54167   0.37500   0.20833   1.00000
      0.52083   0.52083   0.20833   1.00000
      0.54167   0.50000   0.20833   1.00000
      0.56250   0.47917   0.20833   1.00000
      0.58333   0.45833   0.20833   1.00000
      0.60417   0.43750   0.20833   1.00000
      0.62500   0.41667   0.20833   1.00000
      0.58333   0.58333   0.20833   1.00000
      0.60417   0.56250   0.20833   1.00000
      0.62500   0.54167   0.20833   1.00000
      0.64583   0.52083   0.20833   1.00000
      0.66667   0.50000   0.20833   1.00000
      0.68750   0.47917   0.20833   1.00000
      0.70833   0.45833   0.20833   1.00000
      0.64583   0.64583   0.20833   1.00000
      0.66667   0.62500   0.20833   1.00000
      0.68750   0.60417   0.20833   1.00000
      0.70833   0.58333   0.20833   1.00000
      0.72917   0.56250   0.20833   1.00000
      0.75000   0.54167   0.20833   1.00000
      0.77083   0.52083   0.20833   1.00000
      0.79167   0.50000   0.20833   1.00000
      0.16667   0.16667   0.16667   1.00000
      0.22917   0.22917   0.16667   1.00000
      0.25000   0.20833   0.16667   1.00000
      0.29167   0.29167   0.16667   1.00000
      0.31250   0.27083   0.16667   1.00000
      0.33333   0.25000   0.16667   1.00000
      0.35417   0.35417   0.16667   1.00000
      0.37500   0.33333   0.16667   1.00000
      0.39583   0.31250   0.16667   1.00000
      0.41667   0.29167   0.16667   1.00000
      0.41667   0.41667   0.16667   1.00000
      0.43750   0.39583   0.16667   1.00000
      0.45833   0.37500   0.16667   1.00000
      0.47917   0.35417   0.16667   1.00000
      0.50000   0.33333   0.16667   1.00000
      0.47917   0.47917   0.16667   1.00000
      0.50000   0.45833   0.16667   1.00000
      0.52083   0.43750   0.16667   1.00000
      0.54167   0.41667   0.16667   1.00000
      0.56250   0.39583   0.16667   1.00000
      0.58333   0.37500   0.16667   1.00000
      0.54167   0.54167   0.16667   1.00000
      0.56250   0.52083   0.16667   1.00000
      0.58333   0.50000   0.16667   1.00000
      0.60417   0.47917   0.16667   1.00000
      0.62500   0.45833   0.16667   1.00000
      0.64583   0.43750   0.16667   1.00000
      0.66667   0.41667   0.16667   1.00000
      0.60417   0.60417   0.16667   1.00000
      0.62500   0.58333   0.16667   1.00000
      0.64583   0.56250   0.16667   1.00000
      0.66667   0.54167   0.16667   1.00000
      0.68750   0.52083   0.16667   1.00000
      0.70833   0.50000   0.16667   1.00000
      0.72917   0.47917   0.16667   1.00000
      0.75000   0.45833   0.16667   1.00000
      0.66667   0.66667   0.16667   1.00000
      0.68750   0.64583   0.16667   1.00000
      0.70833   0.62500   0.16667   1.00000
      0.72917   0.60417   0.16667   1.00000
      0.75000   0.58333   0.16667   1.00000
      0.77083   0.56250   0.16667   1.00000
      0.79167   0.54167   0.16667   1.00000
      0.81250   0.52083   0.16667   1.00000
      0.83333   0.50000   0.16667   1.00000
      0.12500   0.12500   0.12500   1.00000
      0.18750   0.18750   0.12500   1.00000
      0.20833   0.16667   0.12500   1.00000
      0.25000   0.25000   0.12500   1.00000
      0.27083   0.22917   0.12500   1.00000
      0.29167   0.20833   0.12500   1.00000
      0.31250   0.31250   0.12500   1.00000
      0.33333   0.29167   0.12500   1.00000
      0.35417   0.27083   0.12500   1.00000
      0.37500   0.25000   0.12500   1.00000
      0.37500   0.37500   0.12500   1.00000
      0.39583   0.35417   0.12500   1.00000
      0.41667   0.33333   0.12500   1.00000
      0.43750   0.31250   0.12500   1.00000
      0.45833   0.29167   0.12500   1.00000
      0.43750   0.43750   0.12500   1.00000
      0.45833   0.41667   0.12500   1.00000
      0.47917   0.39583   0.12500   1.00000
      0.50000   0.37500   0.12500   1.00000
      0.52083   0.35417   0.12500   1.00000
      0.54167   0.33333   0.12500   1.00000
      0.50000   0.50000   0.12500   1.00000
      0.52083   0.47917   0.12500   1.00000
      0.54167   0.45833   0.12500   1.00000
      0.56250   0.43750   0.12500   1.00000
      0.58333   0.41667   0.12500   1.00000
      0.60417   0.39583   0.12500   1.00000
      0.62500   0.37500   0.12500   1.00000
      0.56250   0.56250   0.12500   1.00000
      0.58333   0.54167   0.12500   1.00000
      0.60417   0.52083   0.12500   1.00000
      0.62500   0.50000   0.12500   1.00000
      0.64583   0.47917   0.12500   1.00000
      0.66667   0.45833   0.12500   1.00000
      0.68750   0.43750   0.12500   1.00000
      0.70833   0.41667   0.12500   1.00000
      0.62500   0.62500   0.12500   1.00000
      0.64583   0.60417   0.12500   1.00000
      0.66667   0.58333   0.12500   1.00000
      0.68750   0.56250   0.12500   1.00000
      0.70833   0.54167   0.12500   1.00000
      0.72917   0.52083   0.12500   1.00000
      0.75000   0.50000   0.12500   1.00000
      0.77083   0.47917   0.12500   1.00000
      0.79167   0.45833   0.12500   1.00000
      0.68750   0.68750   0.12500   1.00000
      0.70833   0.66667   0.12500   1.00000
      0.72917   0.64583   0.12500   1.00000
      0.75000   0.62500   0.12500   1.00000
      0.77083   0.60417   0.12500   1.00000
      0.79167   0.58333   0.12500   1.00000
      0.81250   0.56250   0.12500   1.00000
      0.83333   0.54167   0.12500   1.00000
      0.85417   0.52083   0.12500   1.00000
      0.87500   0.50000   0.12500   1.00000
      0.08333   0.08333   0.08333   1.00000
      0.14583   0.14583   0.08333   1.00000
      0.16667   0.12500   0.08333   1.00000
      0.20833   0.20833   0.08333   1.00000
      0.22917   0.18750   0.08333   1.00000
      0.25000   0.16667   0.08333   1.00000
      0.27083   0.27083   0.08333   1.00000
      0.29167   0.25000   0.08333   1.00000
      0.31250   0.22917   0.08333   1.00000
      0.33333   0.20833   0.08333   1.00000
      0.33333   0.33333   0.08333   1.00000
      0.35417   0.31250   0.08333   1.00000
      0.37500   0.29167   0.08333   1.00000
      0.39583   0.27083   0.08333   1.00000
      0.41667   0.25000   0.08333   1.00000
      0.39583   0.39583   0.08333   1.00000
      0.41667   0.37500   0.08333   1.00000
      0.43750   0.35417   0.08333   1.00000
      0.45833   0.33333   0.08333   1.00000
      0.47917   0.31250   0.08333   1.00000
      0.50000   0.29167   0.08333   1.00000
      0.45833   0.45833   0.08333   1.00000
      0.47917   0.43750   0.08333   1.00000
      0.50000   0.41667   0.08333   1.00000
      0.52083   0.39583   0.08333   1.00000
      0.54167   0.37500   0.08333   1.00000
      0.56250   0.35417   0.08333   1.00000
      0.58333   0.33333   0.08333   1.00000
      0.52083   0.52083   0.08333   1.00000
      0.54167   0.50000   0.08333   1.00000
      0.56250   0.47917   0.08333   1.00000
      0.58333   0.45833   0.08333   1.00000
      0.60417   0.43750   0.08333   1.00000
      0.62500   0.41667   0.08333   1.00000
      0.64583   0.39583   0.08333   1.00000
      0.66667   0.37500   0.08333   1.00000
      0.58333   0.58333   0.08333   1.00000
      0.60417   0.56250   0.08333   1.00000
      0.62500   0.54167   0.08333   1.00000
      0.64583   0.52083   0.08333   1.00000
      0.66667   0.50000   0.08333   1.00000
      0.68750   0.47917   0.08333   1.00000
      0.70833   0.45833   0.08333   1.00000
      0.72917   0.43750   0.08333   1.00000
      0.75000   0.41667   0.08333   1.00000
      0.64583   0.64583   0.08333   1.00000
      0.66667   0.62500   0.08333   1.00000
      0.68750   0.60417   0.08333   1.00000
      0.70833   0.58333   0.08333   1.00000
      0.72917   0.56250   0.08333   1.00000
      0.75000   0.54167   0.08333   1.00000
      0.77083   0.52083   0.08333   1.00000
      0.79167   0.50000   0.08333   1.00000
      0.81250   0.47917   0.08333   1.00000
      0.83333   0.45833   0.08333   1.00000
      0.70833   0.70833   0.08333   1.00000
      0.72917   0.68750   0.08333   1.00000
      0.75000   0.66667   0.08333   1.00000
      0.77083   0.64583   0.08333   1.00000
      0.79167   0.62500   0.08333   1.00000
      0.81250   0.60417   0.08333   1.00000
      0.83333   0.58333   0.08333   1.00000
      0.85417   0.56250   0.08333   1.00000
      0.87500   0.54167   0.08333   1.00000
      0.89583   0.52083   0.08333   1.00000
      0.91667   0.50000   0.08333   1.00000
      0.04167   0.04167   0.04167   1.00000
      0.10417   0.10417   0.04167   1.00000
      0.12500   0.08333   0.04167   1.00000
      0.16667   0.16667   0.04167   1.00000
      0.18750   0.14583   0.04167   1.00000
      0.20833   0.12500   0.04167   1.00000
      0.22917   0.22917   0.04167   1.00000
      0.25000   0.20833   0.04167   1.00000
      0.27083   0.18750   0.04167   1.00000
      0.29167   0.16667   0.04167   1.00000
      0.29167   0.29167   0.04167   1.00000
      0.31250   0.27083   0.04167   1.00000
      0.33333   0.25000   0.04167   1.00000
      0.35417   0.22917   0.04167   1.00000
      0.37500   0.20833   0.04167   1.00000
      0.35417   0.35417   0.04167   1.00000
      0.37500   0.33333   0.04167   1.00000
      0.39583   0.31250   0.04167   1.00000
      0.41667   0.29167   0.04167   1.00000
      0.43750   0.27083   0.04167   1.00000
      0.45833   0.25000   0.04167   1.00000
      0.41667   0.41667   0.04167   1.00000
      0.43750   0.39583   0.04167   1.00000
      0.45833   0.37500   0.04167   1.00000
      0.47917   0.35417   0.04167   1.00000
      0.50000   0.33333   0.04167   1.00000
      0.52083   0.31250   0.04167   1.00000
      0.54167   0.29167   0.04167   1.00000
      0.47917   0.47917   0.04167   1.00000
      0.50000   0.45833   0.04167   1.00000
      0.52083   0.43750   0.04167   1.00000
      0.54167   0.41667   0.04167   1.00000
      0.56250   0.39583   0.04167   1.00000
      0.58333   0.37500   0.04167   1.00000
      0.60417   0.35417   0.04167   1.00000
      0.62500   0.33333   0.04167   1.00000
      0.54167   0.54167   0.04167   1.00000
      0.56250   0.52083   0.04167   1.00000
      0.58333   0.50000   0.04167   1.00000
      0.60417   0.47917   0.04167   1.00000
      0.62500   0.45833   0.04167   1.00000
      0.64583   0.43750   0.04167   1.00000
      0.66667   0.41667   0.04167   1.00000
      0.68750   0.39583   0.04167   1.00000
      0.70833   0.37500   0.04167   1.00000
      0.60417   0.60417   0.04167   1.00000
      0.62500   0.58333   0.04167   1.00000
      0.64583   0.56250   0.04167   1.00000
      0.66667   0.54167   0.04167   1.00000
      0.68750   0.52083   0.04167   1.00000
      0.70833   0.50000   0.04167   1.00000
      0.72917   0.47917   0.04167   1.00000
      0.75000   0.45833   0.04167   1.00000
      0.77083   0.43750   0.04167   1.00000
      0.79167   0.41667   0.04167   1.00000
      0.66667   0.66667   0.04167   1.00000
      0.68750   0.64583   0.04167   1.00000
      0.70833   0.62500   0.04167   1.00000
      0.72917   0.60417   0.04167   1.00000
      0.75000   0.58333   0.04167   1.00000
      0.77083   0.56250   0.04167   1.00000
      0.79167   0.54167   0.04167   1.00000
      0.81250   0.52083   0.04167   1.00000
      0.83333   0.50000   0.04167   1.00000
      0.85417   0.47917   0.04167   1.00000
      0.87500   0.45833   0.04167   1.00000
      0.72917   0.72917   0.04167   1.00000
      0.75000   0.70833   0.04167   1.00000
      0.77083   0.68750   0.04167   1.00000
      0.79167   0.66667   0.04167   1.00000
      0.81250   0.64583   0.04167   1.00000
      0.83333   0.62500   0.04167   1.00000
      0.85417   0.60417   0.04167   1.00000
      0.87500   0.58333   0.04167   1.00000
      0.89583   0.56250   0.04167   1.00000
      0.91667   0.54167   0.04167   1.00000
      0.93750   0.52083   0.04167   1.00000
      0.95833   0.50000   0.04167   1.00000
      0.00000   0.00000   0.00000   1.00000
      0.06250   0.06250   0.00000   1.00000
      0.08333   0.04167   0.00000   1.00000
      0.12500   0.12500   0.00000   1.00000
      0.14583   0.10417   0.00000   1.00000
      0.16667   0.08333   0.00000   1.00000
      0.18750   0.18750   0.00000   1.00000
      0.20833   0.16667   0.00000   1.00000
      0.22917   0.14583   0.00000   1.00000
      0.25000   0.12500   0.00000   1.00000
      0.25000   0.25000   0.00000   1.00000
      0.27083   0.22917   0.00000   1.00000
      0.29167   0.20833   0.00000   1.00000
      0.31250   0.18750   0.00000   1.00000
      0.33333   0.16667   0.00000   1.00000
      0.31250   0.31250   0.00000   1.00000
      0.33333   0.29167   0.00000   1.00000
      0.35417   0.27083   0.00000   1.00000
      0.37500   0.25000   0.00000   1.00000
      0.39583   0.22917   0.00000   1.00000
      0.41667   0.20833   0.00000   1.00000
      0.37500   0.37500   0.00000   1.00000
      0.39583   0.35417   0.00000   1.00000
      0.41667   0.33333   0.00000   1.00000
      0.43750   0.31250   0.00000   1.00000
      0.45833   0.29167   0.00000   1.00000
      0.47917   0.27083   0.00000   1.00000
      0.50000   0.25000   0.00000   1.00000
      0.43750   0.43750   0.00000   1.00000
      0.45833   0.41667   0.00000   1.00000
      0.47917   0.39583   0.00000   1.00000
      0.50000   0.37500   0.00000   1.00000
      0.52083   0.35417   0.00000   1.00000
      0.54167   0.33333   0.00000   1.00000
      0.56250   0.31250   0.00000   1.00000
      0.58333   0.29167   0.00000   1.00000
      0.50000   0.50000   0.00000   1.00000
      0.52083   0.47917   0.00000   1.00000
      0.54167   0.45833   0.00000   1.00000
      0.56250   0.43750   0.00000   1.00000
      0.58333   0.41667   0.00000   1.00000
      0.60417   0.39583   0.00000   1.00000
      0.62500   0.37500   0.00000   1.00000
      0.64583   0.35417   0.00000   1.00000
      0.66667   0.33333   0.00000   1.00000
      0.56250   0.56250   0.00000   1.00000
      0.58333   0.54167   0.00000   1.00000
      0.60417   0.52083   0.00000   1.00000
      0.62500   0.50000   0.00000   1.00000
      0.64583   0.47917   0.00000   1.00000
      0.66667   0.45833   0.00000   1.00000
      0.68750   0.43750   0.00000   1.00000
      0.70833   0.41667   0.00000   1.00000
      0.72917   0.39583   0.00000   1.00000
      0.75000   0.37500   0.00000   1.00000
      0.62500   0.62500   0.00000   1.00000
      0.64583   0.60417   0.00000   1.00000
      0.66667   0.58333   0.00000   1.00000
      0.68750   0.56250   0.00000   1.00000
      0.70833   0.54167   0.00000   1.00000
      0.72917   0.52083   0.00000   1.00000
      0.75000   0.50000   0.00000   1.00000
      0.77083   0.47917   0.00000   1.00000
      0.79167   0.45833   0.00000   1.00000
      0.81250   0.43750   0.00000   1.00000
      0.83333   0.41667   0.00000   1.00000
      0.68750   0.68750   0.00000   1.00000
      0.70833   0.66667   0.00000   1.00000
      0.72917   0.64583   0.00000   1.00000
      0.75000   0.62500   0.00000   1.00000
      0.77083   0.60417   0.00000   1.00000
      0.79167   0.58333   0.00000   1.00000
      0.81250   0.56250   0.00000   1.00000
      0.83333   0.54167   0.00000   1.00000
      0.85417   0.52083   0.00000   1.00000
      0.87500   0.50000   0.00000   1.00000
      0.89583   0.47917   0.00000   1.00000
      0.91667   0.45833   0.00000   1.00000
      0.75000   0.75000   0.00000   1.00000
      0.77083   0.72917   0.00000   1.00000
      0.79167   0.70833   0.00000   1.00000
      0.81250   0.68750   0.00000   1.00000
      0.83333   0.66667   0.00000   1.00000
      0.85417   0.64583   0.00000   1.00000
      0.87500   0.62500   0.00000   1.00000
      0.89583   0.60417   0.00000   1.00000
      0.91667   0.58333   0.00000   1.00000
      0.93750   0.56250   0.00000   1.00000
      0.95833   0.54167   0.00000   1.00000
      0.97917   0.52083   0.00000   1.00000
      1.00000   0.50000   0.00000   1.00000
      1.00000   0.25000   0.25000   1.00000
      0.91667   0.22917   0.22917   1.00000
      1.00000   0.27083   0.22917   1.00000
      1.00000   0.22917   0.22917   1.00000
      0.83333   0.20833   0.20833   1.00000
      0.91667   0.25000   0.20833   1.00000
      0.91667   0.20833   0.20833   1.00000
      1.00000   0.29167   0.20833   1.00000
      1.00000   0.25000   0.20833   1.00000
      1.00000   0.20833   0.20833   1.00000
      0.75000   0.18750   0.18750   1.00000
      0.83333   0.22917   0.18750   1.00000
      0.83333   0.18750   0.18750   1.00000
      0.91667   0.27083   0.18750   1.00000
      0.91667   0.22917   0.18750   1.00000
      0.91667   0.18750   0.18750   1.00000
      1.00000   0.31250   0.18750   1.00000
      1.00000   0.27083   0.18750   1.00000
      1.00000   0.22917   0.18750   1.00000
      1.00000   0.18750   0.18750   1.00000
      0.66667   0.16667   0.16667   1.00000
      0.75000   0.20833   0.16667   1.00000
      0.75000   0.16667   0.16667   1.00000
      0.83333   0.25000   0.16667   1.00000
      0.83333   0.20833   0.16667   1.00000
      0.83333   0.16667   0.16667   1.00000
      0.91667   0.29167   0.16667   1.00000
      0.91667   0.25000   0.16667   1.00000
      0.91667   0.20833   0.16667   1.00000
      0.91667   0.16667   0.16667   1.00000
      1.00000   0.33333   0.16667   1.00000
      1.00000   0.29167   0.16667   1.00000
      1.00000   0.25000   0.16667   1.00000
      1.00000   0.20833   0.16667   1.00000
      1.00000   0.16667   0.16667   1.00000
      0.58333   0.14583   0.14583   1.00000
      0.66667   0.18750   0.14583   1.00000
      0.66667   0.14583   0.14583   1.00000
      0.75000   0.22917   0.14583   1.00000
      0.75000   0.18750   0.14583   1.00000
      0.75000   0.14583   0.14583   1.00000
      0.83333   0.27083   0.14583   1.00000
      0.83333   0.22917   0.14583   1.00000
      0.83333   0.18750   0.14583   1.00000
      0.83333   0.14583   0.14583   1.00000
      0.91667   0.31250   0.14583   1.00000
      0.91667   0.27083   0.14583   1.00000
      0.91667   0.22917   0.14583   1.00000
      0.91667   0.18750   0.14583   1.00000
      0.91667   0.14583   0.14583   1.00000
      1.00000   0.35417   0.14583   1.00000
      1.00000   0.31250   0.14583   1.00000
      1.00000   0.27083   0.14583   1.00000
      1.00000   0.22917   0.14583   1.00000
      1.00000   0.18750   0.14583   1.00000
      1.00000   0.14583   0.14583   1.00000
      0.50000   0.12500   0.12500   1.00000
      0.58333   0.16667   0.12500   1.00000
      0.58333   0.12500   0.12500   1.00000
      0.66667   0.20833   0.12500   1.00000
      0.66667   0.16667   0.12500   1.00000
      0.66667   0.12500   0.12500   1.00000
      0.75000   0.25000   0.12500   1.00000
      0.75000   0.20833   0.12500   1.00000
      0.75000   0.16667   0.12500   1.00000
      0.75000   0.12500   0.12500   1.00000
      0.83333   0.29167   0.12500   1.00000
      0.83333   0.25000   0.12500   1.00000
      0.83333   0.20833   0.12500   1.00000
      0.83333   0.16667   0.12500   1.00000
      0.83333   0.12500   0.12500   1.00000
      0.91667   0.33333   0.12500   1.00000
      0.91667   0.29167   0.12500   1.00000
      0.91667   0.25000   0.12500   1.00000
      0.91667   0.20833   0.12500   1.00000
      0.91667   0.16667   0.12500   1.00000
      0.91667   0.12500   0.12500   1.00000
      1.00000   0.37500   0.12500   1.00000
      1.00000   0.33333   0.12500   1.00000
      1.00000   0.29167   0.12500   1.00000
      1.00000   0.25000   0.12500   1.00000
      1.00000   0.20833   0.12500   1.00000
      1.00000   0.16667   0.12500   1.00000
      1.00000   0.12500   0.12500   1.00000
      0.41667   0.10417   0.10417   1.00000
      0.50000   0.14583   0.10417   1.00000
      0.50000   0.10417   0.10417   1.00000
      0.58333   0.18750   0.10417   1.00000
      0.58333   0.14583   0.10417   1.00000
      0.58333   0.10417   0.10417   1.00000
      0.66667   0.22917   0.10417   1.00000
      0.66667   0.18750   0.10417   1.00000
      0.66667   0.14583   0.10417   1.00000
      0.66667   0.10417   0.10417   1.00000
      0.75000   0.27083   0.10417   1.00000
      0.75000   0.22917   0.10417   1.00000
      0.75000   0.18750   0.10417   1.00000
      0.75000   0.14583   0.10417   1.00000
      0.75000   0.10417   0.10417   1.00000
      0.83333   0.31250   0.10417   1.00000
      0.83333   0.27083   0.10417   1.00000
      0.83333   0.22917   0.10417   1.00000
      0.83333   0.18750   0.10417   1.00000
      0.83333   0.14583   0.10417   1.00000
      0.83333   0.10417   0.10417   1.00000
      0.91667   0.35417   0.10417   1.00000
      0.91667   0.31250   0.10417   1.00000
      0.91667   0.27083   0.10417   1.00000
      0.91667   0.22917   0.10417   1.00000
      0.91667   0.18750   0.10417   1.00000
      0.91667   0.14583   0.10417   1.00000
      0.91667   0.10417   0.10417   1.00000
      1.00000   0.39583   0.10417   1.00000
      1.00000   0.35417   0.10417   1.00000
      1.00000   0.31250   0.10417   1.00000
      1.00000   0.27083   0.10417   1.00000
      1.00000   0.22917   0.10417   1.00000
      1.00000   0.18750   0.10417   1.00000
      1.00000   0.14583   0.10417   1.00000
      1.00000   0.10417   0.10417   1.00000
      0.33333   0.08333   0.08333   1.00000
      0.41667   0.12500   0.08333   1.00000
      0.41667   0.08333   0.08333   1.00000
      0.50000   0.16667   0.08333   1.00000
      0.50000   0.12500   0.08333   1.00000
      0.50000   0.08333   0.08333   1.00000
      0.58333   0.20833   0.08333   1.00000
      0.58333   0.16667   0.08333   1.00000
      0.58333   0.12500   0.08333   1.00000
      0.58333   0.08333   0.08333   1.00000
      0.66667   0.25000   0.08333   1.00000
      0.66667   0.20833   0.08333   1.00000
      0.66667   0.16667   0.08333   1.00000
      0.66667   0.12500   0.08333   1.00000
      0.66667   0.08333   0.08333   1.00000
      0.75000   0.29167   0.08333   1.00000
      0.75000   0.25000   0.08333   1.00000
      0.75000   0.20833   0.08333   1.00000
      0.75000   0.16667   0.08333   1.00000
      0.75000   0.12500   0.08333   1.00000
      0.75000   0.08333   0.08333   1.00000
      0.83333   0.33333   0.08333   1.00000
      0.83333   0.29167   0.08333   1.00000
      0.83333   0.25000   0.08333   1.00000
      0.83333   0.20833   0.08333   1.00000
      0.83333   0.16667   0.08333   1.00000
      0.83333   0.12500   0.08333   1.00000
      0.83333   0.08333   0.08333   1.00000
      0.91667   0.37500   0.08333   1.00000
      0.91667   0.33333   0.08333   1.00000
      0.91667   0.29167   0.08333   1.00000
      0.91667   0.25000   0.08333   1.00000
      0.91667   0.20833   0.08333   1.00000
      0.91667   0.16667   0.08333   1.00000
      0.91667   0.12500   0.08333   1.00000
      0.91667   0.08333   0.08333   1.00000
      1.00000   0.41667   0.08333   1.00000
      1.00000   0.37500   0.08333   1.00000
      1.00000   0.33333   0.08333   1.00000
      1.00000   0.29167   0.08333   1.00000
      1.00000   0.25000   0.08333   1.00000
      1.00000   0.20833   0.08333   1.00000
      1.00000   0.16667   0.08333   1.00000
      1.00000   0.12500   0.08333   1.00000
      1.00000   0.08333   0.08333   1.00000
      0.25000   0.06250   0.06250   1.00000
      0.33333   0.10417   0.06250   1.00000
      0.33333   0.06250   0.06250   1.00000
      0.41667   0.14583   0.06250   1.00000
      0.41667   0.10417   0.06250   1.00000
      0.41667   0.06250   0.06250   1.00000
      0.50000   0.18750   0.06250   1.00000
      0.50000   0.14583   0.06250   1.00000
      0.50000   0.10417   0.06250   1.00000
      0.50000   0.06250   0.06250   1.00000
      0.58333   0.22917   0.06250   1.00000
      0.58333   0.18750   0.06250   1.00000
      0.58333   0.14583   0.06250   1.00000
      0.58333   0.10417   0.06250   1.00000
      0.58333   0.06250   0.06250   1.00000
      0.66667   0.27083   0.06250   1.00000
      0.66667   0.22917   0.06250   1.00000
      0.66667   0.18750   0.06250   1.00000
      0.66667   0.14583   0.06250   1.00000
      0.66667   0.10417   0.06250   1.00000
      0.66667   0.06250   0.06250   1.00000
      0.75000   0.31250   0.06250   1.00000
      0.75000   0.27083   0.06250   1.00000
      0.75000   0.22917   0.06250   1.00000
      0.75000   0.18750   0.06250   1.00000
      0.75000   0.14583   0.06250   1.00000
      0.75000   0.10417   0.06250   1.00000
      0.75000   0.06250   0.06250   1.00000
      0.83333   0.35417   0.06250   1.00000
      0.83333   0.31250   0.06250   1.00000
      0.83333   0.27083   0.06250   1.00000
      0.83333   0.22917   0.06250   1.00000
      0.83333   0.18750   0.06250   1.00000
      0.83333   0.14583   0.06250   1.00000
      0.83333   0.10417   0.06250   1.00000
      0.83333   0.06250   0.06250   1.00000
      0.91667   0.39583   0.06250   1.00000
      0.91667   0.35417   0.06250   1.00000
      0.91667   0.31250   0.06250   1.00000
      0.91667   0.27083   0.06250   1.00000
      0.91667   0.22917   0.06250   1.00000
      0.91667   0.18750   0.06250   1.00000
      0.91667   0.14583   0.06250   1.00000
      0.91667   0.10417   0.06250   1.00000
      0.91667   0.06250   0.06250   1.00000
      1.00000   0.43750   0.06250   1.00000
      1.00000   0.39583   0.06250   1.00000
      1.00000   0.35417   0.06250   1.00000
      1.00000   0.31250   0.06250   1.00000
      1.00000   0.27083   0.06250   1.00000
      1.00000   0.22917   0.06250   1.00000
      1.00000   0.18750   0.06250   1.00000
      1.00000   0.14583   0.06250   1.00000
      1.00000   0.10417   0.06250   1.00000
      1.00000   0.06250   0.06250   1.00000
      0.16667   0.04167   0.04167   1.00000
      0.25000   0.08333   0.04167   1.00000
      0.25000   0.04167   0.04167   1.00000
      0.33333   0.12500   0.04167   1.00000
      0.33333   0.08333   0.04167   1.00000
      0.33333   0.04167   0.04167   1.00000
      0.41667   0.16667   0.04167   1.00000
      0.41667   0.12500   0.04167   1.00000
      0.41667   0.08333   0.04167   1.00000
      0.41667   0.04167   0.04167   1.00000
      0.50000   0.20833   0.04167   1.00000
      0.50000   0.16667   0.04167   1.00000
      0.50000   0.12500   0.04167   1.00000
      0.50000   0.08333   0.04167   1.00000
      0.50000   0.04167   0.04167   1.00000
      0.58333   0.25000   0.04167   1.00000
      0.58333   0.20833   0.04167   1.00000
      0.58333   0.16667   0.04167   1.00000
      0.58333   0.12500   0.04167   1.00000
      0.58333   0.08333   0.04167   1.00000
      0.58333   0.04167   0.04167   1.00000
      0.66667   0.29167   0.04167   1.00000
      0.66667   0.25000   0.04167   1.00000
      0.66667   0.20833   0.04167   1.00000
      0.66667   0.16667   0.04167   1.00000
      0.66667   0.12500   0.04167   1.00000
      0.66667   0.08333   0.04167   1.00000
      0.66667   0.04167   0.04167   1.00000
      0.75000   0.33333   0.04167   1.00000
      0.75000   0.29167   0.04167   1.00000
      0.75000   0.25000   0.04167   1.00000
      0.75000   0.20833   0.04167   1.00000
      0.75000   0.16667   0.04167   1.00000
      0.75000   0.12500   0.04167   1.00000
      0.75000   0.08333   0.04167   1.00000
      0.75000   0.04167   0.04167   1.00000
      0.83333   0.37500   0.04167   1.00000
      0.83333   0.33333   0.04167   1.00000
      0.83333   0.29167   0.04167   1.00000
      0.83333   0.25000   0.04167   1.00000
      0.83333   0.20833   0.04167   1.00000
      0.83333   0.16667   0.04167   1.00000
      0.83333   0.12500   0.04167   1.00000
      0.83333   0.08333   0.04167   1.00000
      0.83333   0.04167   0.04167   1.00000
      0.91667   0.41667   0.04167   1.00000
      0.91667   0.37500   0.04167   1.00000
      0.91667   0.33333   0.04167   1.00000
      0.91667   0.29167   0.04167   1.00000
      0.91667   0.25000   0.04167   1.00000
      0.91667   0.20833   0.04167   1.00000
      0.91667   0.16667   0.04167   1.00000
      0.91667   0.12500   0.04167   1.00000
      0.91667   0.08333   0.04167   1.00000
      0.91667   0.04167   0.04167   1.00000
      1.00000   0.45833   0.04167   1.00000
      1.00000   0.41667   0.04167   1.00000
      1.00000   0.37500   0.04167   1.00000
      1.00000   0.33333   0.04167   1.00000
      1.00000   0.29167   0.04167   1.00000
      1.00000   0.25000   0.04167   1.00000
      1.00000   0.20833   0.04167   1.00000
      1.00000   0.16667   0.04167   1.00000
      1.00000   0.12500   0.04167   1.00000
      1.00000   0.08333   0.04167   1.00000
      1.00000   0.04167   0.04167   1.00000
      0.08333   0.02083   0.02083   1.00000
      0.16667   0.06250   0.02083   1.00000
      0.16667   0.02083   0.02083   1.00000
      0.25000   0.10417   0.02083   1.00000
      0.25000   0.06250   0.02083   1.00000
      0.25000   0.02083   0.02083   1.00000
      0.33333   0.14583   0.02083   1.00000
      0.33333   0.10417   0.02083   1.00000
      0.33333   0.06250   0.02083   1.00000
      0.33333   0.02083   0.02083   1.00000
      0.41667   0.18750   0.02083   1.00000
      0.41667   0.14583   0.02083   1.00000
      0.41667   0.10417   0.02083   1.00000
      0.41667   0.06250   0.02083   1.00000
      0.41667   0.02083   0.02083   1.00000
      0.50000   0.22917   0.02083   1.00000
      0.50000   0.18750   0.02083   1.00000
      0.50000   0.14583   0.02083   1.00000
      0.50000   0.10417   0.02083   1.00000
      0.50000   0.06250   0.02083   1.00000
      0.50000   0.02083   0.02083   1.00000
      0.58333   0.27083   0.02083   1.00000
      0.58333   0.22917   0.02083   1.00000
      0.58333   0.18750   0.02083   1.00000
      0.58333   0.14583   0.02083   1.00000
      0.58333   0.10417   0.02083   1.00000
      0.58333   0.06250   0.02083   1.00000
      0.58333   0.02083   0.02083   1.00000
      0.66667   0.31250   0.02083   1.00000
      0.66667   0.27083   0.02083   1.00000
      0.66667   0.22917   0.02083   1.00000
      0.66667   0.18750   0.02083   1.00000
      0.66667   0.14583   0.02083   1.00000
      0.66667   0.10417   0.02083   1.00000
      0.66667   0.06250   0.02083   1.00000
      0.66667   0.02083   0.02083   1.00000
      0.75000   0.35417   0.02083   1.00000
      0.75000   0.31250   0.02083   1.00000
      0.75000   0.27083   0.02083   1.00000
      0.75000   0.22917   0.02083   1.00000
      0.75000   0.18750   0.02083   1.00000
      0.75000   0.14583   0.02083   1.00000
      0.75000   0.10417   0.02083   1.00000
      0.75000   0.06250   0.02083   1.00000
      0.75000   0.02083   0.02083   1.00000
      0.83333   0.39583   0.02083   1.00000
      0.83333   0.35417   0.02083   1.00000
      0.83333   0.31250   0.02083   1.00000
      0.83333   0.27083   0.02083   1.00000
      0.83333   0.22917   0.02083   1.00000
      0.83333   0.18750   0.02083   1.00000
      0.83333   0.14583   0.02083   1.00000
      0.83333   0.10417   0.02083   1.00000
      0.83333   0.06250   0.02083   1.00000
      0.83333   0.02083   0.02083   1.00000
      0.91667   0.43750   0.02083   1.00000
      0.91667   0.39583   0.02083   1.00000
      0.91667   0.35417   0.02083   1.00000
      0.91667   0.31250   0.02083   1.00000
      0.91667   0.27083   0.02083   1.00000
      0.91667   0.22917   0.02083   1.00000
      0.91667   0.18750   0.02083   1.00000
      0.91667   0.14583   0.02083   1.00000
      0.91667   0.10417   0.02083   1.00000
      0.91667   0.06250   0.02083   1.00000
      0.91667   0.02083   0.02083   1.00000
      1.00000   0.47917   0.02083   1.00000
      1.00000   0.43750   0.02083   1.00000
      1.00000   0.39583   0.02083   1.00000
      1.00000   0.35417   0.02083   1.00000
      1.00000   0.31250   0.02083   1.00000
      1.00000   0.27083   0.02083   1.00000
      1.00000   0.22917   0.02083   1.00000
      1.00000   0.18750   0.02083   1.00000
      1.00000   0.14583   0.02083   1.00000
      1.00000   0.10417   0.02083   1.00000
      1.00000   0.06250   0.02083   1.00000
      1.00000   0.02083   0.02083   1.00000
      0.08333   0.00000   0.00000   1.00000
      0.16667   0.04167   0.00000   1.00000
      0.16667   0.00000   0.00000   1.00000
      0.25000   0.08333   0.00000   1.00000
      0.25000   0.04167   0.00000   1.00000
      0.25000   0.00000   0.00000   1.00000
      0.33333   0.12500   0.00000   1.00000
      0.33333   0.08333   0.00000   1.00000
      0.33333   0.04167   0.00000   1.00000
      0.33333   0.00000   0.00000   1.00000
      0.41667   0.16667   0.00000   1.00000
      0.41667   0.12500   0.00000   1.00000
      0.41667   0.08333   0.00000   1.00000
      0.41667   0.04167   0.00000   1.00000
      0.41667   0.00000   0.00000   1.00000
      0.50000   0.20833   0.00000   1.00000
      0.50000   0.16667   0.00000   1.00000
      0.50000   0.12500   0.00000   1.00000
      0.50000   0.08333   0.00000   1.00000
      0.50000   0.04167   0.00000   1.00000
      0.50000   0.00000   0.00000   1.00000
      0.58333   0.25000   0.00000   1.00000
      0.58333   0.20833   0.00000   1.00000
      0.58333   0.16667   0.00000   1.00000
      0.58333   0.12500   0.00000   1.00000
      0.58333   0.08333   0.00000   1.00000
      0.58333   0.04167   0.00000   1.00000
      0.58333   0.00000   0.00000   1.00000
      0.66667   0.29167   0.00000   1.00000
      0.66667   0.25000   0.00000   1.00000
      0.66667   0.20833   0.00000   1.00000
      0.66667   0.16667   0.00000   1.00000
      0.66667   0.12500   0.00000   1.00000
      0.66667   0.08333   0.00000   1.00000
      0.66667   0.04167   0.00000   1.00000
      0.66667   0.00000   0.00000   1.00000
      0.75000   0.33333   0.00000   1.00000
      0.75000   0.29167   0.00000   1.00000
      0.75000   0.25000   0.00000   1.00000
      0.75000   0.20833   0.00000   1.00000
      0.75000   0.16667   0.00000   1.00000
      0.75000   0.12500   0.00000   1.00000
      0.75000   0.08333   0.00000   1.00000
      0.75000   0.04167   0.00000   1.00000
      0.75000   0.00000   0.00000   1.00000
      0.83333   0.37500   0.00000   1.00000
      0.83333   0.33333   0.00000   1.00000
      0.83333   0.29167   0.00000   1.00000
      0.83333   0.25000   0.00000   1.00000
      0.83333   0.20833   0.00000   1.00000
      0.83333   0.16667   0.00000   1.00000
      0.83333   0.12500   0.00000   1.00000
      0.83333   0.08333   0.00000   1.00000
      0.83333   0.04167   0.00000   1.00000
      0.83333   0.00000   0.00000   1.00000
      0.91667   0.41667   0.00000   1.00000
      0.91667   0.37500   0.00000   1.00000
      0.91667   0.33333   0.00000   1.00000
      0.91667   0.29167   0.00000   1.00000
      0.91667   0.25000   0.00000   1.00000
      0.91667   0.20833   0.00000   1.00000
      0.91667   0.16667   0.00000   1.00000
      0.91667   0.12500   0.00000   1.00000
      0.91667   0.08333   0.00000   1.00000
      0.91667   0.04167   0.00000   1.00000
      0.91667   0.00000   0.00000   1.00000
      1.00000   0.45833   0.00000   1.00000
      1.00000   0.41667   0.00000   1.00000
      1.00000   0.37500   0.00000   1.00000
      1.00000   0.33333   0.00000   1.00000
      1.00000   0.29167   0.00000   1.00000
      1.00000   0.25000   0.00000   1.00000
      1.00000   0.20833   0.00000   1.00000
      1.00000   0.16667   0.00000   1.00000
      1.00000   0.12500   0.00000   1.00000
      1.00000   0.08333   0.00000   1.00000
      1.00000   0.04167   0.00000   1.00000
      1.00000   0.00000   0.00000   1.00000
      0.95833   0.27083   0.27083   1.00000
      0.87500   0.25000   0.25000   1.00000
      0.95833   0.29167   0.25000   1.00000
      0.91667   0.29167   0.29167   1.00000
      0.79167   0.22917   0.22917   1.00000
      0.87500   0.27083   0.22917   1.00000
      0.83333   0.27083   0.27083   1.00000
      0.95833   0.31250   0.22917   1.00000
      0.91667   0.31250   0.27083   1.00000
      0.87500   0.31250   0.31250   1.00000
      0.70833   0.20833   0.20833   1.00000
      0.79167   0.25000   0.20833   1.00000
      0.75000   0.25000   0.25000   1.00000
      0.87500   0.29167   0.20833   1.00000
      0.83333   0.29167   0.25000   1.00000
      0.79167   0.29167   0.29167   1.00000
      0.95833   0.33333   0.20833   1.00000
      0.91667   0.33333   0.25000   1.00000
      0.87500   0.33333   0.29167   1.00000
      0.83333   0.33333   0.33333   1.00000
      0.62500   0.18750   0.18750   1.00000
      0.70833   0.22917   0.18750   1.00000
      0.66667   0.22917   0.22917   1.00000
      0.79167   0.27083   0.18750   1.00000
      0.75000   0.27083   0.22917   1.00000
      0.70833   0.27083   0.27083   1.00000
      0.87500   0.31250   0.18750   1.00000
      0.83333   0.31250   0.22917   1.00000
      0.79167   0.31250   0.27083   1.00000
      0.75000   0.31250   0.31250   1.00000
      0.95833   0.35417   0.18750   1.00000
      0.91667   0.35417   0.22917   1.00000
      0.87500   0.35417   0.27083   1.00000
      0.83333   0.35417   0.31250   1.00000
      0.79167   0.35417   0.35417   1.00000
      0.54167   0.16667   0.16667   1.00000
      0.62500   0.20833   0.16667   1.00000
      0.58333   0.20833   0.20833   1.00000
      0.70833   0.25000   0.16667   1.00000
      0.66667   0.25000   0.20833   1.00000
      0.62500   0.25000   0.25000   1.00000
      0.79167   0.29167   0.16667   1.00000
      0.75000   0.29167   0.20833   1.00000
      0.70833   0.29167   0.25000   1.00000
      0.66667   0.29167   0.29167   1.00000
      0.87500   0.33333   0.16667   1.00000
      0.83333   0.33333   0.20833   1.00000
      0.79167   0.33333   0.25000   1.00000
      0.75000   0.33333   0.29167   1.00000
      0.70833   0.33333   0.33333   1.00000
      0.95833   0.37500   0.16667   1.00000
      0.91667   0.37500   0.20833   1.00000
      0.87500   0.37500   0.25000   1.00000
      0.83333   0.37500   0.29167   1.00000
      0.79167   0.37500   0.33333   1.00000
      0.75000   0.37500   0.37500   1.00000
      0.45833   0.14583   0.14583   1.00000
      0.54167   0.18750   0.14583   1.00000
      0.50000   0.18750   0.18750   1.00000
      0.62500   0.22917   0.14583   1.00000
      0.58333   0.22917   0.18750   1.00000
      0.54167   0.22917   0.22917   1.00000
      0.70833   0.27083   0.14583   1.00000
      0.66667   0.27083   0.18750   1.00000
      0.62500   0.27083   0.22917   1.00000
      0.58333   0.27083   0.27083   1.00000
      0.79167   0.31250   0.14583   1.00000
      0.75000   0.31250   0.18750   1.00000
      0.70833   0.31250   0.22917   1.00000
      0.66667   0.31250   0.27083   1.00000
      0.62500   0.31250   0.31250   1.00000
      0.87500   0.35417   0.14583   1.00000
      0.83333   0.35417   0.18750   1.00000
      0.79167   0.35417   0.22917   1.00000
      0.75000   0.35417   0.27083   1.00000
      0.70833   0.35417   0.31250   1.00000
      0.66667   0.35417   0.35417   1.00000
      0.95833   0.39583   0.14583   1.00000
      0.91667   0.39583   0.18750   1.00000
      0.87500   0.39583   0.22917   1.00000
      0.83333   0.39583   0.27083   1.00000
      0.79167   0.39583   0.31250   1.00000
      0.75000   0.39583   0.35417   1.00000
      0.70833   0.39583   0.39583   1.00000
      0.37500   0.12500   0.12500   1.00000
      0.45833   0.16667   0.12500   1.00000
      0.41667   0.16667   0.16667   1.00000
      0.54167   0.20833   0.12500   1.00000
      0.50000   0.20833   0.16667   1.00000
      0.45833   0.20833   0.20833   1.00000
      0.62500   0.25000   0.12500   1.00000
      0.58333   0.25000   0.16667   1.00000
      0.54167   0.25000   0.20833   1.00000
      0.50000   0.25000   0.25000   1.00000
      0.70833   0.29167   0.12500   1.00000
      0.66667   0.29167   0.16667   1.00000
      0.62500   0.29167   0.20833   1.00000
      0.58333   0.29167   0.25000   1.00000
      0.54167   0.29167   0.29167   1.00000
      0.79167   0.33333   0.12500   1.00000
      0.75000   0.33333   0.16667   1.00000
      0.70833   0.33333   0.20833   1.00000
      0.66667   0.33333   0.25000   1.00000
      0.62500   0.33333   0.29167   1.00000
      0.58333   0.33333   0.33333   1.00000
      0.87500   0.37500   0.12500   1.00000
      0.83333   0.37500   0.16667   1.00000
      0.79167   0.37500   0.20833   1.00000
      0.75000   0.37500   0.25000   1.00000
      0.70833   0.37500   0.29167   1.00000
      0.66667   0.37500   0.33333   1.00000
      0.62500   0.37500   0.37500   1.00000
      0.95833   0.41667   0.12500   1.00000
      0.91667   0.41667   0.16667   1.00000
      0.87500   0.41667   0.20833   1.00000
      0.83333   0.41667   0.25000   1.00000
      0.79167   0.41667   0.29167   1.00000
      0.75000   0.41667   0.33333   1.00000
      0.70833   0.41667   0.37500   1.00000
      0.66667   0.41667   0.41667   1.00000
      0.29167   0.10417   0.10417   1.00000
      0.37500   0.14583   0.10417   1.00000
      0.33333   0.14583   0.14583   1.00000
      0.45833   0.18750   0.10417   1.00000
      0.41667   0.18750   0.14583   1.00000
      0.37500   0.18750   0.18750   1.00000
      0.54167   0.22917   0.10417   1.00000
      0.50000   0.22917   0.14583   1.00000
      0.45833   0.22917   0.18750   1.00000
      0.41667   0.22917   0.22917   1.00000
      0.62500   0.27083   0.10417   1.00000
      0.58333   0.27083   0.14583   1.00000
      0.54167   0.27083   0.18750   1.00000
      0.50000   0.27083   0.22917   1.00000
      0.45833   0.27083   0.27083   1.00000
      0.70833   0.31250   0.10417   1.00000
      0.66667   0.31250   0.14583   1.00000
      0.62500   0.31250   0.18750   1.00000
      0.58333   0.31250   0.22917   1.00000
      0.54167   0.31250   0.27083   1.00000
      0.50000   0.31250   0.31250   1.00000
      0.79167   0.35417   0.10417   1.00000
      0.75000   0.35417   0.14583   1.00000
      0.70833   0.35417   0.18750   1.00000
      0.66667   0.35417   0.22917   1.00000
      0.62500   0.35417   0.27083   1.00000
      0.58333   0.35417   0.31250   1.00000
      0.54167   0.35417   0.35417   1.00000
      0.87500   0.39583   0.10417   1.00000
      0.83333   0.39583   0.14583   1.00000
      0.79167   0.39583   0.18750   1.00000
      0.75000   0.39583   0.22917   1.00000
      0.70833   0.39583   0.27083   1.00000
      0.66667   0.39583   0.31250   1.00000
      0.62500   0.39583   0.35417   1.00000
      0.58333   0.39583   0.39583   1.00000
      0.95833   0.43750   0.10417   1.00000
      0.91667   0.43750   0.14583   1.00000
      0.87500   0.43750   0.18750   1.00000
      0.83333   0.43750   0.22917   1.00000
      0.79167   0.43750   0.27083   1.00000
      0.75000   0.43750   0.31250   1.00000
      0.70833   0.43750   0.35417   1.00000
      0.66667   0.43750   0.39583   1.00000
      0.62500   0.43750   0.43750   1.00000
      0.20833   0.08333   0.08333   1.00000
      0.29167   0.12500   0.08333   1.00000
      0.25000   0.12500   0.12500   1.00000
      0.37500   0.16667   0.08333   1.00000
      0.33333   0.16667   0.12500   1.00000
      0.29167   0.16667   0.16667   1.00000
      0.45833   0.20833   0.08333   1.00000
      0.41667   0.20833   0.12500   1.00000
      0.37500   0.20833   0.16667   1.00000
      0.33333   0.20833   0.20833   1.00000
      0.54167   0.25000   0.08333   1.00000
      0.50000   0.25000   0.12500   1.00000
      0.45833   0.25000   0.16667   1.00000
      0.41667   0.25000   0.20833   1.00000
      0.37500   0.25000   0.25000   1.00000
      0.62500   0.29167   0.08333   1.00000
      0.58333   0.29167   0.12500   1.00000
      0.54167   0.29167   0.16667   1.00000
      0.50000   0.29167   0.20833   1.00000
      0.45833   0.29167   0.25000   1.00000
      0.41667   0.29167   0.29167   1.00000
      0.70833   0.33333   0.08333   1.00000
      0.66667   0.33333   0.12500   1.00000
      0.62500   0.33333   0.16667   1.00000
      0.58333   0.33333   0.20833   1.00000
      0.54167   0.33333   0.25000   1.00000
      0.50000   0.33333   0.29167   1.00000
      0.45833   0.33333   0.33333   1.00000
      0.79167   0.37500   0.08333   1.00000
      0.75000   0.37500   0.12500   1.00000
      0.70833   0.37500   0.16667   1.00000
      0.66667   0.37500   0.20833   1.00000
      0.62500   0.37500   0.25000   1.00000
      0.58333   0.37500   0.29167   1.00000
      0.54167   0.37500   0.33333   1.00000
      0.50000   0.37500   0.37500   1.00000
      0.87500   0.41667   0.08333   1.00000
      0.83333   0.41667   0.12500   1.00000
      0.79167   0.41667   0.16667   1.00000
      0.75000   0.41667   0.20833   1.00000
      0.70833   0.41667   0.25000   1.00000
      0.66667   0.41667   0.29167   1.00000
      0.62500   0.41667   0.33333   1.00000
      0.58333   0.41667   0.37500   1.00000
      0.54167   0.41667   0.41667   1.00000
      0.95833   0.45833   0.08333   1.00000
      0.91667   0.45833   0.12500   1.00000
      0.87500   0.45833   0.16667   1.00000
      0.83333   0.45833   0.20833   1.00000
      0.79167   0.45833   0.25000   1.00000
      0.75000   0.45833   0.29167   1.00000
      0.70833   0.45833   0.33333   1.00000
      0.66667   0.45833   0.37500   1.00000
      0.62500   0.45833   0.41667   1.00000
      0.58333   0.45833   0.45833   1.00000
      0.12500   0.06250   0.06250   1.00000
      0.20833   0.10417   0.06250   1.00000
      0.16667   0.10417   0.10417   1.00000
      0.29167   0.14583   0.06250   1.00000
      0.25000   0.14583   0.10417   1.00000
      0.20833   0.14583   0.14583   1.00000
      0.37500   0.18750   0.06250   1.00000
      0.33333   0.18750   0.10417   1.00000
      0.29167   0.18750   0.14583   1.00000
      0.25000   0.18750   0.18750   1.00000
      0.45833   0.22917   0.06250   1.00000
      0.41667   0.22917   0.10417   1.00000
      0.37500   0.22917   0.14583   1.00000
      0.33333   0.22917   0.18750   1.00000
      0.29167   0.22917   0.22917   1.00000
      0.54167   0.27083   0.06250   1.00000
      0.50000   0.27083   0.10417   1.00000
      0.45833   0.27083   0.14583   1.00000
      0.41667   0.27083   0.18750   1.00000
      0.37500   0.27083   0.22917   1.00000
      0.33333   0.27083   0.27083   1.00000
      0.62500   0.31250   0.06250   1.00000
      0.58333   0.31250   0.10417   1.00000
      0.54167   0.31250   0.14583   1.00000
      0.50000   0.31250   0.18750   1.00000
      0.45833   0.31250   0.22917   1.00000
      0.41667   0.31250   0.27083   1.00000
      0.37500   0.31250   0.31250   1.00000
      0.70833   0.35417   0.06250   1.00000
      0.66667   0.35417   0.10417   1.00000
      0.62500   0.35417   0.14583   1.00000
      0.58333   0.35417   0.18750   1.00000
      0.54167   0.35417   0.22917   1.00000
      0.50000   0.35417   0.27083   1.00000
      0.45833   0.35417   0.31250   1.00000
      0.41667   0.35417   0.35417   1.00000
      0.79167   0.39583   0.06250   1.00000
      0.75000   0.39583   0.10417   1.00000
      0.70833   0.39583   0.14583   1.00000
      0.66667   0.39583   0.18750   1.00000
      0.62500   0.39583   0.22917   1.00000
      0.58333   0.39583   0.27083   1.00000
      0.54167   0.39583   0.31250   1.00000
      0.50000   0.39583   0.35417   1.00000
      0.45833   0.39583   0.39583   1.00000
      0.87500   0.43750   0.06250   1.00000
      0.83333   0.43750   0.10417   1.00000
      0.79167   0.43750   0.14583   1.00000
      0.75000   0.43750   0.18750   1.00000
      0.70833   0.43750   0.22917   1.00000
      0.66667   0.43750   0.27083   1.00000
      0.62500   0.43750   0.31250   1.00000
      0.58333   0.43750   0.35417   1.00000
      0.54167   0.43750   0.39583   1.00000
      0.50000   0.43750   0.43750   1.00000
      0.95833   0.47917   0.06250   1.00000
      0.91667   0.47917   0.10417   1.00000
      0.87500   0.47917   0.14583   1.00000
      0.83333   0.47917   0.18750   1.00000
      0.79167   0.47917   0.22917   1.00000
      0.75000   0.47917   0.27083   1.00000
      0.70833   0.47917   0.31250   1.00000
      0.66667   0.47917   0.35417   1.00000
      0.62500   0.47917   0.39583   1.00000
      0.58333   0.47917   0.43750   1.00000
      0.54167   0.47917   0.47917   1.00000
EOF
