#       E           DOS              PDOS             g_x             g_y             g_z           
#  265    199.513536 0.750                                                                          
      0.0000     0.000000         0.000000         0.000000         0.000000         0.000000    
      0.7500    0.2618009E-05    0.1309284E-05    0.2819641E-06    0.3766341E-06    0.6506863E-06
      1.5000    0.1047204E-04    0.5238258E-05    0.1147058E-05    0.1551704E-05    0.2539495E-05
      2.2500    0.2356208E-04    0.1178860E-04    0.2624084E-05    0.3592963E-05    0.5571553E-05
      3.0000    0.4188814E-04    0.2096199E-04    0.4741845E-05    0.6568161E-05    0.9651983E-05
      3.7500    0.6545022E-04    0.3276011E-04    0.7529143E-05    0.1054505E-04    0.1468591E-04
      4.5000    0.9424832E-04    0.4718463E-04    0.1101478E-04    0.1559139E-04    0.2057847E-04
      5.2500    0.1282824E-03    0.6423724E-04    0.1522756E-04    0.2177491E-04    0.2723477E-04
      6.0000    0.1675526E-03    0.8391962E-04    0.2019628E-04    0.2916339E-04    0.3455995E-04
      6.7500    0.2120587E-03    0.1062334E-03    0.2594975E-04    0.3782457E-04    0.4245913E-04
      7.5000    0.2618009E-03    0.1311804E-03    0.3251677E-04    0.4782620E-04    0.5083743E-04
      8.2500    0.3233421E-03    0.1620536E-03    0.4109760E-04    0.5997194E-04    0.6098403E-04
      9.0000    0.4029078E-03    0.2019946E-03    0.5206499E-04    0.7647873E-04    0.7345090E-04
      9.7500    0.4893611E-03    0.2454430E-03    0.6264264E-04    0.9509118E-04    0.8770922E-04
     10.5000    0.5842055E-03    0.2931765E-03    0.7333232E-04    0.1145579E-03    0.1052863E-03
     11.2500    0.6807873E-03    0.3418543E-03    0.8516381E-04    0.1342044E-03    0.1224862E-03
     12.0000    0.7815868E-03    0.3927115E-03    0.9781047E-04    0.1550391E-03    0.1398619E-03
     12.7500    0.8880264E-03    0.4464660E-03    0.1112155E-03    0.1771399E-03    0.1581107E-03
     13.5000    0.1000106E-02    0.5031235E-03    0.1253858E-03    0.2005001E-03    0.1772376E-03
     14.2500    0.1117826E-02    0.5626895E-03    0.1403283E-03    0.2251133E-03    0.1972478E-03
     15.0000    0.1254668E-02    0.6319600E-03    0.1593703E-03    0.2537500E-03    0.2188398E-03
     15.7500    0.1408903E-02    0.7101118E-03    0.1798274E-03    0.2852516E-03    0.2450328E-03
     16.5000    0.1579949E-02    0.7968799E-03    0.2025211E-03    0.3196851E-03    0.2746737E-03
     17.2500    0.1764807E-02    0.8907754E-03    0.2272594E-03    0.3570382E-03    0.3064778E-03
     18.0000    0.1954382E-02    0.9872365E-03    0.2526733E-03    0.3962361E-03    0.3383270E-03
     18.7500    0.2150760E-02    0.1087342E-02    0.2784643E-03    0.4375387E-03    0.3713386E-03
     19.5000    0.2373975E-02    0.1201261E-02    0.3061690E-03    0.4871097E-03    0.4079823E-03
     20.2500    0.2596375E-02    0.1315055E-02    0.3333598E-03    0.5335832E-03    0.4481125E-03
     21.0000    0.2845911E-02    0.1442867E-02    0.3675321E-03    0.5853952E-03    0.4899394E-03
     21.7500    0.3135327E-02    0.1591225E-02    0.4095975E-03    0.6491714E-03    0.5324558E-03
     22.5000    0.3442430E-02    0.1748944E-02    0.4532444E-03    0.7174219E-03    0.5782781E-03
     23.2500    0.3771637E-02    0.1918320E-02    0.4990781E-03    0.7903475E-03    0.6288940E-03
     24.0000    0.4116964E-02    0.2096357E-02    0.5466462E-03    0.8674283E-03    0.6822821E-03
     24.7500    0.4470883E-02    0.2279260E-02    0.5940875E-03    0.9467008E-03    0.7384717E-03
     25.5000    0.4839921E-02    0.2470384E-02    0.6425870E-03    0.1029490E-02    0.7983069E-03
     26.2500    0.5301053E-02    0.2709097E-02    0.7114287E-03    0.1135549E-02    0.8621195E-03
     27.0000    0.5827794E-02    0.2982137E-02    0.7899665E-03    0.1257886E-02    0.9342844E-03
     27.7500    0.6427182E-02    0.3293365E-02    0.8749547E-03    0.1399667E-02    0.1018744E-02
     28.5000    0.7126380E-02    0.3657208E-02    0.9624149E-03    0.1570212E-02    0.1124581E-02
     29.2500    0.7811528E-02    0.4015143E-02    0.1050099E-02    0.1723542E-02    0.1241502E-02
     30.0000    0.8570283E-02    0.4412274E-02    0.1153646E-02    0.1894157E-02    0.1364471E-02
     30.7500    0.9547444E-02    0.4923526E-02    0.1298186E-02    0.2126470E-02    0.1498870E-02
     31.5000    0.1060941E-01    0.5480740E-02    0.1441951E-02    0.2379952E-02    0.1658838E-02
     32.2500    0.1176336E-01    0.6087924E-02    0.1589331E-02    0.2656454E-02    0.1842139E-02
     33.0000    0.1320659E-01    0.6847660E-02    0.1787580E-02    0.3016475E-02    0.2043605E-02
     33.7500    0.1506093E-01    0.7824811E-02    0.2055089E-02    0.3476264E-02    0.2293458E-02
     34.5000    0.1731791E-01    0.9016858E-02    0.2372822E-02    0.4028683E-02    0.2615353E-02
     35.2500    0.2102882E-01    0.1097586E-01    0.2835047E-02    0.5031408E-02    0.3109406E-02
     36.0000    0.2684327E-01    0.1404940E-01    0.3444338E-02    0.6517491E-02    0.4087572E-02
     36.7500    0.3881253E-01    0.2037508E-01    0.4837158E-02    0.9339715E-02    0.6198210E-02
     37.5000    0.4410892E-01    0.2322641E-01    0.5564077E-02    0.1102256E-01    0.6639774E-02
     38.2500    0.4453292E-01    0.2352260E-01    0.5438428E-02    0.1111158E-01    0.6972593E-02
     39.0000    0.4649592E-01    0.2463788E-01    0.5613122E-02    0.1158645E-01    0.7438312E-02
     39.7500    0.4785081E-01    0.2543749E-01    0.5681463E-02    0.1189113E-01    0.7864896E-02
     40.5000    0.5078545E-01    0.2709600E-01    0.5834085E-02    0.1279475E-01    0.8467159E-02
     41.2500    0.5263695E-01    0.2818528E-01    0.5917446E-02    0.1330751E-01    0.8960325E-02
     42.0000    0.5473160E-01    0.2941613E-01    0.6019233E-02    0.1390128E-01    0.9495617E-02
     42.7500    0.5768244E-01    0.3112272E-01    0.6195352E-02    0.1471278E-01    0.1021459E-01
     43.5000    0.6218073E-01    0.3369859E-01    0.6376985E-02    0.1603113E-01    0.1129047E-01
     44.2500    0.6631717E-01    0.3609849E-01    0.6564577E-02    0.1728534E-01    0.1224857E-01
     45.0000    0.7303462E-01    0.3995562E-01    0.6887051E-02    0.1934859E-01    0.1371998E-01
     45.7500    0.1042317        0.5779684E-01    0.7180681E-02    0.2911725E-01    0.2149891E-01
     46.5000    0.1482910        0.8281130E-01    0.7700378E-02    0.4309502E-01    0.3201590E-01
     47.2500    0.1169919        0.6529217E-01    0.1016638E-01    0.3411229E-01    0.2101350E-01
     48.0000    0.1041934        0.5827376E-01    0.9839433E-02    0.3053873E-01    0.1789560E-01
     48.7500    0.8846106E-01    0.4963864E-01    0.7703352E-02    0.2581426E-01    0.1612102E-01
     49.5000    0.8166531E-01    0.4598882E-01    0.6964589E-02    0.2373970E-01    0.1528453E-01
     50.2500    0.7585556E-01    0.4285828E-01    0.6570978E-02    0.2183902E-01    0.1444828E-01
     51.0000    0.7179342E-01    0.4071292E-01    0.6204509E-02    0.2048246E-01    0.1402594E-01
     51.7500    0.6834200E-01    0.3889185E-01    0.5999890E-02    0.1922939E-01    0.1366256E-01
     52.5000    0.6502239E-01    0.3713752E-01    0.5767798E-02    0.1799700E-01    0.1337272E-01
     53.2500    0.6196153E-01    0.3551454E-01    0.5580853E-02    0.1682903E-01    0.1310466E-01
     54.0000    0.5905520E-01    0.3396586E-01    0.5397359E-02    0.1568225E-01    0.1288625E-01
     54.7500    0.5606862E-01    0.3234539E-01    0.5227322E-02    0.1441859E-01    0.1269948E-01
     55.5000    0.5344595E-01    0.3091601E-01    0.5088117E-02    0.1323549E-01    0.1259240E-01
     56.2500    0.5081708E-01    0.2944841E-01    0.4982041E-02    0.1191804E-01    0.1254832E-01
     57.0000    0.4839789E-01    0.2807342E-01    0.4925391E-02    0.1058381E-01    0.1256422E-01
     57.7500    0.4606888E-01    0.2673159E-01    0.4892371E-02    0.9307606E-02    0.1253162E-01
     58.5000    0.4312111E-01    0.2496128E-01    0.4892291E-02    0.7550029E-02    0.1251896E-01
     59.2500    0.3926342E-01    0.2252064E-01    0.5029530E-02    0.4772012E-02    0.1271910E-01
     60.0000    0.3999963E-01    0.2298861E-01    0.5237581E-02    0.4862929E-02    0.1288810E-01
     60.7500    0.4168543E-01    0.2400476E-01    0.5606198E-02    0.5086200E-02    0.1331237E-01
     61.5000    0.4263486E-01    0.2460599E-01    0.5895799E-02    0.5257722E-02    0.1345247E-01
     62.2500    0.4430362E-01    0.2563643E-01    0.6268971E-02    0.5586323E-02    0.1378114E-01
     63.0000    0.4538232E-01    0.2630905E-01    0.6630580E-02    0.5754277E-02    0.1392420E-01
     63.7500    0.4815094E-01    0.2795660E-01    0.7349616E-02    0.6067001E-02    0.1453999E-01
     64.5000    0.5101690E-01    0.2969097E-01    0.8093551E-02    0.6564707E-02    0.1503271E-01
     65.2500    0.5357370E-01    0.3119949E-01    0.9025057E-02    0.6793854E-02    0.1538058E-01
     66.0000    0.6263658E-01    0.3641731E-01    0.1219970E-01    0.7449109E-02    0.1676850E-01
     66.7500    0.4534735E-01    0.2667412E-01    0.9227514E-02    0.6784018E-02    0.1066258E-01
     67.5000    0.2754021E-01    0.1626767E-01    0.5387514E-02    0.4507657E-02    0.6372499E-02
     68.2500    0.2880612E-02    0.1438809E-02    0.9146489E-03    0.3536559E-03    0.1705038E-03
     69.0000    0.2954493E-02    0.1475881E-02    0.9376274E-03    0.3618321E-03    0.1764215E-03
     69.7500    0.3029303E-02    0.1513427E-02    0.9608607E-03    0.3700821E-03    0.1824840E-03
     70.5000    0.3105044E-02    0.1551446E-02    0.9843480E-03    0.3784045E-03    0.1886937E-03
     71.2500    0.3181715E-02    0.1589939E-02    0.1008088E-02    0.3867976E-03    0.1950528E-03
     72.0000    0.3368170E-02    0.1683703E-02    0.1057224E-02    0.4124347E-03    0.2140437E-03
     72.7500    0.3494629E-02    0.1747249E-02    0.1094749E-02    0.4276717E-03    0.2248282E-03
     73.5000    0.3624177E-02    0.1812236E-02    0.1134909E-02    0.4422045E-03    0.2351223E-03
     74.2500    0.3745316E-02    0.1872949E-02    0.1172998E-02    0.4550291E-03    0.2449221E-03
     75.0000    0.3866932E-02    0.1933856E-02    0.1211282E-02    0.4676480E-03    0.2549256E-03
     75.7500    0.3991166E-02    0.1996029E-02    0.1250391E-02    0.4803698E-03    0.2652681E-03
     76.5000    0.4108390E-02    0.2054687E-02    0.1286711E-02    0.4924060E-03    0.2755694E-03
     77.2500    0.4215817E-02    0.2108447E-02    0.1319512E-02    0.5032052E-03    0.2857300E-03
     78.0000    0.4319833E-02    0.2160505E-02    0.1350921E-02    0.5135805E-03    0.2960034E-03
     78.7500    0.4422459E-02    0.2211874E-02    0.1381668E-02    0.5237519E-03    0.3064537E-03
     79.5000    0.4525971E-02    0.2263689E-02    0.1412584E-02    0.5339451E-03    0.3171602E-03
     80.2500    0.4630652E-02    0.2316091E-02    0.1443769E-02    0.5441853E-03    0.3281372E-03
     81.0000    0.4736502E-02    0.2369080E-02    0.1475222E-02    0.5544698E-03    0.3393886E-03
     81.7500    0.4843522E-02    0.2422656E-02    0.1506942E-02    0.5647955E-03    0.3509184E-03
     82.5000    0.4951711E-02    0.2476817E-02    0.1538927E-02    0.5751596E-03    0.3627306E-03
     83.2500    0.5130813E-02    0.2566806E-02    0.1588776E-02    0.5954760E-03    0.3825536E-03
     84.0000    0.5450371E-02    0.2727726E-02    0.1670906E-02    0.6386088E-03    0.4182109E-03
     84.7500    0.5658783E-02    0.2832276E-02    0.1727975E-02    0.6627429E-03    0.4415574E-03
     85.5000    0.5821961E-02    0.2913926E-02    0.1774946E-02    0.6792515E-03    0.4597284E-03
     86.2500    0.5998888E-02    0.3002132E-02    0.1828587E-02    0.6952947E-03    0.4782501E-03
     87.0000    0.6183761E-02    0.3094090E-02    0.1884820E-02    0.7115837E-03    0.4976857E-03
     87.7500    0.6362524E-02    0.3182851E-02    0.1938745E-02    0.7267072E-03    0.5173986E-03
     88.5000    0.6527236E-02    0.3264564E-02    0.1986820E-02    0.7407197E-03    0.5370241E-03
     89.2500    0.6679799E-02    0.3340241E-02    0.2029721E-02    0.7539477E-03    0.5565725E-03
     90.0000    0.6828006E-02    0.3413737E-02    0.2070637E-02    0.7667764E-03    0.5763238E-03
     90.7500    0.6976006E-02    0.3487112E-02    0.2111154E-02    0.7794832E-03    0.5964750E-03
     91.5000    0.7125526E-02    0.3561222E-02    0.2151900E-02    0.7921937E-03    0.6171281E-03
     92.2500    0.7276567E-02    0.3636066E-02    0.2192873E-02    0.8049036E-03    0.6382896E-03
     93.0000    0.7429129E-02    0.3711643E-02    0.2234068E-02    0.8176083E-03    0.6599660E-03
     93.7500    0.7903114E-02    0.3950015E-02    0.2353736E-02    0.8772223E-03    0.7190566E-03
     94.5000    0.8255941E-02    0.4126718E-02    0.2441882E-02    0.9183904E-03    0.7664450E-03
     95.2500    0.8557964E-02    0.4277352E-02    0.2518250E-02    0.9502739E-03    0.8088282E-03
     96.0000    0.8841539E-02    0.4418486E-02    0.2589276E-02    0.9790586E-03    0.8501519E-03
     96.7500    0.9104147E-02    0.4548861E-02    0.2655234E-02    0.1004143E-02    0.8894829E-03
     97.5000    0.9331233E-02    0.4661075E-02    0.2714405E-02    0.1022540E-02    0.9241299E-03
     98.2500    0.9556885E-02    0.4772412E-02    0.2772965E-02    0.1040194E-02    0.9592533E-03
     99.0000    0.9926647E-02    0.4952591E-02    0.2893653E-02    0.1059906E-02    0.9990308E-03
     99.7500    0.1018376E-01    0.5078246E-02    0.2962608E-02    0.1077968E-02    0.1037670E-02
    100.5000    0.1040146E-01    0.5184674E-02    0.3015372E-02    0.1094384E-02    0.1074918E-02
    101.2500    0.1061828E-01    0.5290597E-02    0.3067141E-02    0.1110604E-02    0.1112852E-02
    102.0000    0.1108420E-01    0.5523201E-02    0.3175309E-02    0.1163131E-02    0.1184761E-02
    102.7500    0.1171439E-01    0.5838109E-02    0.3324604E-02    0.1234037E-02    0.1279467E-02
    103.5000    0.1217728E-01    0.6068037E-02    0.3431039E-02    0.1281961E-02    0.1355037E-02
    104.2500    0.1260997E-01    0.6282247E-02    0.3529713E-02    0.1324368E-02    0.1428166E-02
    105.0000    0.1302882E-01    0.6488942E-02    0.3624728E-02    0.1363546E-02    0.1500668E-02
    105.7500    0.1343030E-01    0.6686522E-02    0.3714463E-02    0.1399652E-02    0.1572407E-02
    106.5000    0.1381693E-01    0.6876306E-02    0.3799493E-02    0.1433235E-02    0.1643577E-02
    107.2500    0.1419145E-01    0.7059530E-02    0.3881511E-02    0.1464061E-02    0.1713957E-02
    108.0000    0.1455414E-01    0.7236320E-02    0.3960808E-02    0.1492046E-02    0.1783465E-02
    108.7500    0.1490562E-01    0.7406691E-02    0.4039615E-02    0.1515850E-02    0.1851227E-02
    109.5000    0.1604943E-01    0.7974103E-02    0.4316690E-02    0.1629045E-02    0.2028368E-02
    110.2500    0.1704892E-01    0.8467119E-02    0.4552392E-02    0.1727314E-02    0.2187413E-02
    111.0000    0.1786517E-01    0.8867728E-02    0.4734274E-02    0.1805438E-02    0.2328017E-02
    111.7500    0.1856962E-01    0.9211452E-02    0.4884165E-02    0.1870492E-02    0.2456794E-02
    112.5000    0.1921121E-01    0.9523514E-02    0.5010579E-02    0.1930315E-02    0.2582619E-02
    113.2500    0.1985006E-01    0.9833194E-02    0.5133344E-02    0.1989201E-02    0.2710649E-02
    114.0000    0.2047044E-01    0.1013242E-01    0.5249838E-02    0.2044913E-02    0.2837671E-02
    114.7500    0.2110786E-01    0.1043947E-01    0.5367636E-02    0.2101985E-02    0.2969848E-02
    115.5000    0.2334894E-01    0.1156254E-01    0.5809564E-02    0.2371808E-02    0.3381171E-02
    116.2500    0.2521431E-01    0.1248809E-01    0.6167475E-02    0.2591618E-02    0.3729001E-02
    117.0000    0.2677259E-01    0.1325136E-01    0.6463906E-02    0.2760057E-02    0.4027393E-02
    117.7500    0.2827254E-01    0.1397921E-01    0.6747943E-02    0.2916981E-02    0.4314291E-02
    118.5000    0.2972507E-01    0.1467778E-01    0.7019097E-02    0.3064428E-02    0.4594254E-02
    119.2500    0.3499908E-01    0.1732183E-01    0.8034019E-02    0.3704781E-02    0.5583027E-02
    120.0000    0.4532766E-01    0.2253118E-01    0.9928837E-02    0.5090511E-02    0.7511834E-02
    120.7500    0.4723741E-01    0.2340212E-01    0.1022031E-01    0.5313792E-02    0.7868013E-02
    121.5000    0.3710883E-01    0.1812948E-01    0.8326545E-02    0.3756150E-02    0.6046786E-02
    122.2500    0.3246256E-01    0.1568854E-01    0.7431303E-02    0.3058387E-02    0.5198854E-02
    123.0000    0.2995174E-01    0.1431482E-01    0.6926191E-02    0.2636131E-02    0.4752493E-02
    123.7500    0.2760777E-01    0.1303309E-01    0.6458184E-02    0.2261568E-02    0.4313338E-02
    124.5000    0.2585415E-01    0.1205816E-01    0.6084148E-02    0.2002539E-02    0.3971476E-02
    125.2500    0.2448399E-01    0.1126392E-01    0.5776703E-02    0.1786383E-02    0.3700830E-02
    126.0000    0.2323447E-01    0.1052451E-01    0.5486782E-02    0.1595467E-02    0.3442259E-02
    126.7500    0.2191391E-01    0.9743904E-02    0.5185516E-02    0.1405155E-02    0.3153234E-02
    127.5000    0.2073797E-01    0.9026928E-02    0.4902259E-02    0.1246781E-02    0.2877888E-02
    128.2500    0.1962691E-01    0.8334621E-02    0.4624723E-02    0.1104672E-02    0.2605227E-02
    129.0000    0.1861675E-01    0.7679408E-02    0.4359026E-02    0.9785998E-03    0.2341782E-02
    129.7500    0.1793427E-01    0.7126257E-02    0.4147883E-02    0.8752781E-03    0.2103097E-02
    130.5000    0.1687306E-01    0.6392928E-02    0.3848801E-02    0.7609947E-03    0.1783132E-02
    131.2500    0.1555077E-01    0.5594399E-02    0.3503298E-02    0.6540876E-03    0.1437013E-02
    132.0000    0.1439761E-01    0.4996402E-02    0.3207418E-02    0.6219400E-03    0.1167044E-02
    132.7500    0.1236791E-01    0.4067014E-02    0.2800046E-02    0.4501228E-03    0.8168451E-03
    133.5000    0.1086034E-01    0.3363385E-02    0.2459299E-02    0.3294455E-03    0.5746410E-03
    134.2500    0.9569361E-02    0.2748225E-02    0.2131598E-02    0.2295846E-03    0.3870424E-03
    135.0000    0.8374811E-02    0.2186829E-02    0.1810562E-02    0.1403552E-03    0.2359117E-03
    135.7500    0.7664012E-02    0.1868152E-02    0.1572789E-02    0.1191673E-03    0.1761965E-03
    136.5000    0.7399022E-02    0.1935934E-02    0.1543175E-02    0.1025558E-03    0.2902027E-03
    137.2500    0.7436519E-02    0.2231034E-02    0.1655559E-02    0.9017064E-04    0.4853045E-03
    138.0000    0.7641577E-02    0.2622846E-02    0.1839666E-02    0.8299023E-04    0.7001902E-03
    138.7500    0.8019862E-02    0.3114261E-02    0.2096197E-02    0.8271623E-04    0.9353471E-03
    139.5000    0.8596292E-02    0.3720107E-02    0.2429368E-02    0.9136824E-04    0.1199371E-02
    140.2500    0.9419567E-02    0.4467580E-02    0.2852130E-02    0.1120604E-03    0.1503390E-02
    141.0000    0.1048401E-01    0.5346324E-02    0.3351498E-02    0.1487000E-03    0.1846127E-02
    141.7500    0.1187551E-01    0.6417396E-02    0.3952464E-02    0.2094975E-03    0.2255435E-02
    142.5000    0.1381269E-01    0.7834757E-02    0.4720097E-02    0.3144141E-03    0.2800246E-02
    143.2500    0.1710301E-01    0.1022056E-01    0.5890847E-02    0.5556430E-03    0.3774074E-02
    144.0000    0.1932461E-01    0.1168263E-01    0.6741286E-02    0.7789608E-03    0.4162383E-02
    144.7500    0.2012222E-01    0.1222948E-01    0.7253073E-02    0.8964618E-03    0.4079947E-02
    145.5000    0.2106089E-01    0.1284176E-01    0.7723633E-02    0.1032981E-02    0.4085145E-02
    146.2500    0.2193373E-01    0.1340583E-01    0.8142247E-02    0.1175874E-02    0.4087707E-02
    147.0000    0.2278279E-01    0.1394392E-01    0.8526350E-02    0.1328149E-02    0.4089422E-02
    147.7500    0.2354063E-01    0.1441485E-01    0.8853061E-02    0.1484746E-02    0.4077046E-02
    148.5000    0.2455468E-01    0.1487213E-01    0.9163463E-02    0.1650534E-02    0.4058130E-02
    149.2500    0.2561103E-01    0.1535551E-01    0.9494906E-02    0.1826721E-02    0.4033880E-02
    150.0000    0.2671038E-01    0.1586586E-01    0.9836348E-02    0.2017783E-02    0.4011725E-02
    150.7500    0.2785613E-01    0.1640758E-01    0.1018564E-01    0.2227739E-02    0.3994204E-02
    151.5000    0.2901694E-01    0.1695984E-01    0.1053839E-01    0.2451435E-02    0.3970015E-02
    152.2500    0.3020559E-01    0.1752623E-01    0.1088887E-01    0.2692960E-02    0.3944398E-02
    153.0000    0.3138445E-01    0.1809276E-01    0.1123279E-01    0.2949872E-02    0.3910103E-02
    153.7500    0.3256772E-01    0.1866241E-01    0.1157395E-01    0.3220505E-02    0.3867964E-02
    154.5000    0.3378408E-01    0.1925258E-01    0.1191315E-01    0.3512732E-02    0.3826694E-02
    155.2500    0.3488464E-01    0.1979078E-01    0.1222722E-01    0.3802946E-02    0.3760620E-02
    156.0000    0.3601212E-01    0.2034382E-01    0.1252980E-01    0.4112602E-02    0.3701425E-02
    156.7500    0.3669182E-01    0.2057968E-01    0.1257389E-01    0.4400124E-02    0.3605665E-02
    157.5000    0.3716274E-01    0.2066133E-01    0.1246304E-01    0.4687345E-02    0.3510944E-02
    158.2500    0.3741131E-01    0.2065327E-01    0.1230706E-01    0.4946242E-02    0.3399974E-02
    159.0000    0.3740115E-01    0.2053404E-01    0.1209574E-01    0.5165741E-02    0.3272561E-02
    159.7500    0.3518961E-01    0.1928452E-01    0.1147798E-01    0.4997063E-02    0.2809475E-02
    160.5000    0.3229455E-01    0.1769213E-01    0.1073429E-01    0.4687681E-02    0.2270153E-02
    161.2500    0.3041901E-01    0.1666039E-01    0.1024119E-01    0.4520294E-02    0.1898912E-02
    162.0000    0.2948752E-01    0.1612066E-01    0.9903677E-02    0.4515966E-02    0.1701017E-02
    162.7500    0.2853264E-01    0.1556762E-01    0.9537491E-02    0.4509995E-02    0.1520132E-02
    163.5000    0.2757692E-01    0.1501408E-01    0.9153125E-02    0.4504643E-02    0.1356313E-02
    164.2500    0.2665121E-01    0.1447683E-01    0.8762195E-02    0.4504182E-02    0.1210454E-02
    165.0000    0.2582514E-01    0.1399213E-01    0.8381884E-02    0.4523188E-02    0.1087054E-02
    165.7500    0.2523025E-01    0.1362867E-01    0.8039871E-02    0.4587494E-02    0.1001309E-02
    166.5000    0.2478078E-01    0.1334130E-01    0.7718545E-02    0.4677289E-02    0.9454694E-03
    167.2500    0.2420761E-01    0.1298262E-01    0.7322555E-02    0.4763795E-02    0.8962723E-03
    168.0000    0.2366382E-01    0.1263581E-01    0.6906533E-02    0.4868412E-02    0.8608622E-03
    168.7500    0.2321006E-01    0.1233237E-01    0.6484567E-02    0.5004938E-02    0.8428636E-03
    169.5000    0.2292859E-01    0.1211305E-01    0.6063660E-02    0.5200414E-02    0.8489730E-03
    170.2500    0.2294341E-01    0.1204021E-01    0.5656928E-02    0.5480983E-02    0.9023019E-03
    171.0000    0.2302147E-01    0.1198739E-01    0.5183417E-02    0.5818423E-02    0.9855491E-03
    171.7500    0.2329314E-01    0.1201791E-01    0.4652945E-02    0.6244693E-02    0.1120271E-02
    172.5000    0.2387119E-01    0.1217692E-01    0.4019246E-02    0.6829522E-02    0.1328156E-02
    173.2500    0.8484447E-01    0.4096647E-01    0.1584415E-01    0.8310078E-02    0.1681223E-01
    174.0000    0.3549719        0.1694247        0.4398208E-01    0.4726357E-01    0.7817907E-01
    174.7500    0.2050610        0.9930239E-01    0.2763522E-01    0.3686431E-01    0.3480286E-01
    175.5000    0.1626041        0.7931131E-01    0.2142642E-01    0.3326187E-01    0.2462303E-01
    176.2500    0.1432366        0.7011330E-01    0.1843539E-01    0.3196169E-01    0.1971622E-01
    177.0000    0.1346265        0.6592006E-01    0.1685998E-01    0.3192631E-01    0.1713377E-01
    177.7500    0.1342882        0.6557463E-01    0.1642669E-01    0.3327017E-01    0.1587777E-01
    178.5000    0.1404250        0.6805265E-01    0.1701094E-01    0.3562935E-01    0.1541236E-01
    179.2500    0.1359824        0.6416713E-01    0.1843860E-01    0.2807839E-01    0.1765014E-01
    180.0000    0.1770017        0.8106897E-01    0.2225612E-01    0.3567584E-01    0.2313700E-01
    180.7500    0.3026015        0.1350873        0.3652945E-01    0.5699717E-01    0.4156069E-01
    181.5000    0.2719296        0.1236847        0.2893423E-01    0.3705057E-01    0.5769987E-01
    182.2500    0.1318346        0.5969368E-01    0.1001942E-01    0.1079870E-01    0.3887556E-01
    183.0000    0.7656424E-01    0.3565144E-01    0.7370034E-02    0.3433254E-02    0.2484816E-01
    183.7500    0.4138157E-01    0.2017637E-01    0.7028264E-02    0.1462853E-02    0.1168525E-01
    184.5000    0.2771361E-01    0.1386854E-01    0.6362411E-02    0.1058246E-02    0.6447886E-02
    185.2500    0.2497269E-01    0.1268044E-01    0.6617703E-02    0.1082040E-02    0.4980693E-02
    186.0000    0.2282815E-01    0.1174900E-01    0.6852557E-02    0.1182835E-02    0.3713611E-02
    186.7500    0.2362224E-01    0.1227886E-01    0.7739110E-02    0.1430405E-02    0.3109345E-02
    187.5000    0.2682850E-01    0.1404708E-01    0.9013799E-02    0.2061586E-02    0.2971695E-02
    188.2500    0.3033933E-01    0.1600668E-01    0.1128536E-01    0.2165377E-02    0.2555950E-02
    189.0000    0.1059523E-01    0.5648086E-02    0.5389581E-02    0.7970107E-04    0.1788040E-03
    189.7500    0.1716056E-02    0.9192198E-03    0.9100666E-03    0.2280332E-05    0.6872934E-05
    190.5000     0.000000         0.000000         0.000000         0.000000         0.000000    
    191.2500     0.000000         0.000000         0.000000         0.000000         0.000000    
    192.0000     0.000000         0.000000         0.000000         0.000000         0.000000    
    192.7500     0.000000         0.000000         0.000000         0.000000         0.000000    
    193.5000     0.000000         0.000000         0.000000         0.000000         0.000000    
    194.2500     0.000000         0.000000         0.000000         0.000000         0.000000    
    195.0000     0.000000         0.000000         0.000000         0.000000         0.000000    
    195.7500     0.000000         0.000000         0.000000         0.000000         0.000000    
    196.5000     0.000000         0.000000         0.000000         0.000000         0.000000    
    197.2500     0.000000         0.000000         0.000000         0.000000         0.000000    
    198.0000     0.000000         0.000000         0.000000         0.000000         0.000000    
