    0.0000E+00  0.00000E+00  0.00000E+00  0.00000E+00  0.00000E+00  0.00000E+00  0.00000E+00
    5.9146E-02  0.00000E+00  0.00000E+00  0.00000E+00  0.00000E+00  0.00000E+00  0.00000E+00
    1.1829E-01  0.00000E+00  0.00000E+00  0.00000E+00  0.00000E+00  0.00000E+00  0.00000E+00
    1.7744E-01  0.00000E+00  0.00000E+00  0.00000E+00  0.00000E+00  0.00000E+00  0.00000E+00
    2.3659E-01  0.00000E+00  0.00000E+00  0.00000E+00  0.00000E+00  0.00000E+00  0.00000E+00
    2.9573E-01  0.00000E+00  0.00000E+00  0.00000E+00  0.00000E+00  0.00000E+00  0.00000E+00
    3.5488E-01  0.00000E+00  0.00000E+00  0.00000E+00  0.00000E+00  0.00000E+00  0.00000E+00
    4.1403E-01  0.00000E+00  0.00000E+00  0.00000E+00  0.00000E+00  0.00000E+00  0.00000E+00
    4.7317E-01  0.00000E+00  0.00000E+00  0.00000E+00  0.00000E+00  0.00000E+00  0.00000E+00
    5.3232E-01  0.00000E+00  0.00000E+00  0.00000E+00  0.00000E+00  0.00000E+00  0.00000E+00
    5.9146E-01  0.00000E+00  0.00000E+00  0.00000E+00  0.00000E+00  0.00000E+00  0.00000E+00
    6.5061E-01  0.00000E+00  0.00000E+00  0.00000E+00  0.00000E+00  0.00000E+00  0.00000E+00
    7.0976E-01  0.00000E+00  0.00000E+00  0.00000E+00  0.00000E+00  0.00000E+00  0.00000E+00
    7.6890E-01  0.00000E+00  0.00000E+00  0.00000E+00  0.00000E+00  0.00000E+00  0.00000E+00
    8.2805E-01  0.00000E+00  0.00000E+00  0.00000E+00  0.00000E+00  0.00000E+00  0.00000E+00
    8.8720E-01  0.00000E+00  0.00000E+00  0.00000E+00  0.00000E+00  0.00000E+00  0.00000E+00
    9.4634E-01  0.00000E+00  0.00000E+00  0.00000E+00  0.00000E+00  0.00000E+00  0.00000E+00
    1.0055E+00  0.00000E+00  0.00000E+00  0.00000E+00  0.00000E+00  0.00000E+00  0.00000E+00
    1.0646E+00  0.00000E+00  0.00000E+00  0.00000E+00  0.00000E+00  0.00000E+00  0.00000E+00
    1.1238E+00  0.00000E+00  0.00000E+00  0.00000E+00  0.00000E+00  0.00000E+00  0.00000E+00
    1.1829E+00  0.00000E+00  0.00000E+00  0.00000E+00  0.00000E+00  0.00000E+00  0.00000E+00
    1.2421E+00  0.00000E+00  0.00000E+00  0.00000E+00  0.00000E+00  0.00000E+00  0.00000E+00
    1.3012E+00  0.00000E+00  0.00000E+00  0.00000E+00  0.00000E+00  0.00000E+00  0.00000E+00
    1.3604E+00  0.00000E+00  0.00000E+00  0.00000E+00  0.00000E+00  0.00000E+00  0.00000E+00
    1.4195E+00  0.00000E+00  0.00000E+00  0.00000E+00  0.00000E+00  0.00000E+00  0.00000E+00
    1.4787E+00  0.00000E+00  0.00000E+00  0.00000E+00  0.00000E+00  0.00000E+00  0.00000E+00
    1.5378E+00  0.00000E+00  0.00000E+00  0.00000E+00  0.00000E+00  0.00000E+00  0.00000E+00
    1.5970E+00  0.00000E+00  0.00000E+00  0.00000E+00  0.00000E+00  0.00000E+00  0.00000E+00
    1.6561E+00  0.00000E+00  0.00000E+00  0.00000E+00  0.00000E+00  0.00000E+00  0.00000E+00
    1.7152E+00  0.00000E+00  0.00000E+00  0.00000E+00  0.00000E+00  0.00000E+00  0.00000E+00
    1.7744E+00  0.00000E+00  0.00000E+00  0.00000E+00  0.00000E+00  0.00000E+00  0.00000E+00
    1.8335E+00  0.00000E+00  0.00000E+00  0.00000E+00  0.00000E+00  0.00000E+00  0.00000E+00
    1.8927E+00  0.00000E+00  0.00000E+00  0.00000E+00  0.00000E+00  0.00000E+00  0.00000E+00
    1.9518E+00  0.00000E+00  0.00000E+00  0.00000E+00  0.00000E+00  0.00000E+00  0.00000E+00
    2.0110E+00  3.94767E+00 -7.88248E-04  3.94767E+00 -7.88248E-04  3.94767E+00 -7.88248E-04
    2.0701E+00  3.94767E+00 -7.88248E-04  3.94767E+00 -7.88248E-04  3.94767E+00 -7.88248E-04
    2.1293E+00  3.94767E+00 -7.88248E-04  3.94767E+00 -7.88248E-04  3.94767E+00 -7.88248E-04
    2.1884E+00  3.94767E+00 -7.88248E-04  3.94767E+00 -7.88248E-04  3.94767E+00 -7.88248E-04
    2.2476E+00  3.94767E+00 -7.88248E-04  3.94767E+00 -7.88248E-04  3.94767E+00 -7.88248E-04
    2.3067E+00  3.94767E+00 -7.88248E-04  3.94767E+00 -7.88248E-04  3.94767E+00 -7.88248E-04
    2.3659E+00  3.94767E+00 -7.88248E-04  3.94767E+00 -7.88248E-04  3.94767E+00 -7.88248E-04
    2.4250E+00  3.94767E+00 -7.88248E-04  3.94767E+00 -7.88248E-04  3.94767E+00 -7.88248E-04
    2.4842E+00  3.94767E+00 -7.88248E-04  3.94767E+00 -7.88248E-04  3.94767E+00 -7.88248E-04
    2.5433E+00  3.94767E+00 -7.88248E-04  3.94767E+00 -7.88248E-04  3.94767E+00 -7.88248E-04
    2.6024E+00  3.94767E+00 -7.88248E-04  3.94767E+00 -7.88248E-04  3.94767E+00 -7.88248E-04
    2.6616E+00  3.94767E+00 -7.88248E-04  3.94767E+00 -7.88248E-04  3.94767E+00 -7.88248E-04
    2.7207E+00  3.94767E+00 -7.88248E-04  3.94767E+00 -7.88248E-04  3.94767E+00 -7.88248E-04
    2.7799E+00  3.94767E+00 -7.88248E-04  3.94767E+00 -7.88248E-04  3.94767E+00 -7.88248E-04
    2.8390E+00  3.94767E+00 -7.88248E-04  3.94767E+00 -7.88248E-04  3.94767E+00 -7.88248E-04
    2.8982E+00  3.94767E+00 -7.88248E-04  3.94767E+00 -7.88248E-04  3.94767E+00 -7.88248E-04
    2.9573E+00  3.94767E+00 -7.88248E-04  3.94767E+00 -7.88248E-04  3.94767E+00 -7.88248E-04
    3.0165E+00  3.94767E+00 -7.88248E-04  3.94767E+00 -7.88248E-04  3.94767E+00 -7.88248E-04
    3.0756E+00  3.94767E+00 -7.88248E-04  3.94767E+00 -7.88248E-04  3.94767E+00 -7.88248E-04
    3.1348E+00  3.94767E+00 -7.88248E-04  3.94767E+00 -7.88248E-04  3.94767E+00 -7.88248E-04
    3.1939E+00  3.94767E+00 -7.88248E-04  3.94767E+00 -7.88248E-04  3.94767E+00 -7.88248E-04
    3.2531E+00  3.94767E+00 -7.88248E-04  3.94767E+00 -7.88248E-04  3.94767E+00 -7.88248E-04
    3.3122E+00  3.94767E+00 -7.88248E-04  3.94767E+00 -7.88248E-04  3.94767E+00 -7.88248E-04
    3.3713E+00  3.94767E+00 -7.88248E-04  3.94767E+00 -7.88248E-04  3.94767E+00 -7.88248E-04
    3.4305E+00  3.94767E+00 -7.88248E-04  3.94767E+00 -7.88248E-04  3.94767E+00 -7.88248E-04
    3.4896E+00  3.94767E+00 -7.88248E-04  3.94767E+00 -7.88248E-04  3.94767E+00 -7.88248E-04
    3.5488E+00  3.94767E+00 -7.88248E-04  3.94767E+00 -7.88248E-04  3.94767E+00 -7.88248E-04
    3.6079E+00  3.94767E+00 -7.88248E-04  3.94767E+00 -7.88248E-04  3.94767E+00 -7.88248E-04
    3.6671E+00  1.40227E+01 -3.10593E-03  1.40227E+01 -3.10593E-03  1.40227E+01 -3.10593E-03
    3.7262E+00  1.40227E+01 -3.10593E-03  1.40227E+01 -3.10593E-03  1.40227E+01 -3.10593E-03
    3.7854E+00  1.40227E+01 -3.10593E-03  1.40227E+01 -3.10593E-03  1.40227E+01 -3.10593E-03
    3.8445E+00  1.40227E+01 -3.10593E-03  1.40227E+01 -3.10593E-03  1.40227E+01 -3.10593E-03
    3.9037E+00  1.40227E+01 -3.10593E-03  1.40227E+01 -3.10593E-03  1.40227E+01 -3.10593E-03
    3.9628E+00  1.40227E+01 -3.10593E-03  1.40227E+01 -3.10593E-03  1.40227E+01 -3.10593E-03
    4.0220E+00  1.40227E+01 -3.10593E-03  1.40227E+01 -3.10593E-03  1.40227E+01 -3.10593E-03
    4.0811E+00  1.40227E+01 -3.10593E-03  1.40227E+01 -3.10593E-03  1.40227E+01 -3.10593E-03
    4.1403E+00  1.40227E+01 -3.10593E-03  1.40227E+01 -3.10593E-03  1.40227E+01 -3.10593E-03
    4.1994E+00  1.40227E+01 -3.10593E-03  1.40227E+01 -3.10593E-03  1.40227E+01 -3.10593E-03
    4.2585E+00  1.40227E+01 -3.10593E-03  1.40227E+01 -3.10593E-03  1.40227E+01 -3.10593E-03
    4.3177E+00  1.40227E+01 -3.10593E-03  1.40227E+01 -3.10593E-03  1.40227E+01 -3.10593E-03
    4.3768E+00  1.40227E+01 -3.10593E-03  1.40227E+01 -3.10593E-03  1.40227E+01 -3.10593E-03
    4.4360E+00  1.40227E+01 -3.10593E-03  1.40227E+01 -3.10593E-03  1.40227E+01 -3.10593E-03
    4.4951E+00  1.40227E+01 -3.10593E-03  1.40227E+01 -3.10593E-03  1.40227E+01 -3.10593E-03
    4.5543E+00  1.40227E+01 -3.10593E-03  1.40227E+01 -3.10593E-03  1.40227E+01 -3.10593E-03
    4.6134E+00  1.40227E+01 -3.10593E-03  1.40227E+01 -3.10593E-03  1.40227E+01 -3.10593E-03
    4.6726E+00  4.03585E+01 -9.70645E-03  4.03585E+01 -9.70645E-03  4.03585E+01 -9.70645E-03
    4.7317E+00  4.03585E+01 -9.70645E-03  4.03585E+01 -9.70645E-03  4.03585E+01 -9.70645E-03
    4.7909E+00  4.03585E+01 -9.70645E-03  4.03585E+01 -9.70645E-03  4.03585E+01 -9.70645E-03
    4.8500E+00  4.03585E+01 -9.70645E-03  4.03585E+01 -9.70645E-03  4.03585E+01 -9.70645E-03
    4.9092E+00  5.13847E+01 -1.27739E-02  5.13847E+01 -1.27739E-02  5.13847E+01 -1.27739E-02
    4.9683E+00  5.13847E+01 -1.27739E-02  5.13847E+01 -1.27739E-02  5.13847E+01 -1.27739E-02
    5.0274E+00  5.13847E+01 -1.27739E-02  5.13847E+01 -1.27739E-02  5.13847E+01 -1.27739E-02
    5.0866E+00  5.13847E+01 -1.27739E-02  5.13847E+01 -1.27739E-02  5.13847E+01 -1.27739E-02
    5.1457E+00  5.13847E+01 -1.27739E-02  5.13847E+01 -1.27739E-02  5.13847E+01 -1.27739E-02
    5.2049E+00  5.13847E+01 -1.27739E-02  5.13847E+01 -1.27739E-02  5.13847E+01 -1.27739E-02
    5.2640E+00  5.13847E+01 -1.27739E-02  5.13847E+01 -1.27739E-02  5.13847E+01 -1.27739E-02
    5.3232E+00  5.13847E+01 -1.27739E-02  5.13847E+01 -1.27739E-02  5.13847E+01 -1.27739E-02
    5.3823E+00  9.76292E+01 -2.61697E-02  9.76292E+01 -2.61697E-02  9.76292E+01 -2.61697E-02
    5.4415E+00  9.76292E+01 -2.61697E-02  9.76292E+01 -2.61697E-02  9.76292E+01 -2.61697E-02
    5.5006E+00  9.76292E+01 -2.61697E-02  9.76292E+01 -2.61697E-02  9.76292E+01 -2.61697E-02
    5.5598E+00  9.76292E+01 -2.61697E-02  9.76292E+01 -2.61697E-02  9.76292E+01 -2.61697E-02
    5.6189E+00  9.76292E+01 -2.61697E-02  9.76292E+01 -2.61697E-02  9.76292E+01 -2.61697E-02
    5.6781E+00  1.04902E+02 -2.86578E-02  1.04902E+02 -2.86578E-02  1.04902E+02 -2.86578E-02
    5.7372E+00  1.04902E+02 -2.86578E-02  1.04902E+02 -2.86578E-02  1.04902E+02 -2.86578E-02
    5.7964E+00  1.19805E+02 -3.37870E-02  1.19805E+02 -3.37870E-02  1.19805E+02 -3.37870E-02
    5.8555E+00  1.42197E+02 -4.07155E-02  1.42197E+02 -4.07155E-02  1.42197E+02 -4.07155E-02
    5.9146E+00  1.42197E+02 -4.07155E-02  1.42197E+02 -4.07155E-02  1.42197E+02 -4.07155E-02
    5.9738E+00  1.52544E+02 -4.46531E-02  1.52544E+02 -4.46531E-02  1.52544E+02 -4.46531E-02
    6.0329E+00  2.20297E+02 -5.86077E-02  2.20297E+02 -5.86077E-02  2.20297E+02 -5.86077E-02
    6.0921E+00  2.20297E+02 -5.86077E-02  2.20297E+02 -5.86077E-02  2.20297E+02 -5.86077E-02
    6.1512E+00  2.20297E+02 -5.86077E-02  2.20297E+02 -5.86077E-02  2.20297E+02 -5.86077E-02
    6.2104E+00  2.46173E+02 -6.80450E-02  2.46173E+02 -6.80450E-02  2.46173E+02 -6.80450E-02
    6.2695E+00  2.46173E+02 -6.80450E-02  2.46173E+02 -6.80450E-02  2.46173E+02 -6.80450E-02
    6.3287E+00  2.49619E+02 -6.94970E-02  2.49619E+02 -6.94970E-02  2.49619E+02 -6.94970E-02
    6.3878E+00  2.49619E+02 -6.94970E-02  2.49619E+02 -6.94970E-02  2.49619E+02 -6.94970E-02
    6.4470E+00  2.56344E+02 -7.23565E-02  2.56344E+02 -7.23565E-02  2.56344E+02 -7.23565E-02
    6.5061E+00  2.56344E+02 -7.23565E-02  2.56344E+02 -7.23565E-02  2.56344E+02 -7.23565E-02
    6.5653E+00  2.66033E+02 -7.62274E-02  2.66033E+02 -7.62274E-02  2.66033E+02 -7.62274E-02
    6.6244E+00  2.66033E+02 -7.62274E-02  2.66033E+02 -7.62274E-02  2.66033E+02 -7.62274E-02
    6.6836E+00  3.45804E+02 -9.49917E-02  3.45804E+02 -9.49917E-02  3.45804E+02 -9.49917E-02
    6.7427E+00  4.78407E+02 -1.30267E-01  4.78407E+02 -1.30267E-01  4.78407E+02 -1.30267E-01
    6.8018E+00  4.82655E+02 -1.32256E-01  4.82655E+02 -1.32256E-01  4.82655E+02 -1.32256E-01
    6.8610E+00  4.99279E+02 -1.38262E-01  4.99279E+02 -1.38262E-01  4.99279E+02 -1.38262E-01
    6.9201E+00  4.99279E+02 -1.38262E-01  4.99279E+02 -1.38262E-01  4.99279E+02 -1.38262E-01
    6.9793E+00  5.03238E+02 -1.40151E-01  5.03238E+02 -1.40151E-01  5.03238E+02 -1.40151E-01
    7.0384E+00  5.03238E+02 -1.40151E-01  5.03238E+02 -1.40151E-01  5.03238E+02 -1.40151E-01
    7.0976E+00  5.17370E+02 -1.46273E-01  5.17370E+02 -1.46273E-01  5.17370E+02 -1.46273E-01
    7.1567E+00  5.17370E+02 -1.46273E-01  5.17370E+02 -1.46273E-01  5.17370E+02 -1.46273E-01
    7.2159E+00  5.17370E+02 -1.46273E-01  5.17370E+02 -1.46273E-01  5.17370E+02 -1.46273E-01
    7.2750E+00  5.17370E+02 -1.46273E-01  5.17370E+02 -1.46273E-01  5.17370E+02 -1.46273E-01
    7.3342E+00  5.17370E+02 -1.46273E-01  5.17370E+02 -1.46273E-01  5.17370E+02 -1.46273E-01
    7.3933E+00  5.20802E+02 -1.47971E-01  5.20802E+02 -1.47971E-01  5.20802E+02 -1.47971E-01
    7.4525E+00  5.20802E+02 -1.47971E-01  5.20802E+02 -1.47971E-01  5.20802E+02 -1.47971E-01
    7.5116E+00  5.22084E+02 -1.48634E-01  5.22084E+02 -1.48634E-01  5.22084E+02 -1.48634E-01
    7.5707E+00  5.22084E+02 -1.48634E-01  5.22084E+02 -1.48634E-01  5.22084E+02 -1.48634E-01
    7.6299E+00  5.41448E+02 -1.56298E-01  5.41448E+02 -1.56298E-01  5.41448E+02 -1.56298E-01
    7.6890E+00  5.45726E+02 -1.58371E-01  5.45726E+02 -1.58371E-01  5.45726E+02 -1.58371E-01
    7.7482E+00  5.45726E+02 -1.58371E-01  5.45726E+02 -1.58371E-01  5.45726E+02 -1.58371E-01
    7.8073E+00  5.53170E+02 -1.61685E-01  5.53170E+02 -1.61685E-01  5.53170E+02 -1.61685E-01
    7.8665E+00  5.53170E+02 -1.61685E-01  5.53170E+02 -1.61685E-01  5.53170E+02 -1.61685E-01
    7.9256E+00  5.53170E+02 -1.61685E-01  5.53170E+02 -1.61685E-01  5.53170E+02 -1.61685E-01
    7.9848E+00  5.89980E+02 -1.73368E-01  5.89980E+02 -1.73368E-01  5.89980E+02 -1.73368E-01
    8.0439E+00  5.92190E+02 -1.74554E-01  5.92190E+02 -1.74554E-01  5.92190E+02 -1.74554E-01
    8.1031E+00  5.94943E+02 -1.75991E-01  5.94943E+02 -1.75991E-01  5.94943E+02 -1.75991E-01
    8.1622E+00  5.94943E+02 -1.75991E-01  5.94943E+02 -1.75991E-01  5.94943E+02 -1.75991E-01
    8.2214E+00  5.94943E+02 -1.75991E-01  5.94943E+02 -1.75991E-01  5.94943E+02 -1.75991E-01
    8.2805E+00  5.94943E+02 -1.75991E-01  5.94943E+02 -1.75991E-01  5.94943E+02 -1.75991E-01
    8.3397E+00  5.94943E+02 -1.75991E-01  5.94943E+02 -1.75991E-01  5.94943E+02 -1.75991E-01
    8.3988E+00  5.94943E+02 -1.75991E-01  5.94943E+02 -1.75991E-01  5.94943E+02 -1.75991E-01
    8.4579E+00  5.94943E+02 -1.75991E-01  5.94943E+02 -1.75991E-01  5.94943E+02 -1.75991E-01
    8.5171E+00  6.11103E+02 -1.82433E-01  6.11103E+02 -1.82433E-01  6.11103E+02 -1.82433E-01
    8.5762E+00  6.11103E+02 -1.82433E-01  6.11103E+02 -1.82433E-01  6.11103E+02 -1.82433E-01
    8.6354E+00  6.11103E+02 -1.82433E-01  6.11103E+02 -1.82433E-01  6.11103E+02 -1.82433E-01
    8.6945E+00  6.83530E+02 -2.00958E-01  6.83530E+02 -2.00958E-01  6.83530E+02 -2.00958E-01
    8.7537E+00  8.21951E+02 -2.35189E-01  8.21951E+02 -2.35189E-01  8.21951E+02 -2.35189E-01
    8.8128E+00  8.21951E+02 -2.35189E-01  8.21951E+02 -2.35189E-01  8.21951E+02 -2.35189E-01
    8.8720E+00  8.21951E+02 -2.35189E-01  8.21951E+02 -2.35189E-01  8.21951E+02 -2.35189E-01
    8.9311E+00  8.21951E+02 -2.35189E-01  8.21951E+02 -2.35189E-01  8.21951E+02 -2.35189E-01
    8.9903E+00  8.21951E+02 -2.35189E-01  8.21951E+02 -2.35189E-01  8.21951E+02 -2.35189E-01
    9.0494E+00  8.21951E+02 -2.35189E-01  8.21951E+02 -2.35189E-01  8.21951E+02 -2.35189E-01
    9.1086E+00  8.21951E+02 -2.35189E-01  8.21951E+02 -2.35189E-01  8.21951E+02 -2.35189E-01
    9.1677E+00  8.21951E+02 -2.35189E-01  8.21951E+02 -2.35189E-01  8.21951E+02 -2.35189E-01
    9.2268E+00  8.21951E+02 -2.35189E-01  8.21951E+02 -2.35189E-01  8.21951E+02 -2.35189E-01
    9.2860E+00  8.21951E+02 -2.35189E-01  8.21951E+02 -2.35189E-01  8.21951E+02 -2.35189E-01
    9.3451E+00  8.85058E+02 -2.57250E-01  8.85058E+02 -2.57250E-01  8.85058E+02 -2.57250E-01
    9.4043E+00  9.19578E+02 -2.71475E-01  9.19578E+02 -2.71475E-01  9.19578E+02 -2.71475E-01
    9.4634E+00  9.98079E+02 -3.02348E-01  9.98079E+02 -3.02348E-01  9.98079E+02 -3.02348E-01
    9.5226E+00  1.04868E+03 -3.24391E-01  1.04868E+03 -3.24391E-01  1.04868E+03 -3.24391E-01
    9.5817E+00  1.11914E+03 -3.51612E-01  1.11914E+03 -3.51612E-01  1.11914E+03 -3.51612E-01
    9.6409E+00  1.16418E+03 -3.66843E-01  1.16418E+03 -3.66843E-01  1.16418E+03 -3.66843E-01
    9.7000E+00  1.16418E+03 -3.66843E-01  1.16418E+03 -3.66843E-01  1.16418E+03 -3.66843E-01
    9.7592E+00  1.35102E+03 -4.37327E-01  1.35102E+03 -4.37327E-01  1.35102E+03 -4.37327E-01
    9.8183E+00  1.35712E+03 -4.40352E-01  1.35712E+03 -4.40352E-01  1.35712E+03 -4.40352E-01
    9.8775E+00  1.35712E+03 -4.40352E-01  1.35712E+03 -4.40352E-01  1.35712E+03 -4.40352E-01
    9.9366E+00  1.36877E+03 -4.46178E-01  1.36877E+03 -4.46178E-01  1.36877E+03 -4.46178E-01
    9.9958E+00  1.36877E+03 -4.46178E-01  1.36877E+03 -4.46178E-01  1.36877E+03 -4.46178E-01
    1.0055E+01  1.51070E+03 -4.90799E-01  1.51070E+03 -4.90799E-01  1.51070E+03 -4.90799E-01
    1.0114E+01  1.82850E+03 -5.86005E-01  1.82850E+03 -5.86005E-01  1.82850E+03 -5.86005E-01
    1.0173E+01  1.82850E+03 -5.86005E-01  1.82850E+03 -5.86005E-01  1.82850E+03 -5.86005E-01
    1.0232E+01  1.85124E+03 -5.97485E-01  1.85124E+03 -5.97485E-01  1.85124E+03 -5.97485E-01
    1.0291E+01  1.85124E+03 -5.97485E-01  1.85124E+03 -5.97485E-01  1.85124E+03 -5.97485E-01
    1.0351E+01  1.85124E+03 -5.97485E-01  1.85124E+03 -5.97485E-01  1.85124E+03 -5.97485E-01
    1.0410E+01  1.94794E+03 -6.24805E-01  1.94794E+03 -6.24805E-01  1.94794E+03 -6.24805E-01
    1.0469E+01  1.94794E+03 -6.24805E-01  1.94794E+03 -6.24805E-01  1.94794E+03 -6.24805E-01
    1.0528E+01  2.10443E+03 -6.72366E-01  2.10443E+03 -6.72366E-01  2.10443E+03 -6.72366E-01
    1.0587E+01  2.14513E+03 -6.89293E-01  2.14513E+03 -6.89293E-01  2.14513E+03 -6.89293E-01
    1.0646E+01  2.24544E+03 -7.23739E-01  2.24544E+03 -7.23739E-01  2.24544E+03 -7.23739E-01
    1.0706E+01  2.31224E+03 -7.48736E-01  2.31224E+03 -7.48736E-01  2.31224E+03 -7.48736E-01
    1.0765E+01  2.31224E+03 -7.48736E-01  2.31224E+03 -7.48736E-01  2.31224E+03 -7.48736E-01
    1.0824E+01  2.32033E+03 -7.53071E-01  2.32033E+03 -7.53071E-01  2.32033E+03 -7.53071E-01
    1.0883E+01  2.33941E+03 -7.62415E-01  2.33941E+03 -7.62415E-01  2.33941E+03 -7.62415E-01
    1.0942E+01  2.34468E+03 -7.64624E-01  2.34468E+03 -7.64624E-01  2.34468E+03 -7.64624E-01
    1.1001E+01  2.57259E+03 -8.27628E-01  2.57259E+03 -8.27628E-01  2.57259E+03 -8.27628E-01
    1.1060E+01  2.58169E+03 -8.32453E-01  2.58169E+03 -8.32453E-01  2.58169E+03 -8.32453E-01
    1.1120E+01  2.70895E+03 -8.65685E-01  2.70895E+03 -8.65685E-01  2.70895E+03 -8.65685E-01
    1.1179E+01  3.16542E+03 -9.80788E-01  3.16542E+03 -9.80788E-01  3.16542E+03 -9.80788E-01
    1.1238E+01  3.19883E+03 -9.95476E-01  3.19883E+03 -9.95476E-01  3.19883E+03 -9.95476E-01
    1.1297E+01  3.30301E+03 -1.03192E+00  3.30301E+03 -1.03192E+00  3.30301E+03 -1.03192E+00
    1.1356E+01  3.30301E+03 -1.03192E+00  3.30301E+03 -1.03192E+00  3.30301E+03 -1.03192E+00
    1.1415E+01  3.30301E+03 -1.03192E+00  3.30301E+03 -1.03192E+00  3.30301E+03 -1.03192E+00
    1.1474E+01  3.30301E+03 -1.03192E+00  3.30301E+03 -1.03192E+00  3.30301E+03 -1.03192E+00
    1.1534E+01  3.49987E+03 -1.09053E+00  3.49987E+03 -1.09053E+00  3.49987E+03 -1.09053E+00
    1.1593E+01  3.49987E+03 -1.09053E+00  3.49987E+03 -1.09053E+00  3.49987E+03 -1.09053E+00
    1.1652E+01  3.51985E+03 -1.09686E+00  3.51985E+03 -1.09686E+00  3.51985E+03 -1.09686E+00
    1.1711E+01  3.51985E+03 -1.09686E+00  3.51985E+03 -1.09686E+00  3.51985E+03 -1.09686E+00
    1.1770E+01  3.51985E+03 -1.09686E+00  3.51985E+03 -1.09686E+00  3.51985E+03 -1.09686E+00
    1.1829E+01  3.51985E+03 -1.09686E+00  3.51985E+03 -1.09686E+00  3.51985E+03 -1.09686E+00
    1.1888E+01  3.53091E+03 -1.10267E+00  3.53091E+03 -1.10267E+00  3.53091E+03 -1.10267E+00
    1.1948E+01  3.53091E+03 -1.10267E+00  3.53091E+03 -1.10267E+00  3.53091E+03 -1.10267E+00
    1.2007E+01  3.53091E+03 -1.10267E+00  3.53091E+03 -1.10267E+00  3.53091E+03 -1.10267E+00
    1.2066E+01  3.58425E+03 -1.12171E+00  3.58425E+03 -1.12171E+00  3.58425E+03 -1.12171E+00
    1.2125E+01  3.75830E+03 -1.18800E+00  3.75830E+03 -1.18800E+00  3.75830E+03 -1.18800E+00
    1.2184E+01  3.75963E+03 -1.18871E+00  3.75963E+03 -1.18871E+00  3.75963E+03 -1.18871E+00
    1.2243E+01  3.77019E+03 -1.19385E+00  3.77019E+03 -1.19385E+00  3.77019E+03 -1.19385E+00
    1.2302E+01  3.78033E+03 -1.19784E+00  3.78033E+03 -1.19784E+00  3.78033E+03 -1.19784E+00
    1.2362E+01  4.08921E+03 -1.25624E+00  4.08921E+03 -1.25624E+00  4.08921E+03 -1.25624E+00
    1.2421E+01  4.08921E+03 -1.25624E+00  4.08921E+03 -1.25624E+00  4.08921E+03 -1.25624E+00
    1.2480E+01  4.13424E+03 -1.27091E+00  4.13424E+03 -1.27091E+00  4.13424E+03 -1.27091E+00
    1.2539E+01  4.18250E+03 -1.28641E+00  4.18250E+03 -1.28641E+00  4.18250E+03 -1.28641E+00
    1.2598E+01  4.19228E+03 -1.29124E+00  4.19228E+03 -1.29124E+00  4.19228E+03 -1.29124E+00
    1.2657E+01  4.54109E+03 -1.38222E+00  4.54109E+03 -1.38222E+00  4.54109E+03 -1.38222E+00
    1.2716E+01  4.54109E+03 -1.38222E+00  4.54109E+03 -1.38222E+00  4.54109E+03 -1.38222E+00
    1.2776E+01  4.54109E+03 -1.38222E+00  4.54109E+03 -1.38222E+00  4.54109E+03 -1.38222E+00
    1.2835E+01  4.55744E+03 -1.38988E+00  4.55744E+03 -1.38988E+00  4.55744E+03 -1.38988E+00
    1.2894E+01  4.55744E+03 -1.38988E+00  4.55744E+03 -1.38988E+00  4.55744E+03 -1.38988E+00
    1.2953E+01  4.83928E+03 -1.47532E+00  4.83928E+03 -1.47532E+00  4.83928E+03 -1.47532E+00
    1.3012E+01  4.96946E+03 -1.52563E+00  4.96946E+03 -1.52563E+00  4.96946E+03 -1.52563E+00
    1.3071E+01  5.04111E+03 -1.55116E+00  5.04111E+03 -1.55116E+00  5.04111E+03 -1.55116E+00
    1.3131E+01  5.04111E+03 -1.55116E+00  5.04111E+03 -1.55116E+00  5.04111E+03 -1.55116E+00
    1.3190E+01  5.04111E+03 -1.55116E+00  5.04111E+03 -1.55116E+00  5.04111E+03 -1.55116E+00
    1.3249E+01  5.04111E+03 -1.55116E+00  5.04111E+03 -1.55116E+00  5.04111E+03 -1.55116E+00
    1.3308E+01  5.04111E+03 -1.55116E+00  5.04111E+03 -1.55116E+00  5.04111E+03 -1.55116E+00
    1.3367E+01  5.04111E+03 -1.55116E+00  5.04111E+03 -1.55116E+00  5.04111E+03 -1.55116E+00
    1.3426E+01  5.04347E+03 -1.55237E+00  5.04347E+03 -1.55237E+00  5.04347E+03 -1.55237E+00
    1.3485E+01  5.11480E+03 -1.58187E+00  5.11480E+03 -1.58187E+00  5.11480E+03 -1.58187E+00
    1.3545E+01  5.37139E+03 -1.64610E+00  5.37139E+03 -1.64610E+00  5.37139E+03 -1.64610E+00
    1.3604E+01  5.37139E+03 -1.64610E+00  5.37139E+03 -1.64610E+00  5.37139E+03 -1.64610E+00
    1.3663E+01  5.37139E+03 -1.64610E+00  5.37139E+03 -1.64610E+00  5.37139E+03 -1.64610E+00
    1.3722E+01  5.37139E+03 -1.64610E+00  5.37139E+03 -1.64610E+00  5.37139E+03 -1.64610E+00
    1.3781E+01  5.37139E+03 -1.64610E+00  5.37139E+03 -1.64610E+00  5.37139E+03 -1.64610E+00
    1.3840E+01  5.92243E+03 -1.77471E+00  5.92243E+03 -1.77471E+00  5.92243E+03 -1.77471E+00
    1.3899E+01  6.17565E+03 -1.85084E+00  6.17565E+03 -1.85084E+00  6.17565E+03 -1.85084E+00
    1.3959E+01  6.17565E+03 -1.85084E+00  6.17565E+03 -1.85084E+00  6.17565E+03 -1.85084E+00
    1.4018E+01  6.17565E+03 -1.85084E+00  6.17565E+03 -1.85084E+00  6.17565E+03 -1.85084E+00
    1.4077E+01  6.31437E+03 -1.90059E+00  6.31437E+03 -1.90059E+00  6.31437E+03 -1.90059E+00
    1.4136E+01  6.66492E+03 -1.97195E+00  6.66492E+03 -1.97195E+00  6.66492E+03 -1.97195E+00
    1.4195E+01  6.80923E+03 -2.02125E+00  6.80923E+03 -2.02125E+00  6.80923E+03 -2.02125E+00
    1.4254E+01  6.80923E+03 -2.02125E+00  6.80923E+03 -2.02125E+00  6.80923E+03 -2.02125E+00
    1.4313E+01  6.87671E+03 -2.05027E+00  6.87671E+03 -2.05027E+00  6.87671E+03 -2.05027E+00
    1.4373E+01  6.89576E+03 -2.05916E+00  6.89576E+03 -2.05916E+00  6.89576E+03 -2.05916E+00
    1.4432E+01  6.89576E+03 -2.05916E+00  6.89576E+03 -2.05916E+00  6.89576E+03 -2.05916E+00
    1.4491E+01  6.89576E+03 -2.05916E+00  6.89576E+03 -2.05916E+00  6.89576E+03 -2.05916E+00
    1.4550E+01  7.23409E+03 -2.15635E+00  7.23409E+03 -2.15635E+00  7.23409E+03 -2.15635E+00
    1.4609E+01  7.23409E+03 -2.15635E+00  7.23409E+03 -2.15635E+00  7.23409E+03 -2.15635E+00
    1.4668E+01  7.30125E+03 -2.18734E+00  7.30125E+03 -2.18734E+00  7.30125E+03 -2.18734E+00
    1.4727E+01  7.30125E+03 -2.18734E+00  7.30125E+03 -2.18734E+00  7.30125E+03 -2.18734E+00
    1.4787E+01  7.41407E+03 -2.23723E+00  7.41407E+03 -2.23723E+00  7.41407E+03 -2.23723E+00
    1.4846E+01  7.48567E+03 -2.26784E+00  7.48567E+03 -2.26784E+00  7.48567E+03 -2.26784E+00
    1.4905E+01  7.60512E+03 -2.31411E+00  7.60512E+03 -2.31411E+00  7.60512E+03 -2.31411E+00
    1.4964E+01  7.71540E+03 -2.36401E+00  7.71540E+03 -2.36401E+00  7.71540E+03 -2.36401E+00
    1.5023E+01  8.61186E+03 -2.58284E+00  8.61186E+03 -2.58284E+00  8.61186E+03 -2.58284E+00
    1.5082E+01  8.73132E+03 -2.63118E+00  8.73132E+03 -2.63118E+00  8.73132E+03 -2.63118E+00
    1.5141E+01  8.84251E+03 -2.67650E+00  8.84251E+03 -2.67650E+00  8.84251E+03 -2.67650E+00
    1.5201E+01  8.84251E+03 -2.67650E+00  8.84251E+03 -2.67650E+00  8.84251E+03 -2.67650E+00
    1.5260E+01  9.07195E+03 -2.77351E+00  9.07195E+03 -2.77351E+00  9.07195E+03 -2.77351E+00
    1.5319E+01  9.72522E+03 -2.94279E+00  9.72522E+03 -2.94279E+00  9.72522E+03 -2.94279E+00
    1.5378E+01  9.85101E+03 -2.99168E+00  9.85101E+03 -2.99168E+00  9.85101E+03 -2.99168E+00
    1.5437E+01  1.01704E+04 -3.07922E+00  1.01704E+04 -3.07922E+00  1.01704E+04 -3.07922E+00
    1.5496E+01  1.09112E+04 -3.23467E+00  1.09112E+04 -3.23467E+00  1.09112E+04 -3.23467E+00
    1.5556E+01  1.09112E+04 -3.23467E+00  1.09112E+04 -3.23467E+00  1.09112E+04 -3.23467E+00
    1.5615E+01  1.09776E+04 -3.26380E+00  1.09776E+04 -3.26380E+00  1.09776E+04 -3.26380E+00
    1.5674E+01  1.09932E+04 -3.27218E+00  1.09932E+04 -3.27218E+00  1.09932E+04 -3.27218E+00
    1.5733E+01  1.14998E+04 -3.42442E+00  1.14998E+04 -3.42442E+00  1.14998E+04 -3.42442E+00
    1.5792E+01  1.16709E+04 -3.44837E+00  1.16709E+04 -3.44837E+00  1.16709E+04 -3.44837E+00
    1.5851E+01  1.16709E+04 -3.44837E+00  1.16709E+04 -3.44837E+00  1.16709E+04 -3.44837E+00
    1.5910E+01  1.16709E+04 -3.44837E+00  1.16709E+04 -3.44837E+00  1.16709E+04 -3.44837E+00
    1.5970E+01  1.19763E+04 -3.56890E+00  1.19763E+04 -3.56890E+00  1.19763E+04 -3.56890E+00
    1.6029E+01  1.21764E+04 -3.64036E+00  1.21764E+04 -3.64036E+00  1.21764E+04 -3.64036E+00
    1.6088E+01  1.22911E+04 -3.69648E+00  1.22911E+04 -3.69648E+00  1.22911E+04 -3.69648E+00
    1.6147E+01  1.32407E+04 -3.90051E+00  1.32407E+04 -3.90051E+00  1.32407E+04 -3.90051E+00
    1.6206E+01  1.36592E+04 -4.02048E+00  1.36592E+04 -4.02048E+00  1.36592E+04 -4.02048E+00
    1.6265E+01  1.36592E+04 -4.02048E+00  1.36592E+04 -4.02048E+00  1.36592E+04 -4.02048E+00
    1.6324E+01  1.37499E+04 -4.04896E+00  1.37499E+04 -4.04896E+00  1.37499E+04 -4.04896E+00
    1.6384E+01  1.37499E+04 -4.04896E+00  1.37499E+04 -4.04896E+00  1.37499E+04 -4.04896E+00
    1.6443E+01  1.37499E+04 -4.04896E+00  1.37499E+04 -4.04896E+00  1.37499E+04 -4.04896E+00
    1.6502E+01  1.37499E+04 -4.04896E+00  1.37499E+04 -4.04896E+00  1.37499E+04 -4.04896E+00
    1.6561E+01  1.38023E+04 -4.07344E+00  1.38023E+04 -4.07344E+00  1.38023E+04 -4.07344E+00
    1.6620E+01  1.38023E+04 -4.07344E+00  1.38023E+04 -4.07344E+00  1.38023E+04 -4.07344E+00
    1.6679E+01  1.43840E+04 -4.28913E+00  1.43840E+04 -4.28913E+00  1.43840E+04 -4.28913E+00
    1.6738E+01  1.43840E+04 -4.28913E+00  1.43840E+04 -4.28913E+00  1.43840E+04 -4.28913E+00
    1.6798E+01  1.43840E+04 -4.28913E+00  1.43840E+04 -4.28913E+00  1.43840E+04 -4.28913E+00
    1.6857E+01  1.43840E+04 -4.28913E+00  1.43840E+04 -4.28913E+00  1.43840E+04 -4.28913E+00
    1.6916E+01  1.49222E+04 -4.39287E+00  1.49222E+04 -4.39287E+00  1.49222E+04 -4.39287E+00
    1.6975E+01  1.52637E+04 -4.47620E+00  1.52637E+04 -4.47620E+00  1.52637E+04 -4.47620E+00
    1.7034E+01  1.56224E+04 -4.59605E+00  1.56224E+04 -4.59605E+00  1.56224E+04 -4.59605E+00
    1.7093E+01  1.56224E+04 -4.59605E+00  1.56224E+04 -4.59605E+00  1.56224E+04 -4.59605E+00
    1.7152E+01  1.56224E+04 -4.59605E+00  1.56224E+04 -4.59605E+00  1.56224E+04 -4.59605E+00
    1.7212E+01  1.59184E+04 -4.69512E+00  1.59184E+04 -4.69512E+00  1.59184E+04 -4.69512E+00
    1.7271E+01  1.62317E+04 -4.79660E+00  1.62317E+04 -4.79660E+00  1.62317E+04 -4.79660E+00
    1.7330E+01  1.62317E+04 -4.79660E+00  1.62317E+04 -4.79660E+00  1.62317E+04 -4.79660E+00
    1.7389E+01  1.65417E+04 -4.82673E+00  1.65417E+04 -4.82673E+00  1.65417E+04 -4.82673E+00
    1.7448E+01  1.65417E+04 -4.82673E+00  1.65417E+04 -4.82673E+00  1.65417E+04 -4.82673E+00
    1.7507E+01  1.67479E+04 -4.90225E+00  1.67479E+04 -4.90225E+00  1.67479E+04 -4.90225E+00
    1.7567E+01  1.67635E+04 -4.91019E+00  1.67635E+04 -4.91019E+00  1.67635E+04 -4.91019E+00
    1.7626E+01  1.68744E+04 -4.95857E+00  1.68744E+04 -4.95857E+00  1.68744E+04 -4.95857E+00
    1.7685E+01  1.73543E+04 -5.09800E+00  1.73543E+04 -5.09800E+00  1.73543E+04 -5.09800E+00
    1.7744E+01  1.76498E+04 -5.17764E+00  1.76498E+04 -5.17764E+00  1.76498E+04 -5.17764E+00
    1.7803E+01  1.76498E+04 -5.17764E+00  1.76498E+04 -5.17764E+00  1.76498E+04 -5.17764E+00
    1.7862E+01  1.76498E+04 -5.17764E+00  1.76498E+04 -5.17764E+00  1.76498E+04 -5.17764E+00
    1.7921E+01  1.76498E+04 -5.17764E+00  1.76498E+04 -5.17764E+00  1.76498E+04 -5.17764E+00
    1.7981E+01  1.76498E+04 -5.17764E+00  1.76498E+04 -5.17764E+00  1.76498E+04 -5.17764E+00
    1.8040E+01  1.76498E+04 -5.17764E+00  1.76498E+04 -5.17764E+00  1.76498E+04 -5.17764E+00
    1.8099E+01  1.76498E+04 -5.17764E+00  1.76498E+04 -5.17764E+00  1.76498E+04 -5.17764E+00
    1.8158E+01  1.77269E+04 -5.20858E+00  1.77269E+04 -5.20858E+00  1.77269E+04 -5.20858E+00
    1.8217E+01  1.81273E+04 -5.33226E+00  1.81273E+04 -5.33226E+00  1.81273E+04 -5.33226E+00
    1.8276E+01  1.81563E+04 -5.34579E+00  1.81563E+04 -5.34579E+00  1.81563E+04 -5.34579E+00
    1.8335E+01  1.85405E+04 -5.49273E+00  1.85405E+04 -5.49273E+00  1.85405E+04 -5.49273E+00
    1.8395E+01  1.85405E+04 -5.49273E+00  1.85405E+04 -5.49273E+00  1.85405E+04 -5.49273E+00
    1.8454E+01  1.95806E+04 -5.72254E+00  1.95806E+04 -5.72254E+00  1.95806E+04 -5.72254E+00
    1.8513E+01  2.04966E+04 -5.86372E+00  2.04966E+04 -5.86372E+00  2.04966E+04 -5.86372E+00
    1.8572E+01  2.24863E+04 -6.24969E+00  2.24863E+04 -6.24969E+00  2.24863E+04 -6.24969E+00
    1.8631E+01  2.24863E+04 -6.24969E+00  2.24863E+04 -6.24969E+00  2.24863E+04 -6.24969E+00
    1.8690E+01  2.24863E+04 -6.24969E+00  2.24863E+04 -6.24969E+00  2.24863E+04 -6.24969E+00
    1.8749E+01  2.24863E+04 -6.24969E+00  2.24863E+04 -6.24969E+00  2.24863E+04 -6.24969E+00
    1.8809E+01  2.24863E+04 -6.24969E+00  2.24863E+04 -6.24969E+00  2.24863E+04 -6.24969E+00
    1.8868E+01  2.30300E+04 -6.41088E+00  2.30300E+04 -6.41088E+00  2.30300E+04 -6.41088E+00
    1.8927E+01  2.30704E+04 -6.43111E+00  2.30704E+04 -6.43111E+00  2.30704E+04 -6.43111E+00
    1.8986E+01  2.35599E+04 -6.58849E+00  2.35599E+04 -6.58849E+00  2.35599E+04 -6.58849E+00
    1.9045E+01  2.50318E+04 -6.90577E+00  2.50318E+04 -6.90577E+00  2.50318E+04 -6.90577E+00
    1.9104E+01  2.50727E+04 -6.92651E+00  2.50727E+04 -6.92651E+00  2.50727E+04 -6.92651E+00
    1.9163E+01  2.54077E+04 -7.05701E+00  2.54077E+04 -7.05701E+00  2.54077E+04 -7.05701E+00
    1.9223E+01  2.54403E+04 -7.07254E+00  2.54403E+04 -7.07254E+00  2.54403E+04 -7.07254E+00
    1.9282E+01  2.54403E+04 -7.07254E+00  2.54403E+04 -7.07254E+00  2.54403E+04 -7.07254E+00
    1.9341E+01  2.54767E+04 -7.08966E+00  2.54767E+04 -7.08966E+00  2.54767E+04 -7.08966E+00
    1.9400E+01  2.57867E+04 -7.17703E+00  2.57867E+04 -7.17703E+00  2.57867E+04 -7.17703E+00
    1.9459E+01  2.57867E+04 -7.17703E+00  2.57867E+04 -7.17703E+00  2.57867E+04 -7.17703E+00
    1.9518E+01  2.57867E+04 -7.17703E+00  2.57867E+04 -7.17703E+00  2.57867E+04 -7.17703E+00
    1.9577E+01  2.57867E+04 -7.17703E+00  2.57867E+04 -7.17703E+00  2.57867E+04 -7.17703E+00
    1.9637E+01  2.57867E+04 -7.17703E+00  2.57867E+04 -7.17703E+00  2.57867E+04 -7.17703E+00
    1.9696E+01  2.57867E+04 -7.17703E+00  2.57867E+04 -7.17703E+00  2.57867E+04 -7.17703E+00
    1.9755E+01  2.58770E+04 -7.21791E+00  2.58770E+04 -7.21791E+00  2.58770E+04 -7.21791E+00
    1.9814E+01  2.59492E+04 -7.25363E+00  2.59492E+04 -7.25363E+00  2.59492E+04 -7.25363E+00
    1.9873E+01  2.69918E+04 -7.41975E+00  2.69918E+04 -7.41975E+00  2.69918E+04 -7.41975E+00
    1.9932E+01  2.71932E+04 -7.49889E+00  2.71932E+04 -7.49889E+00  2.71932E+04 -7.49889E+00
    1.9992E+01  2.71932E+04 -7.49889E+00  2.71932E+04 -7.49889E+00  2.71932E+04 -7.49889E+00
    2.0051E+01  2.71932E+04 -7.49889E+00  2.71932E+04 -7.49889E+00  2.71932E+04 -7.49889E+00
    2.0110E+01  2.74343E+04 -7.58928E+00  2.74343E+04 -7.58928E+00  2.74343E+04 -7.58928E+00
    2.0169E+01  2.74876E+04 -7.61560E+00  2.74876E+04 -7.61560E+00  2.74876E+04 -7.61560E+00
    2.0228E+01  2.76279E+04 -7.67403E+00  2.76279E+04 -7.67403E+00  2.76279E+04 -7.67403E+00
    2.0287E+01  2.81548E+04 -7.84641E+00  2.81548E+04 -7.84641E+00  2.81548E+04 -7.84641E+00
    2.0346E+01  2.83377E+04 -7.92713E+00  2.83377E+04 -7.92713E+00  2.83377E+04 -7.92713E+00
    2.0406E+01  2.83584E+04 -7.93758E+00  2.83584E+04 -7.93758E+00  2.83584E+04 -7.93758E+00
    2.0465E+01  2.87769E+04 -8.08698E+00  2.87769E+04 -8.08698E+00  2.87769E+04 -8.08698E+00
    2.0524E+01  2.87769E+04 -8.08698E+00  2.87769E+04 -8.08698E+00  2.87769E+04 -8.08698E+00
    2.0583E+01  2.88414E+04 -8.11984E+00  2.88414E+04 -8.11984E+00  2.88414E+04 -8.11984E+00
    2.0642E+01  3.01468E+04 -8.49863E+00  3.01468E+04 -8.49863E+00  3.01468E+04 -8.49863E+00
    2.0701E+01  3.06311E+04 -8.65365E+00  3.06311E+04 -8.65365E+00  3.06311E+04 -8.65365E+00
    2.0760E+01  3.06649E+04 -8.67138E+00  3.06649E+04 -8.67138E+00  3.06649E+04 -8.67138E+00
    2.0820E+01  3.07445E+04 -8.70403E+00  3.07445E+04 -8.70403E+00  3.07445E+04 -8.70403E+00
    2.0879E+01  3.07445E+04 -8.70403E+00  3.07445E+04 -8.70403E+00  3.07445E+04 -8.70403E+00
    2.0938E+01  3.24214E+04 -8.98273E+00  3.24214E+04 -8.98273E+00  3.24214E+04 -8.98273E+00
    2.0997E+01  3.24573E+04 -9.00155E+00  3.24573E+04 -9.00155E+00  3.24573E+04 -9.00155E+00
    2.1056E+01  3.25204E+04 -9.03225E+00  3.25204E+04 -9.03225E+00  3.25204E+04 -9.03225E+00
    2.1115E+01  3.32366E+04 -9.23880E+00  3.32366E+04 -9.23880E+00  3.32366E+04 -9.23880E+00
    2.1174E+01  3.34473E+04 -9.32242E+00  3.34473E+04 -9.32242E+00  3.34473E+04 -9.32242E+00
    2.1234E+01  3.38774E+04 -9.46518E+00  3.38774E+04 -9.46518E+00  3.38774E+04 -9.46518E+00
    2.1293E+01  3.45325E+04 -9.61967E+00  3.45325E+04 -9.61967E+00  3.45325E+04 -9.61967E+00
    2.1352E+01  3.45517E+04 -9.62972E+00  3.45517E+04 -9.62972E+00  3.45517E+04 -9.62972E+00
    2.1411E+01  3.45517E+04 -9.62972E+00  3.45517E+04 -9.62972E+00  3.45517E+04 -9.62972E+00
    2.1470E+01  3.56274E+04 -9.80280E+00  3.56274E+04 -9.80280E+00  3.56274E+04 -9.80280E+00
    2.1529E+01  3.58689E+04 -9.88085E+00  3.58689E+04 -9.88085E+00  3.58689E+04 -9.88085E+00
    2.1588E+01  3.58972E+04 -9.89501E+00  3.58972E+04 -9.89501E+00  3.58972E+04 -9.89501E+00
    2.1648E+01  3.60504E+04 -9.96918E+00  3.60504E+04 -9.96918E+00  3.60504E+04 -9.96918E+00
    2.1707E+01  3.60504E+04 -9.96918E+00  3.60504E+04 -9.96918E+00  3.60504E+04 -9.96918E+00
    2.1766E+01  3.60504E+04 -9.96918E+00  3.60504E+04 -9.96918E+00  3.60504E+04 -9.96918E+00
    2.1825E+01  3.88873E+04 -1.05877E+01  3.88873E+04 -1.05877E+01  3.88873E+04 -1.05877E+01
    2.1884E+01  3.95093E+04 -1.08136E+01  3.95093E+04 -1.08136E+01  3.95093E+04 -1.08136E+01
    2.1943E+01  3.98489E+04 -1.09348E+01  3.98489E+04 -1.09348E+01  3.98489E+04 -1.09348E+01
    2.2002E+01  4.00265E+04 -1.09975E+01  4.00265E+04 -1.09975E+01  4.00265E+04 -1.09975E+01
    2.2062E+01  4.00265E+04 -1.09975E+01  4.00265E+04 -1.09975E+01  4.00265E+04 -1.09975E+01
    2.2121E+01  4.03170E+04 -1.11073E+01  4.03170E+04 -1.11073E+01  4.03170E+04 -1.11073E+01
    2.2180E+01  4.03461E+04 -1.11232E+01  4.03461E+04 -1.11232E+01  4.03461E+04 -1.11232E+01
    2.2239E+01  4.06123E+04 -1.12240E+01  4.06123E+04 -1.12240E+01  4.06123E+04 -1.12240E+01
    2.2298E+01  4.11027E+04 -1.13764E+01  4.11027E+04 -1.13764E+01  4.11027E+04 -1.13764E+01
    2.2357E+01  4.13411E+04 -1.14691E+01  4.13411E+04 -1.14691E+01  4.13411E+04 -1.14691E+01
    2.2417E+01  4.26681E+04 -1.18372E+01  4.26681E+04 -1.18372E+01  4.26681E+04 -1.18372E+01
    2.2476E+01  4.26681E+04 -1.18372E+01  4.26681E+04 -1.18372E+01  4.26681E+04 -1.18372E+01
    2.2535E+01  4.28398E+04 -1.19139E+01  4.28398E+04 -1.19139E+01  4.28398E+04 -1.19139E+01
    2.2594E+01  4.29052E+04 -1.19424E+01  4.29052E+04 -1.19424E+01  4.29052E+04 -1.19424E+01
    2.2653E+01  4.29456E+04 -1.19616E+01  4.29456E+04 -1.19616E+01  4.29456E+04 -1.19616E+01
    2.2712E+01  4.29456E+04 -1.19616E+01  4.29456E+04 -1.19616E+01  4.29456E+04 -1.19616E+01
    2.2771E+01  4.67575E+04 -1.26373E+01  4.67575E+04 -1.26373E+01  4.67575E+04 -1.26373E+01
    2.2831E+01  4.69262E+04 -1.27116E+01  4.69262E+04 -1.27116E+01  4.69262E+04 -1.27116E+01
    2.2890E+01  4.69262E+04 -1.27116E+01  4.69262E+04 -1.27116E+01  4.69262E+04 -1.27116E+01
    2.2949E+01  4.69262E+04 -1.27116E+01  4.69262E+04 -1.27116E+01  4.69262E+04 -1.27116E+01
    2.3008E+01  4.69262E+04 -1.27116E+01  4.69262E+04 -1.27116E+01  4.69262E+04 -1.27116E+01
    2.3067E+01  4.69551E+04 -1.27274E+01  4.69551E+04 -1.27274E+01  4.69551E+04 -1.27274E+01
    2.3126E+01  4.83418E+04 -1.31381E+01  4.83418E+04 -1.31381E+01  4.83418E+04 -1.31381E+01
    2.3185E+01  4.88723E+04 -1.33196E+01  4.88723E+04 -1.33196E+01  4.88723E+04 -1.33196E+01
    2.3245E+01  4.91191E+04 -1.34259E+01  4.91191E+04 -1.34259E+01  4.91191E+04 -1.34259E+01
    2.3304E+01  4.92965E+04 -1.34981E+01  4.92965E+04 -1.34981E+01  4.92965E+04 -1.34981E+01
    2.3363E+01  4.92965E+04 -1.34981E+01  4.92965E+04 -1.34981E+01  4.92965E+04 -1.34981E+01
    2.3422E+01  4.92965E+04 -1.34981E+01  4.92965E+04 -1.34981E+01  4.92965E+04 -1.34981E+01
    2.3481E+01  4.93613E+04 -1.35303E+01  4.93613E+04 -1.35303E+01  4.93613E+04 -1.35303E+01
    2.3540E+01  5.04923E+04 -1.37658E+01  5.04923E+04 -1.37658E+01  5.04923E+04 -1.37658E+01
    2.3599E+01  5.05976E+04 -1.38143E+01  5.05976E+04 -1.38143E+01  5.05976E+04 -1.38143E+01
    2.3659E+01  5.08619E+04 -1.39014E+01  5.08619E+04 -1.39014E+01  5.08619E+04 -1.39014E+01
    2.3718E+01  5.08619E+04 -1.39014E+01  5.08619E+04 -1.39014E+01  5.08619E+04 -1.39014E+01
    2.3777E+01  5.08619E+04 -1.39014E+01  5.08619E+04 -1.39014E+01  5.08619E+04 -1.39014E+01
    2.3836E+01  5.08925E+04 -1.39182E+01  5.08925E+04 -1.39182E+01  5.08925E+04 -1.39182E+01
    2.3895E+01  5.08925E+04 -1.39182E+01  5.08925E+04 -1.39182E+01  5.08925E+04 -1.39182E+01
    2.3954E+01  5.08925E+04 -1.39182E+01  5.08925E+04 -1.39182E+01  5.08925E+04 -1.39182E+01
    2.4013E+01  5.17672E+04 -1.41118E+01  5.17672E+04 -1.41118E+01  5.17672E+04 -1.41118E+01
    2.4073E+01  5.21887E+04 -1.42632E+01  5.21887E+04 -1.42632E+01  5.21887E+04 -1.42632E+01
    2.4132E+01  5.21887E+04 -1.42632E+01  5.21887E+04 -1.42632E+01  5.21887E+04 -1.42632E+01
    2.4191E+01  5.23173E+04 -1.43280E+01  5.23173E+04 -1.43280E+01  5.23173E+04 -1.43280E+01
    2.4250E+01  5.26256E+04 -1.44450E+01  5.26256E+04 -1.44450E+01  5.26256E+04 -1.44450E+01
    2.4309E+01  5.26256E+04 -1.44450E+01  5.26256E+04 -1.44450E+01  5.26256E+04 -1.44450E+01
    2.4368E+01  5.28242E+04 -1.45181E+01  5.28242E+04 -1.45181E+01  5.28242E+04 -1.45181E+01
    2.4427E+01  5.36495E+04 -1.47694E+01  5.36495E+04 -1.47694E+01  5.36495E+04 -1.47694E+01
    2.4487E+01  5.37733E+04 -1.48255E+01  5.37733E+04 -1.48255E+01  5.37733E+04 -1.48255E+01
    2.4546E+01  5.79772E+04 -1.52102E+01  5.79772E+04 -1.52102E+01  5.79772E+04 -1.52102E+01
    2.4605E+01  6.00069E+04 -1.54732E+01  6.00069E+04 -1.54732E+01  6.00069E+04 -1.54732E+01
    2.4664E+01  6.29896E+04 -1.59712E+01  6.29896E+04 -1.59712E+01  6.29896E+04 -1.59712E+01
    2.4723E+01  6.29896E+04 -1.59712E+01  6.29896E+04 -1.59712E+01  6.29896E+04 -1.59712E+01
    2.4782E+01  6.36175E+04 -1.61395E+01  6.36175E+04 -1.61395E+01  6.36175E+04 -1.61395E+01
    2.4842E+01  6.37406E+04 -1.62019E+01  6.37406E+04 -1.62019E+01  6.37406E+04 -1.62019E+01
    2.4901E+01  6.65352E+04 -1.68169E+01  6.65352E+04 -1.68169E+01  6.65352E+04 -1.68169E+01
    2.4960E+01  6.80790E+04 -1.72398E+01  6.80790E+04 -1.72398E+01  6.80790E+04 -1.72398E+01
    2.5019E+01  6.80790E+04 -1.72398E+01  6.80790E+04 -1.72398E+01  6.80790E+04 -1.72398E+01
    2.5078E+01  6.80790E+04 -1.72398E+01  6.80790E+04 -1.72398E+01  6.80790E+04 -1.72398E+01
    2.5137E+01  6.80790E+04 -1.72398E+01  6.80790E+04 -1.72398E+01  6.80790E+04 -1.72398E+01
    2.5196E+01  6.83529E+04 -1.73321E+01  6.83529E+04 -1.73321E+01  6.83529E+04 -1.73321E+01
    2.5256E+01  6.87162E+04 -1.74836E+01  6.87162E+04 -1.74836E+01  6.87162E+04 -1.74836E+01
    2.5315E+01  6.87162E+04 -1.74836E+01  6.87162E+04 -1.74836E+01  6.87162E+04 -1.74836E+01
    2.5374E+01  6.90379E+04 -1.76260E+01  6.90379E+04 -1.76260E+01  6.90379E+04 -1.76260E+01
    2.5433E+01  6.96922E+04 -1.78642E+01  6.96922E+04 -1.78642E+01  6.96922E+04 -1.78642E+01
    2.5492E+01  6.96922E+04 -1.78642E+01  6.96922E+04 -1.78642E+01  6.96922E+04 -1.78642E+01
    2.5551E+01  7.10028E+04 -1.82007E+01  7.10028E+04 -1.82007E+01  7.10028E+04 -1.82007E+01
    2.5610E+01  7.47967E+04 -1.87354E+01  7.47967E+04 -1.87354E+01  7.47967E+04 -1.87354E+01
    2.5670E+01  7.47967E+04 -1.87354E+01  7.47967E+04 -1.87354E+01  7.47967E+04 -1.87354E+01
    2.5729E+01  7.47967E+04 -1.87354E+01  7.47967E+04 -1.87354E+01  7.47967E+04 -1.87354E+01
    2.5788E+01  7.51363E+04 -1.88661E+01  7.51363E+04 -1.88661E+01  7.51363E+04 -1.88661E+01
    2.5847E+01  7.51363E+04 -1.88661E+01  7.51363E+04 -1.88661E+01  7.51363E+04 -1.88661E+01
    2.5906E+01  7.53814E+04 -1.89667E+01  7.53814E+04 -1.89667E+01  7.53814E+04 -1.89667E+01
    2.5965E+01  7.55336E+04 -1.90346E+01  7.55336E+04 -1.90346E+01  7.55336E+04 -1.90346E+01
    2.6024E+01  7.75828E+04 -1.92820E+01  7.75828E+04 -1.92820E+01  7.75828E+04 -1.92820E+01
    2.6084E+01  7.84961E+04 -1.95759E+01  7.84961E+04 -1.95759E+01  7.84961E+04 -1.95759E+01
    2.6143E+01  7.84961E+04 -1.95759E+01  7.84961E+04 -1.95759E+01  7.84961E+04 -1.95759E+01
    2.6202E+01  7.84961E+04 -1.95759E+01  7.84961E+04 -1.95759E+01  7.84961E+04 -1.95759E+01
    2.6261E+01  8.13324E+04 -2.01919E+01  8.13324E+04 -2.01919E+01  8.13324E+04 -2.01919E+01
    2.6320E+01  8.23014E+04 -2.04371E+01  8.23014E+04 -2.04371E+01  8.23014E+04 -2.04371E+01
    2.6379E+01  8.38817E+04 -2.07011E+01  8.38817E+04 -2.07011E+01  8.38817E+04 -2.07011E+01
    2.6438E+01  8.45727E+04 -2.09252E+01  8.45727E+04 -2.09252E+01  8.45727E+04 -2.09252E+01
    2.6498E+01  8.51075E+04 -2.11115E+01  8.51075E+04 -2.11115E+01  8.51075E+04 -2.11115E+01
    2.6557E+01  8.67095E+04 -2.15337E+01  8.67095E+04 -2.15337E+01  8.67095E+04 -2.15337E+01
    2.6616E+01  8.68593E+04 -2.16028E+01  8.68593E+04 -2.16028E+01  8.68593E+04 -2.16028E+01
    2.6675E+01  8.91892E+04 -2.21045E+01  8.91892E+04 -2.21045E+01  8.91892E+04 -2.21045E+01
    2.6734E+01  8.91892E+04 -2.21045E+01  8.91892E+04 -2.21045E+01  8.91892E+04 -2.21045E+01
    2.6793E+01  8.91892E+04 -2.21045E+01  8.91892E+04 -2.21045E+01  8.91892E+04 -2.21045E+01
    2.6852E+01  8.91892E+04 -2.21045E+01  8.91892E+04 -2.21045E+01  8.91892E+04 -2.21045E+01
    2.6912E+01  8.91892E+04 -2.21045E+01  8.91892E+04 -2.21045E+01  8.91892E+04 -2.21045E+01
    2.6971E+01  8.96151E+04 -2.22626E+01  8.96151E+04 -2.22626E+01  8.96151E+04 -2.22626E+01
    2.7030E+01  8.98370E+04 -2.23449E+01  8.98370E+04 -2.23449E+01  8.98370E+04 -2.23449E+01
    2.7089E+01  9.40563E+04 -2.29491E+01  9.40563E+04 -2.29491E+01  9.40563E+04 -2.29491E+01
    2.7148E+01  9.40563E+04 -2.29491E+01  9.40563E+04 -2.29491E+01  9.40563E+04 -2.29491E+01
    2.7207E+01  9.65724E+04 -2.31670E+01  9.65724E+04 -2.31670E+01  9.65724E+04 -2.31670E+01
    2.7267E+01  9.66437E+04 -2.32033E+01  9.66437E+04 -2.32033E+01  9.66437E+04 -2.32033E+01
    2.7326E+01  9.66437E+04 -2.32033E+01  9.66437E+04 -2.32033E+01  9.66437E+04 -2.32033E+01
    2.7385E+01  9.71837E+04 -2.33939E+01  9.71837E+04 -2.33939E+01  9.71837E+04 -2.33939E+01
    2.7444E+01  9.71837E+04 -2.33939E+01  9.71837E+04 -2.33939E+01  9.71837E+04 -2.33939E+01
    2.7503E+01  9.71837E+04 -2.33939E+01  9.71837E+04 -2.33939E+01  9.71837E+04 -2.33939E+01
    2.7562E+01  9.71837E+04 -2.33939E+01  9.71837E+04 -2.33939E+01  9.71837E+04 -2.33939E+01
    2.7621E+01  1.01031E+05 -2.42283E+01  1.01031E+05 -2.42283E+01  1.01031E+05 -2.42283E+01
    2.7681E+01  1.01031E+05 -2.42283E+01  1.01031E+05 -2.42283E+01  1.01031E+05 -2.42283E+01
    2.7740E+01  1.02658E+05 -2.46490E+01  1.02658E+05 -2.46490E+01  1.02658E+05 -2.46490E+01
    2.7799E+01  1.02683E+05 -2.46626E+01  1.02683E+05 -2.46626E+01  1.02683E+05 -2.46626E+01
    2.7858E+01  1.03570E+05 -2.49397E+01  1.03570E+05 -2.49397E+01  1.03570E+05 -2.49397E+01
    2.7917E+01  1.04949E+05 -2.51264E+01  1.04949E+05 -2.51264E+01  1.04949E+05 -2.51264E+01
    2.7976E+01  1.04949E+05 -2.51264E+01  1.04949E+05 -2.51264E+01  1.04949E+05 -2.51264E+01
    2.8035E+01  1.04949E+05 -2.51264E+01  1.04949E+05 -2.51264E+01  1.04949E+05 -2.51264E+01
    2.8095E+01  1.07844E+05 -2.53766E+01  1.07844E+05 -2.53766E+01  1.07844E+05 -2.53766E+01
    2.8154E+01  1.07844E+05 -2.53766E+01  1.07844E+05 -2.53766E+01  1.07844E+05 -2.53766E+01
    2.8213E+01  1.07844E+05 -2.53766E+01  1.07844E+05 -2.53766E+01  1.07844E+05 -2.53766E+01
    2.8272E+01  1.07844E+05 -2.53766E+01  1.07844E+05 -2.53766E+01  1.07844E+05 -2.53766E+01
    2.8331E+01  1.07844E+05 -2.53766E+01  1.07844E+05 -2.53766E+01  1.07844E+05 -2.53766E+01
    2.8390E+01  1.08621E+05 -2.55785E+01  1.08621E+05 -2.55785E+01  1.08621E+05 -2.55785E+01
    2.8449E+01  1.10144E+05 -2.59871E+01  1.10144E+05 -2.59871E+01  1.10144E+05 -2.59871E+01
    2.8509E+01  1.16733E+05 -2.73534E+01  1.16733E+05 -2.73534E+01  1.16733E+05 -2.73534E+01
    2.8568E+01  1.17981E+05 -2.76149E+01  1.17981E+05 -2.76149E+01  1.17981E+05 -2.76149E+01
    2.8627E+01  1.17981E+05 -2.76149E+01  1.17981E+05 -2.76149E+01  1.17981E+05 -2.76149E+01
    2.8686E+01  1.17981E+05 -2.76149E+01  1.17981E+05 -2.76149E+01  1.17981E+05 -2.76149E+01
    2.8745E+01  1.19294E+05 -2.79820E+01  1.19294E+05 -2.79820E+01  1.19294E+05 -2.79820E+01
    2.8804E+01  1.19348E+05 -2.80109E+01  1.19348E+05 -2.80109E+01  1.19348E+05 -2.80109E+01
    2.8863E+01  1.19348E+05 -2.80109E+01  1.19348E+05 -2.80109E+01  1.19348E+05 -2.80109E+01
    2.8923E+01  1.19348E+05 -2.80109E+01  1.19348E+05 -2.80109E+01  1.19348E+05 -2.80109E+01
    2.8982E+01  1.19348E+05 -2.80109E+01  1.19348E+05 -2.80109E+01  1.19348E+05 -2.80109E+01
    2.9041E+01  1.19348E+05 -2.80109E+01  1.19348E+05 -2.80109E+01  1.19348E+05 -2.80109E+01
    2.9100E+01  1.21481E+05 -2.83558E+01  1.21481E+05 -2.83558E+01  1.21481E+05 -2.83558E+01
    2.9159E+01  1.21481E+05 -2.83558E+01  1.21481E+05 -2.83558E+01  1.21481E+05 -2.83558E+01
    2.9218E+01  1.23419E+05 -2.86798E+01  1.23419E+05 -2.86798E+01  1.23419E+05 -2.86798E+01
    2.9278E+01  1.23419E+05 -2.86798E+01  1.23419E+05 -2.86798E+01  1.23419E+05 -2.86798E+01
    2.9337E+01  1.24041E+05 -2.88591E+01  1.24041E+05 -2.88591E+01  1.24041E+05 -2.88591E+01
    2.9396E+01  1.24041E+05 -2.88591E+01  1.24041E+05 -2.88591E+01  1.24041E+05 -2.88591E+01
    2.9455E+01  1.27468E+05 -2.96761E+01  1.27468E+05 -2.96761E+01  1.27468E+05 -2.96761E+01
    2.9514E+01  1.27468E+05 -2.96761E+01  1.27468E+05 -2.96761E+01  1.27468E+05 -2.96761E+01
    2.9573E+01  1.30802E+05 -3.03162E+01  1.30802E+05 -3.03162E+01  1.30802E+05 -3.03162E+01
    2.9632E+01  1.30802E+05 -3.03162E+01  1.30802E+05 -3.03162E+01  1.30802E+05 -3.03162E+01
    2.9692E+01  1.30802E+05 -3.03162E+01  1.30802E+05 -3.03162E+01  1.30802E+05 -3.03162E+01
    2.9751E+01  1.30802E+05 -3.03162E+01  1.30802E+05 -3.03162E+01  1.30802E+05 -3.03162E+01
    2.9810E+01  1.30802E+05 -3.03162E+01  1.30802E+05 -3.03162E+01  1.30802E+05 -3.03162E+01
    2.9869E+01  1.30802E+05 -3.03162E+01  1.30802E+05 -3.03162E+01  1.30802E+05 -3.03162E+01
    2.9928E+01  1.30802E+05 -3.03162E+01  1.30802E+05 -3.03162E+01  1.30802E+05 -3.03162E+01
    2.9987E+01  1.30802E+05 -3.03162E+01  1.30802E+05 -3.03162E+01  1.30802E+05 -3.03162E+01
    3.0046E+01  1.31867E+05 -3.06444E+01  1.31867E+05 -3.06444E+01  1.31867E+05 -3.06444E+01
    3.0106E+01  1.31867E+05 -3.06444E+01  1.31867E+05 -3.06444E+01  1.31867E+05 -3.06444E+01
    3.0165E+01  1.31867E+05 -3.06444E+01  1.31867E+05 -3.06444E+01  1.31867E+05 -3.06444E+01
    3.0224E+01  1.32898E+05 -3.08964E+01  1.32898E+05 -3.08964E+01  1.32898E+05 -3.08964E+01
    3.0283E+01  1.32898E+05 -3.08964E+01  1.32898E+05 -3.08964E+01  1.32898E+05 -3.08964E+01
    3.0342E+01  1.32898E+05 -3.08964E+01  1.32898E+05 -3.08964E+01  1.32898E+05 -3.08964E+01
    3.0401E+01  1.34996E+05 -3.14101E+01  1.34996E+05 -3.14101E+01  1.34996E+05 -3.14101E+01
    3.0460E+01  1.34996E+05 -3.14101E+01  1.34996E+05 -3.14101E+01  1.34996E+05 -3.14101E+01
    3.0520E+01  1.34996E+05 -3.14101E+01  1.34996E+05 -3.14101E+01  1.34996E+05 -3.14101E+01
    3.0579E+01  1.34996E+05 -3.14101E+01  1.34996E+05 -3.14101E+01  1.34996E+05 -3.14101E+01
    3.0638E+01  1.34996E+05 -3.14101E+01  1.34996E+05 -3.14101E+01  1.34996E+05 -3.14101E+01
    3.0697E+01  1.43342E+05 -3.24473E+01  1.43342E+05 -3.24473E+01  1.43342E+05 -3.24473E+01
    3.0756E+01  1.43342E+05 -3.24473E+01  1.43342E+05 -3.24473E+01  1.43342E+05 -3.24473E+01
    3.0815E+01  1.43342E+05 -3.24473E+01  1.43342E+05 -3.24473E+01  1.43342E+05 -3.24473E+01
    3.0874E+01  1.46646E+05 -3.31136E+01  1.46646E+05 -3.31136E+01  1.46646E+05 -3.31136E+01
    3.0934E+01  1.46646E+05 -3.31136E+01  1.46646E+05 -3.31136E+01  1.46646E+05 -3.31136E+01
    3.0993E+01  1.46646E+05 -3.31136E+01  1.46646E+05 -3.31136E+01  1.46646E+05 -3.31136E+01
    3.1052E+01  1.46646E+05 -3.31136E+01  1.46646E+05 -3.31136E+01  1.46646E+05 -3.31136E+01
    3.1111E+01  1.54381E+05 -3.33835E+01  1.54381E+05 -3.33835E+01  1.54381E+05 -3.33835E+01
    3.1170E+01  1.62789E+05 -3.44484E+01  1.62789E+05 -3.44484E+01  1.62789E+05 -3.44484E+01
    3.1229E+01  1.62789E+05 -3.44484E+01  1.62789E+05 -3.44484E+01  1.62789E+05 -3.44484E+01
    3.1288E+01  1.67860E+05 -3.56095E+01  1.67860E+05 -3.56095E+01  1.67860E+05 -3.56095E+01
    3.1348E+01  1.70437E+05 -3.62256E+01  1.70437E+05 -3.62256E+01  1.70437E+05 -3.62256E+01
    3.1407E+01  1.70437E+05 -3.62256E+01  1.70437E+05 -3.62256E+01  1.70437E+05 -3.62256E+01
    3.1466E+01  1.70437E+05 -3.62256E+01  1.70437E+05 -3.62256E+01  1.70437E+05 -3.62256E+01
    3.1525E+01  1.70437E+05 -3.62256E+01  1.70437E+05 -3.62256E+01  1.70437E+05 -3.62256E+01
    3.1584E+01  1.74572E+05 -3.69867E+01  1.74572E+05 -3.69867E+01  1.74572E+05 -3.69867E+01
    3.1643E+01  1.74572E+05 -3.69867E+01  1.74572E+05 -3.69867E+01  1.74572E+05 -3.69867E+01
    3.1703E+01  1.74572E+05 -3.69867E+01  1.74572E+05 -3.69867E+01  1.74572E+05 -3.69867E+01
    3.1762E+01  1.74572E+05 -3.69867E+01  1.74572E+05 -3.69867E+01  1.74572E+05 -3.69867E+01
    3.1821E+01  1.76111E+05 -3.73137E+01  1.76111E+05 -3.73137E+01  1.76111E+05 -3.73137E+01
    3.1880E+01  1.76111E+05 -3.73137E+01  1.76111E+05 -3.73137E+01  1.76111E+05 -3.73137E+01
    3.1939E+01  1.80038E+05 -3.81940E+01  1.80038E+05 -3.81940E+01  1.80038E+05 -3.81940E+01
    3.1998E+01  1.80038E+05 -3.81940E+01  1.80038E+05 -3.81940E+01  1.80038E+05 -3.81940E+01
    3.2057E+01  1.80038E+05 -3.81940E+01  1.80038E+05 -3.81940E+01  1.80038E+05 -3.81940E+01
    3.2117E+01  1.83781E+05 -3.82735E+01  1.83781E+05 -3.82735E+01  1.83781E+05 -3.82735E+01
    3.2176E+01  1.85536E+05 -3.87558E+01  1.85536E+05 -3.87558E+01  1.85536E+05 -3.87558E+01
    3.2235E+01  1.85536E+05 -3.87558E+01  1.85536E+05 -3.87558E+01  1.85536E+05 -3.87558E+01
    3.2294E+01  1.85536E+05 -3.87558E+01  1.85536E+05 -3.87558E+01  1.85536E+05 -3.87558E+01
    3.2353E+01  1.85536E+05 -3.87558E+01  1.85536E+05 -3.87558E+01  1.85536E+05 -3.87558E+01
    3.2412E+01  1.85536E+05 -3.87558E+01  1.85536E+05 -3.87558E+01  1.85536E+05 -3.87558E+01
    3.2471E+01  1.89142E+05 -3.90926E+01  1.89142E+05 -3.90926E+01  1.89142E+05 -3.90926E+01
    3.2531E+01  1.89142E+05 -3.90926E+01  1.89142E+05 -3.90926E+01  1.89142E+05 -3.90926E+01
    3.2590E+01  1.89142E+05 -3.90926E+01  1.89142E+05 -3.90926E+01  1.89142E+05 -3.90926E+01
    3.2649E+01  1.93184E+05 -3.93560E+01  1.93184E+05 -3.93560E+01  1.93184E+05 -3.93560E+01
    3.2708E+01  1.93184E+05 -3.93560E+01  1.93184E+05 -3.93560E+01  1.93184E+05 -3.93560E+01
    3.2767E+01  1.97126E+05 -4.00900E+01  1.97126E+05 -4.00900E+01  1.97126E+05 -4.00900E+01
    3.2826E+01  2.00026E+05 -4.07699E+01  2.00026E+05 -4.07699E+01  2.00026E+05 -4.07699E+01
    3.2885E+01  2.00026E+05 -4.07699E+01  2.00026E+05 -4.07699E+01  2.00026E+05 -4.07699E+01
    3.2945E+01  2.00026E+05 -4.07699E+01  2.00026E+05 -4.07699E+01  2.00026E+05 -4.07699E+01
    3.3004E+01  2.00026E+05 -4.07699E+01  2.00026E+05 -4.07699E+01  2.00026E+05 -4.07699E+01
    3.3063E+01  2.00026E+05 -4.07699E+01  2.00026E+05 -4.07699E+01  2.00026E+05 -4.07699E+01
    3.3122E+01  2.00026E+05 -4.07699E+01  2.00026E+05 -4.07699E+01  2.00026E+05 -4.07699E+01
    3.3181E+01  2.00026E+05 -4.07699E+01  2.00026E+05 -4.07699E+01  2.00026E+05 -4.07699E+01
    3.3240E+01  2.00026E+05 -4.07699E+01  2.00026E+05 -4.07699E+01  2.00026E+05 -4.07699E+01
    3.3299E+01  2.00026E+05 -4.07699E+01  2.00026E+05 -4.07699E+01  2.00026E+05 -4.07699E+01
    3.3359E+01  2.02447E+05 -4.13798E+01  2.02447E+05 -4.13798E+01  2.02447E+05 -4.13798E+01
    3.3418E+01  2.02447E+05 -4.13798E+01  2.02447E+05 -4.13798E+01  2.02447E+05 -4.13798E+01
    3.3477E+01  2.02447E+05 -4.13798E+01  2.02447E+05 -4.13798E+01  2.02447E+05 -4.13798E+01
    3.3536E+01  2.02447E+05 -4.13798E+01  2.02447E+05 -4.13798E+01  2.02447E+05 -4.13798E+01
    3.3595E+01  2.05301E+05 -4.20609E+01  2.05301E+05 -4.20609E+01  2.05301E+05 -4.20609E+01
    3.3654E+01  2.05301E+05 -4.20609E+01  2.05301E+05 -4.20609E+01  2.05301E+05 -4.20609E+01
    3.3713E+01  2.05301E+05 -4.20609E+01  2.05301E+05 -4.20609E+01  2.05301E+05 -4.20609E+01
    3.3773E+01  2.05301E+05 -4.20609E+01  2.05301E+05 -4.20609E+01  2.05301E+05 -4.20609E+01
    3.3832E+01  2.05301E+05 -4.20609E+01  2.05301E+05 -4.20609E+01  2.05301E+05 -4.20609E+01
    3.3891E+01  2.05301E+05 -4.20609E+01  2.05301E+05 -4.20609E+01  2.05301E+05 -4.20609E+01
    3.3950E+01  2.14109E+05 -4.27143E+01  2.14109E+05 -4.27143E+01  2.14109E+05 -4.27143E+01
    3.4009E+01  2.14109E+05 -4.27143E+01  2.14109E+05 -4.27143E+01  2.14109E+05 -4.27143E+01
    3.4068E+01  2.14109E+05 -4.27143E+01  2.14109E+05 -4.27143E+01  2.14109E+05 -4.27143E+01
    3.4128E+01  2.14109E+05 -4.27143E+01  2.14109E+05 -4.27143E+01  2.14109E+05 -4.27143E+01
    3.4187E+01  2.20303E+05 -4.36424E+01  2.20303E+05 -4.36424E+01  2.20303E+05 -4.36424E+01
    3.4246E+01  2.22913E+05 -4.40609E+01  2.22913E+05 -4.40609E+01  2.22913E+05 -4.40609E+01
    3.4305E+01  2.22913E+05 -4.40609E+01  2.22913E+05 -4.40609E+01  2.22913E+05 -4.40609E+01
    3.4364E+01  2.22913E+05 -4.40609E+01  2.22913E+05 -4.40609E+01  2.22913E+05 -4.40609E+01
    3.4423E+01  2.22913E+05 -4.40609E+01  2.22913E+05 -4.40609E+01  2.22913E+05 -4.40609E+01
    3.4482E+01  2.22913E+05 -4.40609E+01  2.22913E+05 -4.40609E+01  2.22913E+05 -4.40609E+01
    3.4542E+01  2.22913E+05 -4.40609E+01  2.22913E+05 -4.40609E+01  2.22913E+05 -4.40609E+01
    3.4601E+01  2.24847E+05 -4.44497E+01  2.24847E+05 -4.44497E+01  2.24847E+05 -4.44497E+01
    3.4660E+01  2.26307E+05 -4.47920E+01  2.26307E+05 -4.47920E+01  2.26307E+05 -4.47920E+01
    3.4719E+01  2.26307E+05 -4.47920E+01  2.26307E+05 -4.47920E+01  2.26307E+05 -4.47920E+01
    3.4778E+01  2.26307E+05 -4.47920E+01  2.26307E+05 -4.47920E+01  2.26307E+05 -4.47920E+01
    3.4837E+01  2.26307E+05 -4.47920E+01  2.26307E+05 -4.47920E+01  2.26307E+05 -4.47920E+01
    3.4896E+01  2.26307E+05 -4.47920E+01  2.26307E+05 -4.47920E+01  2.26307E+05 -4.47920E+01
    3.4956E+01  2.26307E+05 -4.47920E+01  2.26307E+05 -4.47920E+01  2.26307E+05 -4.47920E+01
    3.5015E+01  2.26307E+05 -4.47920E+01  2.26307E+05 -4.47920E+01  2.26307E+05 -4.47920E+01
    3.5074E+01  2.26307E+05 -4.47920E+01  2.26307E+05 -4.47920E+01  2.26307E+05 -4.47920E+01
    3.5133E+01  2.26307E+05 -4.47920E+01  2.26307E+05 -4.47920E+01  2.26307E+05 -4.47920E+01
    3.5192E+01  2.26307E+05 -4.47920E+01  2.26307E+05 -4.47920E+01  2.26307E+05 -4.47920E+01
    3.5251E+01  2.31165E+05 -4.49148E+01  2.31165E+05 -4.49148E+01  2.31165E+05 -4.49148E+01
    3.5310E+01  2.31165E+05 -4.49148E+01  2.31165E+05 -4.49148E+01  2.31165E+05 -4.49148E+01
    3.5370E+01  2.33854E+05 -4.53997E+01  2.33854E+05 -4.53997E+01  2.33854E+05 -4.53997E+01
    3.5429E+01  2.33854E+05 -4.53997E+01  2.33854E+05 -4.53997E+01  2.33854E+05 -4.53997E+01
    3.5488E+01  2.33854E+05 -4.53997E+01  2.33854E+05 -4.53997E+01  2.33854E+05 -4.53997E+01
    3.5547E+01  2.33854E+05 -4.53997E+01  2.33854E+05 -4.53997E+01  2.33854E+05 -4.53997E+01
    3.5606E+01  2.33854E+05 -4.53997E+01  2.33854E+05 -4.53997E+01  2.33854E+05 -4.53997E+01
    3.5665E+01  2.33854E+05 -4.53997E+01  2.33854E+05 -4.53997E+01  2.33854E+05 -4.53997E+01
    3.5724E+01  2.40085E+05 -4.64036E+01  2.40085E+05 -4.64036E+01  2.40085E+05 -4.64036E+01
    3.5784E+01  2.44474E+05 -4.72549E+01  2.44474E+05 -4.72549E+01  2.44474E+05 -4.72549E+01
    3.5843E+01  2.44474E+05 -4.72549E+01  2.44474E+05 -4.72549E+01  2.44474E+05 -4.72549E+01
    3.5902E+01  2.44474E+05 -4.72549E+01  2.44474E+05 -4.72549E+01  2.44474E+05 -4.72549E+01
    3.5961E+01  2.44474E+05 -4.72549E+01  2.44474E+05 -4.72549E+01  2.44474E+05 -4.72549E+01
    3.6020E+01  2.44474E+05 -4.72549E+01  2.44474E+05 -4.72549E+01  2.44474E+05 -4.72549E+01
    3.6079E+01  2.44474E+05 -4.72549E+01  2.44474E+05 -4.72549E+01  2.44474E+05 -4.72549E+01
    3.6138E+01  2.44474E+05 -4.72549E+01  2.44474E+05 -4.72549E+01  2.44474E+05 -4.72549E+01
    3.6198E+01  2.44474E+05 -4.72549E+01  2.44474E+05 -4.72549E+01  2.44474E+05 -4.72549E+01
    3.6257E+01  2.44474E+05 -4.72549E+01  2.44474E+05 -4.72549E+01  2.44474E+05 -4.72549E+01
    3.6316E+01  2.44474E+05 -4.72549E+01  2.44474E+05 -4.72549E+01  2.44474E+05 -4.72549E+01
    3.6375E+01  2.53169E+05 -4.81712E+01  2.53169E+05 -4.81712E+01  2.53169E+05 -4.81712E+01
    3.6434E+01  2.53169E+05 -4.81712E+01  2.53169E+05 -4.81712E+01  2.53169E+05 -4.81712E+01
    3.6493E+01  2.53169E+05 -4.81712E+01  2.53169E+05 -4.81712E+01  2.53169E+05 -4.81712E+01
    3.6553E+01  2.53169E+05 -4.81712E+01  2.53169E+05 -4.81712E+01  2.53169E+05 -4.81712E+01
    3.6612E+01  2.57096E+05 -4.90114E+01  2.57096E+05 -4.90114E+01  2.57096E+05 -4.90114E+01
    3.6671E+01  2.57096E+05 -4.90114E+01  2.57096E+05 -4.90114E+01  2.57096E+05 -4.90114E+01
    3.6730E+01  2.57096E+05 -4.90114E+01  2.57096E+05 -4.90114E+01  2.57096E+05 -4.90114E+01
    3.6789E+01  2.60443E+05 -4.94894E+01  2.60443E+05 -4.94894E+01  2.60443E+05 -4.94894E+01
    3.6848E+01  2.69239E+05 -5.02922E+01  2.69239E+05 -5.02922E+01  2.69239E+05 -5.02922E+01
    3.6907E+01  2.69239E+05 -5.02922E+01  2.69239E+05 -5.02922E+01  2.69239E+05 -5.02922E+01
    3.6967E+01  2.69239E+05 -5.02922E+01  2.69239E+05 -5.02922E+01  2.69239E+05 -5.02922E+01
    3.7026E+01  2.69239E+05 -5.02922E+01  2.69239E+05 -5.02922E+01  2.69239E+05 -5.02922E+01
    3.7085E+01  2.69239E+05 -5.02922E+01  2.69239E+05 -5.02922E+01  2.69239E+05 -5.02922E+01
    3.7144E+01  2.74128E+05 -5.12196E+01  2.74128E+05 -5.12196E+01  2.74128E+05 -5.12196E+01
    3.7203E+01  2.74128E+05 -5.12196E+01  2.74128E+05 -5.12196E+01  2.74128E+05 -5.12196E+01
    3.7262E+01  2.74128E+05 -5.12196E+01  2.74128E+05 -5.12196E+01  2.74128E+05 -5.12196E+01
    3.7321E+01  2.74128E+05 -5.12196E+01  2.74128E+05 -5.12196E+01  2.74128E+05 -5.12196E+01
    3.7381E+01  2.74128E+05 -5.12196E+01  2.74128E+05 -5.12196E+01  2.74128E+05 -5.12196E+01
    3.7440E+01  2.74128E+05 -5.12196E+01  2.74128E+05 -5.12196E+01  2.74128E+05 -5.12196E+01
    3.7499E+01  2.74128E+05 -5.12196E+01  2.74128E+05 -5.12196E+01  2.74128E+05 -5.12196E+01
    3.7558E+01  2.74128E+05 -5.12196E+01  2.74128E+05 -5.12196E+01  2.74128E+05 -5.12196E+01
    3.7617E+01  2.74128E+05 -5.12196E+01  2.74128E+05 -5.12196E+01  2.74128E+05 -5.12196E+01
    3.7676E+01  2.74128E+05 -5.12196E+01  2.74128E+05 -5.12196E+01  2.74128E+05 -5.12196E+01
    3.7735E+01  2.74128E+05 -5.12196E+01  2.74128E+05 -5.12196E+01  2.74128E+05 -5.12196E+01
    3.7795E+01  2.74128E+05 -5.12196E+01  2.74128E+05 -5.12196E+01  2.74128E+05 -5.12196E+01
    3.7854E+01  2.79385E+05 -5.16083E+01  2.79385E+05 -5.16083E+01  2.79385E+05 -5.16083E+01
    3.7913E+01  2.89582E+05 -5.23567E+01  2.89582E+05 -5.23567E+01  2.89582E+05 -5.23567E+01
    3.7972E+01  2.89582E+05 -5.23567E+01  2.89582E+05 -5.23567E+01  2.89582E+05 -5.23567E+01
    3.8031E+01  2.89582E+05 -5.23567E+01  2.89582E+05 -5.23567E+01  2.89582E+05 -5.23567E+01
    3.8090E+01  2.89582E+05 -5.23567E+01  2.89582E+05 -5.23567E+01  2.89582E+05 -5.23567E+01
    3.8149E+01  2.89582E+05 -5.23567E+01  2.89582E+05 -5.23567E+01  2.89582E+05 -5.23567E+01
    3.8209E+01  2.89582E+05 -5.23567E+01  2.89582E+05 -5.23567E+01  2.89582E+05 -5.23567E+01
    3.8268E+01  2.89582E+05 -5.23567E+01  2.89582E+05 -5.23567E+01  2.89582E+05 -5.23567E+01
    3.8327E+01  2.89582E+05 -5.23567E+01  2.89582E+05 -5.23567E+01  2.89582E+05 -5.23567E+01
    3.8386E+01  2.89582E+05 -5.23567E+01  2.89582E+05 -5.23567E+01  2.89582E+05 -5.23567E+01
    3.8445E+01  3.00878E+05 -5.30947E+01  3.00878E+05 -5.30947E+01  3.00878E+05 -5.30947E+01
    3.8504E+01  3.00878E+05 -5.30947E+01  3.00878E+05 -5.30947E+01  3.00878E+05 -5.30947E+01
    3.8563E+01  3.00878E+05 -5.30947E+01  3.00878E+05 -5.30947E+01  3.00878E+05 -5.30947E+01
    3.8623E+01  3.00878E+05 -5.30947E+01  3.00878E+05 -5.30947E+01  3.00878E+05 -5.30947E+01
    3.8682E+01  3.00878E+05 -5.30947E+01  3.00878E+05 -5.30947E+01  3.00878E+05 -5.30947E+01
    3.8741E+01  3.00878E+05 -5.30947E+01  3.00878E+05 -5.30947E+01  3.00878E+05 -5.30947E+01
    3.8800E+01  3.00878E+05 -5.30947E+01  3.00878E+05 -5.30947E+01  3.00878E+05 -5.30947E+01
    3.8859E+01  3.00878E+05 -5.30947E+01  3.00878E+05 -5.30947E+01  3.00878E+05 -5.30947E+01
    3.8918E+01  3.00878E+05 -5.30947E+01  3.00878E+05 -5.30947E+01  3.00878E+05 -5.30947E+01
    3.8978E+01  3.00878E+05 -5.30947E+01  3.00878E+05 -5.30947E+01  3.00878E+05 -5.30947E+01
    3.9037E+01  3.00878E+05 -5.30947E+01  3.00878E+05 -5.30947E+01  3.00878E+05 -5.30947E+01
    3.9096E+01  3.09025E+05 -5.42919E+01  3.09025E+05 -5.42919E+01  3.09025E+05 -5.42919E+01
    3.9155E+01  3.09025E+05 -5.42919E+01  3.09025E+05 -5.42919E+01  3.09025E+05 -5.42919E+01
    3.9214E+01  3.09025E+05 -5.42919E+01  3.09025E+05 -5.42919E+01  3.09025E+05 -5.42919E+01
    3.9273E+01  3.09025E+05 -5.42919E+01  3.09025E+05 -5.42919E+01  3.09025E+05 -5.42919E+01
    3.9332E+01  3.09025E+05 -5.42919E+01  3.09025E+05 -5.42919E+01  3.09025E+05 -5.42919E+01
    3.9392E+01  3.09025E+05 -5.42919E+01  3.09025E+05 -5.42919E+01  3.09025E+05 -5.42919E+01
    3.9451E+01  3.09025E+05 -5.42919E+01  3.09025E+05 -5.42919E+01  3.09025E+05 -5.42919E+01
    3.9510E+01  3.09025E+05 -5.42919E+01  3.09025E+05 -5.42919E+01  3.09025E+05 -5.42919E+01
    3.9569E+01  3.09025E+05 -5.42919E+01  3.09025E+05 -5.42919E+01  3.09025E+05 -5.42919E+01
    3.9628E+01  3.09025E+05 -5.42919E+01  3.09025E+05 -5.42919E+01  3.09025E+05 -5.42919E+01
    3.9687E+01  3.09025E+05 -5.42919E+01  3.09025E+05 -5.42919E+01  3.09025E+05 -5.42919E+01
    3.9746E+01  3.09025E+05 -5.42919E+01  3.09025E+05 -5.42919E+01  3.09025E+05 -5.42919E+01
    3.9806E+01  3.09025E+05 -5.42919E+01  3.09025E+05 -5.42919E+01  3.09025E+05 -5.42919E+01
    3.9865E+01  3.09025E+05 -5.42919E+01  3.09025E+05 -5.42919E+01  3.09025E+05 -5.42919E+01
    3.9924E+01  3.09025E+05 -5.42919E+01  3.09025E+05 -5.42919E+01  3.09025E+05 -5.42919E+01
    3.9983E+01  3.11843E+05 -5.48326E+01  3.11843E+05 -5.48326E+01  3.11843E+05 -5.48326E+01
    4.0042E+01  3.28391E+05 -5.67551E+01  3.28391E+05 -5.67551E+01  3.28391E+05 -5.67551E+01
    4.0101E+01  3.28391E+05 -5.67551E+01  3.28391E+05 -5.67551E+01  3.28391E+05 -5.67551E+01
    4.0160E+01  3.28391E+05 -5.67551E+01  3.28391E+05 -5.67551E+01  3.28391E+05 -5.67551E+01
    4.0220E+01  3.28391E+05 -5.67551E+01  3.28391E+05 -5.67551E+01  3.28391E+05 -5.67551E+01
    4.0279E+01  3.28391E+05 -5.67551E+01  3.28391E+05 -5.67551E+01  3.28391E+05 -5.67551E+01
    4.0338E+01  3.28391E+05 -5.67551E+01  3.28391E+05 -5.67551E+01  3.28391E+05 -5.67551E+01
    4.0397E+01  3.28391E+05 -5.67551E+01  3.28391E+05 -5.67551E+01  3.28391E+05 -5.67551E+01
    4.0456E+01  3.28391E+05 -5.67551E+01  3.28391E+05 -5.67551E+01  3.28391E+05 -5.67551E+01
    4.0515E+01  3.28391E+05 -5.67551E+01  3.28391E+05 -5.67551E+01  3.28391E+05 -5.67551E+01
    4.0574E+01  3.28391E+05 -5.67551E+01  3.28391E+05 -5.67551E+01  3.28391E+05 -5.67551E+01
    4.0634E+01  3.28391E+05 -5.67551E+01  3.28391E+05 -5.67551E+01  3.28391E+05 -5.67551E+01
    4.0693E+01  3.40065E+05 -5.77981E+01  3.40065E+05 -5.77981E+01  3.40065E+05 -5.77981E+01
    4.0752E+01  3.52967E+05 -5.80261E+01  3.52967E+05 -5.80261E+01  3.52967E+05 -5.80261E+01
    4.0811E+01  3.52967E+05 -5.80261E+01  3.52967E+05 -5.80261E+01  3.52967E+05 -5.80261E+01
    4.0870E+01  3.56834E+05 -5.86165E+01  3.56834E+05 -5.86165E+01  3.56834E+05 -5.86165E+01
    4.0929E+01  3.56834E+05 -5.86165E+01  3.56834E+05 -5.86165E+01  3.56834E+05 -5.86165E+01
    4.0989E+01  3.56834E+05 -5.86165E+01  3.56834E+05 -5.86165E+01  3.56834E+05 -5.86165E+01
    4.1048E+01  3.56834E+05 -5.86165E+01  3.56834E+05 -5.86165E+01  3.56834E+05 -5.86165E+01
    4.1107E+01  3.56834E+05 -5.86165E+01  3.56834E+05 -5.86165E+01  3.56834E+05 -5.86165E+01
    4.1166E+01  3.56834E+05 -5.86165E+01  3.56834E+05 -5.86165E+01  3.56834E+05 -5.86165E+01
    4.1225E+01  3.56834E+05 -5.86165E+01  3.56834E+05 -5.86165E+01  3.56834E+05 -5.86165E+01
    4.1284E+01  3.56834E+05 -5.86165E+01  3.56834E+05 -5.86165E+01  3.56834E+05 -5.86165E+01
    4.1343E+01  3.56834E+05 -5.86165E+01  3.56834E+05 -5.86165E+01  3.56834E+05 -5.86165E+01
    4.1403E+01  3.66183E+05 -5.99405E+01  3.66183E+05 -5.99405E+01  3.66183E+05 -5.99405E+01
    4.1462E+01  3.66183E+05 -5.99405E+01  3.66183E+05 -5.99405E+01  3.66183E+05 -5.99405E+01
    4.1521E+01  3.66183E+05 -5.99405E+01  3.66183E+05 -5.99405E+01  3.66183E+05 -5.99405E+01
    4.1580E+01  3.77658E+05 -6.11672E+01  3.77658E+05 -6.11672E+01  3.77658E+05 -6.11672E+01
    4.1639E+01  3.87044E+05 -6.23478E+01  3.87044E+05 -6.23478E+01  3.87044E+05 -6.23478E+01
    4.1698E+01  3.87044E+05 -6.23478E+01  3.87044E+05 -6.23478E+01  3.87044E+05 -6.23478E+01
    4.1757E+01  3.87044E+05 -6.23478E+01  3.87044E+05 -6.23478E+01  3.87044E+05 -6.23478E+01
    4.1817E+01  3.87044E+05 -6.23478E+01  3.87044E+05 -6.23478E+01  3.87044E+05 -6.23478E+01
    4.1876E+01  3.87044E+05 -6.23478E+01  3.87044E+05 -6.23478E+01  3.87044E+05 -6.23478E+01
    4.1935E+01  3.87044E+05 -6.23478E+01  3.87044E+05 -6.23478E+01  3.87044E+05 -6.23478E+01
    4.1994E+01  3.87044E+05 -6.23478E+01  3.87044E+05 -6.23478E+01  3.87044E+05 -6.23478E+01
    4.2053E+01  3.87044E+05 -6.23478E+01  3.87044E+05 -6.23478E+01  3.87044E+05 -6.23478E+01
    4.2112E+01  3.87044E+05 -6.23478E+01  3.87044E+05 -6.23478E+01  3.87044E+05 -6.23478E+01
    4.2171E+01  3.93755E+05 -6.27718E+01  3.93755E+05 -6.27718E+01  3.93755E+05 -6.27718E+01
    4.2231E+01  3.93755E+05 -6.27718E+01  3.93755E+05 -6.27718E+01  3.93755E+05 -6.27718E+01
    4.2290E+01  4.02129E+05 -6.40976E+01  4.02129E+05 -6.40976E+01  4.02129E+05 -6.40976E+01
    4.2349E+01  4.02129E+05 -6.40976E+01  4.02129E+05 -6.40976E+01  4.02129E+05 -6.40976E+01
    4.2408E+01  4.02129E+05 -6.40976E+01  4.02129E+05 -6.40976E+01  4.02129E+05 -6.40976E+01
    4.2467E+01  4.02129E+05 -6.40976E+01  4.02129E+05 -6.40976E+01  4.02129E+05 -6.40976E+01
    4.2526E+01  4.02129E+05 -6.40976E+01  4.02129E+05 -6.40976E+01  4.02129E+05 -6.40976E+01
    4.2585E+01  4.20318E+05 -6.67651E+01  4.20318E+05 -6.67651E+01  4.20318E+05 -6.67651E+01
    4.2645E+01  4.20318E+05 -6.67651E+01  4.20318E+05 -6.67651E+01  4.20318E+05 -6.67651E+01
    4.2704E+01  4.20318E+05 -6.67651E+01  4.20318E+05 -6.67651E+01  4.20318E+05 -6.67651E+01
    4.2763E+01  4.20318E+05 -6.67651E+01  4.20318E+05 -6.67651E+01  4.20318E+05 -6.67651E+01
    4.2822E+01  4.20318E+05 -6.67651E+01  4.20318E+05 -6.67651E+01  4.20318E+05 -6.67651E+01
    4.2881E+01  4.20318E+05 -6.67651E+01  4.20318E+05 -6.67651E+01  4.20318E+05 -6.67651E+01
    4.2940E+01  4.20318E+05 -6.67651E+01  4.20318E+05 -6.67651E+01  4.20318E+05 -6.67651E+01
    4.2999E+01  4.20318E+05 -6.67651E+01  4.20318E+05 -6.67651E+01  4.20318E+05 -6.67651E+01
    4.3059E+01  4.20318E+05 -6.67651E+01  4.20318E+05 -6.67651E+01  4.20318E+05 -6.67651E+01
    4.3118E+01  4.20318E+05 -6.67651E+01  4.20318E+05 -6.67651E+01  4.20318E+05 -6.67651E+01
    4.3177E+01  4.20318E+05 -6.67651E+01  4.20318E+05 -6.67651E+01  4.20318E+05 -6.67651E+01
    4.3236E+01  4.20318E+05 -6.67651E+01  4.20318E+05 -6.67651E+01  4.20318E+05 -6.67651E+01
    4.3295E+01  4.20318E+05 -6.67651E+01  4.20318E+05 -6.67651E+01  4.20318E+05 -6.67651E+01
    4.3354E+01  4.20318E+05 -6.67651E+01  4.20318E+05 -6.67651E+01  4.20318E+05 -6.67651E+01
    4.3414E+01  4.20318E+05 -6.67651E+01  4.20318E+05 -6.67651E+01  4.20318E+05 -6.67651E+01
    4.3473E+01  4.26145E+05 -6.73470E+01  4.26145E+05 -6.73470E+01  4.26145E+05 -6.73470E+01
    4.3532E+01  4.26145E+05 -6.73470E+01  4.26145E+05 -6.73470E+01  4.26145E+05 -6.73470E+01
    4.3591E+01  4.26145E+05 -6.73470E+01  4.26145E+05 -6.73470E+01  4.26145E+05 -6.73470E+01
    4.3650E+01  4.26145E+05 -6.73470E+01  4.26145E+05 -6.73470E+01  4.26145E+05 -6.73470E+01
    4.3709E+01  4.31675E+05 -6.80907E+01  4.31675E+05 -6.80907E+01  4.31675E+05 -6.80907E+01
    4.3768E+01  4.31675E+05 -6.80907E+01  4.31675E+05 -6.80907E+01  4.31675E+05 -6.80907E+01
    4.3828E+01  4.45531E+05 -6.85468E+01  4.45531E+05 -6.85468E+01  4.45531E+05 -6.85468E+01
    4.3887E+01  4.55048E+05 -6.98956E+01  4.55048E+05 -6.98956E+01  4.55048E+05 -6.98956E+01
    4.3946E+01  4.55048E+05 -6.98956E+01  4.55048E+05 -6.98956E+01  4.55048E+05 -6.98956E+01
    4.4005E+01  4.55048E+05 -6.98956E+01  4.55048E+05 -6.98956E+01  4.55048E+05 -6.98956E+01
    4.4064E+01  4.55048E+05 -6.98956E+01  4.55048E+05 -6.98956E+01  4.55048E+05 -6.98956E+01
    4.4123E+01  4.69057E+05 -7.10466E+01  4.69057E+05 -7.10466E+01  4.69057E+05 -7.10466E+01
    4.4182E+01  4.69057E+05 -7.10466E+01  4.69057E+05 -7.10466E+01  4.69057E+05 -7.10466E+01
    4.4242E+01  4.69057E+05 -7.10466E+01  4.69057E+05 -7.10466E+01  4.69057E+05 -7.10466E+01
    4.4301E+01  4.69057E+05 -7.10466E+01  4.69057E+05 -7.10466E+01  4.69057E+05 -7.10466E+01
    4.4360E+01  4.69057E+05 -7.10466E+01  4.69057E+05 -7.10466E+01  4.69057E+05 -7.10466E+01
    4.4419E+01  4.69057E+05 -7.10466E+01  4.69057E+05 -7.10466E+01  4.69057E+05 -7.10466E+01
    4.4478E+01  4.69057E+05 -7.10466E+01  4.69057E+05 -7.10466E+01  4.69057E+05 -7.10466E+01
    4.4537E+01  4.73529E+05 -7.17625E+01  4.73529E+05 -7.17625E+01  4.73529E+05 -7.17625E+01
    4.4596E+01  4.73529E+05 -7.17625E+01  4.73529E+05 -7.17625E+01  4.73529E+05 -7.17625E+01
    4.4656E+01  4.73529E+05 -7.17625E+01  4.73529E+05 -7.17625E+01  4.73529E+05 -7.17625E+01
    4.4715E+01  4.73529E+05 -7.17625E+01  4.73529E+05 -7.17625E+01  4.73529E+05 -7.17625E+01
    4.4774E+01  4.73529E+05 -7.17625E+01  4.73529E+05 -7.17625E+01  4.73529E+05 -7.17625E+01
    4.4833E+01  4.73529E+05 -7.17625E+01  4.73529E+05 -7.17625E+01  4.73529E+05 -7.17625E+01
    4.4892E+01  4.73529E+05 -7.17625E+01  4.73529E+05 -7.17625E+01  4.73529E+05 -7.17625E+01
    4.4951E+01  4.73529E+05 -7.17625E+01  4.73529E+05 -7.17625E+01  4.73529E+05 -7.17625E+01
    4.5010E+01  4.73529E+05 -7.17625E+01  4.73529E+05 -7.17625E+01  4.73529E+05 -7.17625E+01
    4.5070E+01  4.73529E+05 -7.17625E+01  4.73529E+05 -7.17625E+01  4.73529E+05 -7.17625E+01
    4.5129E+01  4.73529E+05 -7.17625E+01  4.73529E+05 -7.17625E+01  4.73529E+05 -7.17625E+01
    4.5188E+01  4.73529E+05 -7.17625E+01  4.73529E+05 -7.17625E+01  4.73529E+05 -7.17625E+01
    4.5247E+01  4.73529E+05 -7.17625E+01  4.73529E+05 -7.17625E+01  4.73529E+05 -7.17625E+01
    4.5306E+01  4.88263E+05 -7.27229E+01  4.88263E+05 -7.27229E+01  4.88263E+05 -7.27229E+01
    4.5365E+01  5.04104E+05 -7.31865E+01  5.04104E+05 -7.31865E+01  5.04104E+05 -7.31865E+01
    4.5424E+01  5.04104E+05 -7.31865E+01  5.04104E+05 -7.31865E+01  5.04104E+05 -7.31865E+01
    4.5484E+01  5.17944E+05 -7.43606E+01  5.17944E+05 -7.43606E+01  5.17944E+05 -7.43606E+01
    4.5543E+01  5.17944E+05 -7.43606E+01  5.17944E+05 -7.43606E+01  5.17944E+05 -7.43606E+01
    4.5602E+01  5.17944E+05 -7.43606E+01  5.17944E+05 -7.43606E+01  5.17944E+05 -7.43606E+01
    4.5661E+01  5.17944E+05 -7.43606E+01  5.17944E+05 -7.43606E+01  5.17944E+05 -7.43606E+01
    4.5720E+01  5.17944E+05 -7.43606E+01  5.17944E+05 -7.43606E+01  5.17944E+05 -7.43606E+01
    4.5779E+01  5.17944E+05 -7.43606E+01  5.17944E+05 -7.43606E+01  5.17944E+05 -7.43606E+01
    4.5839E+01  5.17944E+05 -7.43606E+01  5.17944E+05 -7.43606E+01  5.17944E+05 -7.43606E+01
    4.5898E+01  5.17944E+05 -7.43606E+01  5.17944E+05 -7.43606E+01  5.17944E+05 -7.43606E+01
    4.5957E+01  5.17944E+05 -7.43606E+01  5.17944E+05 -7.43606E+01  5.17944E+05 -7.43606E+01
    4.6016E+01  5.17944E+05 -7.43606E+01  5.17944E+05 -7.43606E+01  5.17944E+05 -7.43606E+01
    4.6075E+01  5.30414E+05 -7.58176E+01  5.30414E+05 -7.58176E+01  5.30414E+05 -7.58176E+01
    4.6134E+01  5.30414E+05 -7.58176E+01  5.30414E+05 -7.58176E+01  5.30414E+05 -7.58176E+01
    4.6193E+01  5.36807E+05 -7.66245E+01  5.36807E+05 -7.66245E+01  5.36807E+05 -7.66245E+01
    4.6253E+01  5.36807E+05 -7.66245E+01  5.36807E+05 -7.66245E+01  5.36807E+05 -7.66245E+01
    4.6312E+01  5.36807E+05 -7.66245E+01  5.36807E+05 -7.66245E+01  5.36807E+05 -7.66245E+01
    4.6371E+01  5.52000E+05 -7.79030E+01  5.52000E+05 -7.79030E+01  5.52000E+05 -7.79030E+01
    4.6430E+01  5.52000E+05 -7.79030E+01  5.52000E+05 -7.79030E+01  5.52000E+05 -7.79030E+01
    4.6489E+01  5.52000E+05 -7.79030E+01  5.52000E+05 -7.79030E+01  5.52000E+05 -7.79030E+01
    4.6548E+01  5.52000E+05 -7.79030E+01  5.52000E+05 -7.79030E+01  5.52000E+05 -7.79030E+01
    4.6607E+01  5.52000E+05 -7.79030E+01  5.52000E+05 -7.79030E+01  5.52000E+05 -7.79030E+01
    4.6667E+01  5.52000E+05 -7.79030E+01  5.52000E+05 -7.79030E+01  5.52000E+05 -7.79030E+01
    4.6726E+01  5.52000E+05 -7.79030E+01  5.52000E+05 -7.79030E+01  5.52000E+05 -7.79030E+01
    4.6785E+01  5.52000E+05 -7.79030E+01  5.52000E+05 -7.79030E+01  5.52000E+05 -7.79030E+01
    4.6844E+01  5.52000E+05 -7.79030E+01  5.52000E+05 -7.79030E+01  5.52000E+05 -7.79030E+01
    4.6903E+01  5.52000E+05 -7.79030E+01  5.52000E+05 -7.79030E+01  5.52000E+05 -7.79030E+01
    4.6962E+01  5.57851E+05 -7.87151E+01  5.57851E+05 -7.87151E+01  5.57851E+05 -7.87151E+01
    4.7021E+01  5.57851E+05 -7.87151E+01  5.57851E+05 -7.87151E+01  5.57851E+05 -7.87151E+01
    4.7081E+01  5.57851E+05 -7.87151E+01  5.57851E+05 -7.87151E+01  5.57851E+05 -7.87151E+01
    4.7140E+01  5.89301E+05 -8.13704E+01  5.89301E+05 -8.13704E+01  5.89301E+05 -8.13704E+01
    4.7199E+01  5.89301E+05 -8.13704E+01  5.89301E+05 -8.13704E+01  5.89301E+05 -8.13704E+01
    4.7258E+01  5.89301E+05 -8.13704E+01  5.89301E+05 -8.13704E+01  5.89301E+05 -8.13704E+01
    4.7317E+01  5.89301E+05 -8.13704E+01  5.89301E+05 -8.13704E+01  5.89301E+05 -8.13704E+01
    4.7376E+01  5.89301E+05 -8.13704E+01  5.89301E+05 -8.13704E+01  5.89301E+05 -8.13704E+01
    4.7435E+01  5.95840E+05 -8.22048E+01  5.95840E+05 -8.22048E+01  5.95840E+05 -8.22048E+01
    4.7495E+01  5.95840E+05 -8.22048E+01  5.95840E+05 -8.22048E+01  5.95840E+05 -8.22048E+01
    4.7554E+01  5.95840E+05 -8.22048E+01  5.95840E+05 -8.22048E+01  5.95840E+05 -8.22048E+01
    4.7613E+01  6.03493E+05 -8.28707E+01  6.03493E+05 -8.28707E+01  6.03493E+05 -8.28707E+01
    4.7672E+01  6.11716E+05 -8.34411E+01  6.11716E+05 -8.34411E+01  6.11716E+05 -8.34411E+01
    4.7731E+01  6.11716E+05 -8.34411E+01  6.11716E+05 -8.34411E+01  6.11716E+05 -8.34411E+01
    4.7790E+01  6.11716E+05 -8.34411E+01  6.11716E+05 -8.34411E+01  6.11716E+05 -8.34411E+01
    4.7849E+01  6.11716E+05 -8.34411E+01  6.11716E+05 -8.34411E+01  6.11716E+05 -8.34411E+01
    4.7909E+01  6.11716E+05 -8.34411E+01  6.11716E+05 -8.34411E+01  6.11716E+05 -8.34411E+01
    4.7968E+01  6.11716E+05 -8.34411E+01  6.11716E+05 -8.34411E+01  6.11716E+05 -8.34411E+01
    4.8027E+01  6.11716E+05 -8.34411E+01  6.11716E+05 -8.34411E+01  6.11716E+05 -8.34411E+01
    4.8086E+01  6.11716E+05 -8.34411E+01  6.11716E+05 -8.34411E+01  6.11716E+05 -8.34411E+01
    4.8145E+01  6.11716E+05 -8.34411E+01  6.11716E+05 -8.34411E+01  6.11716E+05 -8.34411E+01
    4.8204E+01  6.11716E+05 -8.34411E+01  6.11716E+05 -8.34411E+01  6.11716E+05 -8.34411E+01
    4.8264E+01  6.11716E+05 -8.34411E+01  6.11716E+05 -8.34411E+01  6.11716E+05 -8.34411E+01
    4.8323E+01  6.11716E+05 -8.34411E+01  6.11716E+05 -8.34411E+01  6.11716E+05 -8.34411E+01
    4.8382E+01  6.11716E+05 -8.34411E+01  6.11716E+05 -8.34411E+01  6.11716E+05 -8.34411E+01
    4.8441E+01  6.11716E+05 -8.34411E+01  6.11716E+05 -8.34411E+01  6.11716E+05 -8.34411E+01
    4.8500E+01  6.11716E+05 -8.34411E+01  6.11716E+05 -8.34411E+01  6.11716E+05 -8.34411E+01
    4.8559E+01  6.11716E+05 -8.34411E+01  6.11716E+05 -8.34411E+01  6.11716E+05 -8.34411E+01
    4.8618E+01  6.11716E+05 -8.34411E+01  6.11716E+05 -8.34411E+01  6.11716E+05 -8.34411E+01
    4.8678E+01  6.11716E+05 -8.34411E+01  6.11716E+05 -8.34411E+01  6.11716E+05 -8.34411E+01
    4.8737E+01  6.11716E+05 -8.34411E+01  6.11716E+05 -8.34411E+01  6.11716E+05 -8.34411E+01
    4.8796E+01  6.11716E+05 -8.34411E+01  6.11716E+05 -8.34411E+01  6.11716E+05 -8.34411E+01
    4.8855E+01  6.11716E+05 -8.34411E+01  6.11716E+05 -8.34411E+01  6.11716E+05 -8.34411E+01
    4.8914E+01  6.11716E+05 -8.34411E+01  6.11716E+05 -8.34411E+01  6.11716E+05 -8.34411E+01
    4.8973E+01  6.11716E+05 -8.34411E+01  6.11716E+05 -8.34411E+01  6.11716E+05 -8.34411E+01
    4.9032E+01  6.11716E+05 -8.34411E+01  6.11716E+05 -8.34411E+01  6.11716E+05 -8.34411E+01
    4.9092E+01  6.11716E+05 -8.34411E+01  6.11716E+05 -8.34411E+01  6.11716E+05 -8.34411E+01
    4.9151E+01  6.11716E+05 -8.34411E+01  6.11716E+05 -8.34411E+01  6.11716E+05 -8.34411E+01
    4.9210E+01  6.11716E+05 -8.34411E+01  6.11716E+05 -8.34411E+01  6.11716E+05 -8.34411E+01
    4.9269E+01  6.11716E+05 -8.34411E+01  6.11716E+05 -8.34411E+01  6.11716E+05 -8.34411E+01
    4.9328E+01  6.11716E+05 -8.34411E+01  6.11716E+05 -8.34411E+01  6.11716E+05 -8.34411E+01
    4.9387E+01  6.11716E+05 -8.34411E+01  6.11716E+05 -8.34411E+01  6.11716E+05 -8.34411E+01
    4.9446E+01  6.11716E+05 -8.34411E+01  6.11716E+05 -8.34411E+01  6.11716E+05 -8.34411E+01
    4.9506E+01  6.29977E+05 -8.35060E+01  6.29977E+05 -8.35060E+01  6.29977E+05 -8.35060E+01
    4.9565E+01  6.46411E+05 -8.47508E+01  6.46411E+05 -8.47508E+01  6.46411E+05 -8.47508E+01
    4.9624E+01  6.46411E+05 -8.47508E+01  6.46411E+05 -8.47508E+01  6.46411E+05 -8.47508E+01
    4.9683E+01  6.46411E+05 -8.47508E+01  6.46411E+05 -8.47508E+01  6.46411E+05 -8.47508E+01
    4.9742E+01  6.46411E+05 -8.47508E+01  6.46411E+05 -8.47508E+01  6.46411E+05 -8.47508E+01
    4.9801E+01  6.46411E+05 -8.47508E+01  6.46411E+05 -8.47508E+01  6.46411E+05 -8.47508E+01
    4.9860E+01  6.46411E+05 -8.47508E+01  6.46411E+05 -8.47508E+01  6.46411E+05 -8.47508E+01
    4.9920E+01  6.46411E+05 -8.47508E+01  6.46411E+05 -8.47508E+01  6.46411E+05 -8.47508E+01
    4.9979E+01  6.46411E+05 -8.47508E+01  6.46411E+05 -8.47508E+01  6.46411E+05 -8.47508E+01
    5.0038E+01  6.46411E+05 -8.47508E+01  6.46411E+05 -8.47508E+01  6.46411E+05 -8.47508E+01
    5.0097E+01  6.46411E+05 -8.47508E+01  6.46411E+05 -8.47508E+01  6.46411E+05 -8.47508E+01
    5.0156E+01  6.46411E+05 -8.47508E+01  6.46411E+05 -8.47508E+01  6.46411E+05 -8.47508E+01
    5.0215E+01  6.46411E+05 -8.47508E+01  6.46411E+05 -8.47508E+01  6.46411E+05 -8.47508E+01
    5.0274E+01  6.46411E+05 -8.47508E+01  6.46411E+05 -8.47508E+01  6.46411E+05 -8.47508E+01
    5.0334E+01  6.56125E+05 -8.48342E+01  6.56125E+05 -8.48342E+01  6.56125E+05 -8.48342E+01
    5.0393E+01  6.56125E+05 -8.48342E+01  6.56125E+05 -8.48342E+01  6.56125E+05 -8.48342E+01
    5.0452E+01  6.56125E+05 -8.48342E+01  6.56125E+05 -8.48342E+01  6.56125E+05 -8.48342E+01
    5.0511E+01  6.56125E+05 -8.48342E+01  6.56125E+05 -8.48342E+01  6.56125E+05 -8.48342E+01
    5.0570E+01  6.56125E+05 -8.48342E+01  6.56125E+05 -8.48342E+01  6.56125E+05 -8.48342E+01
    5.0629E+01  6.72063E+05 -8.64319E+01  6.72063E+05 -8.64319E+01  6.72063E+05 -8.64319E+01
    5.0689E+01  6.72063E+05 -8.64319E+01  6.72063E+05 -8.64319E+01  6.72063E+05 -8.64319E+01
    5.0748E+01  6.72063E+05 -8.64319E+01  6.72063E+05 -8.64319E+01  6.72063E+05 -8.64319E+01
    5.0807E+01  6.72063E+05 -8.64319E+01  6.72063E+05 -8.64319E+01  6.72063E+05 -8.64319E+01
    5.0866E+01  6.72063E+05 -8.64319E+01  6.72063E+05 -8.64319E+01  6.72063E+05 -8.64319E+01
    5.0925E+01  6.72063E+05 -8.64319E+01  6.72063E+05 -8.64319E+01  6.72063E+05 -8.64319E+01
    5.0984E+01  6.72063E+05 -8.64319E+01  6.72063E+05 -8.64319E+01  6.72063E+05 -8.64319E+01
    5.1043E+01  6.72063E+05 -8.64319E+01  6.72063E+05 -8.64319E+01  6.72063E+05 -8.64319E+01
    5.1103E+01  6.72063E+05 -8.64319E+01  6.72063E+05 -8.64319E+01  6.72063E+05 -8.64319E+01
    5.1162E+01  6.72063E+05 -8.64319E+01  6.72063E+05 -8.64319E+01  6.72063E+05 -8.64319E+01
    5.1221E+01  6.92703E+05 -8.75197E+01  6.92703E+05 -8.75197E+01  6.92703E+05 -8.75197E+01
    5.1280E+01  7.02151E+05 -8.78959E+01  7.02151E+05 -8.78959E+01  7.02151E+05 -8.78959E+01
    5.1339E+01  7.02151E+05 -8.78959E+01  7.02151E+05 -8.78959E+01  7.02151E+05 -8.78959E+01
    5.1398E+01  7.11463E+05 -8.83586E+01  7.11463E+05 -8.83586E+01  7.11463E+05 -8.83586E+01
    5.1457E+01  7.11463E+05 -8.83586E+01  7.11463E+05 -8.83586E+01  7.11463E+05 -8.83586E+01
    5.1517E+01  7.11463E+05 -8.83586E+01  7.11463E+05 -8.83586E+01  7.11463E+05 -8.83586E+01
    5.1576E+01  7.11463E+05 -8.83586E+01  7.11463E+05 -8.83586E+01  7.11463E+05 -8.83586E+01
    5.1635E+01  7.11463E+05 -8.83586E+01  7.11463E+05 -8.83586E+01  7.11463E+05 -8.83586E+01
    5.1694E+01  7.11463E+05 -8.83586E+01  7.11463E+05 -8.83586E+01  7.11463E+05 -8.83586E+01
    5.1753E+01  7.11463E+05 -8.83586E+01  7.11463E+05 -8.83586E+01  7.11463E+05 -8.83586E+01
    5.1812E+01  7.11463E+05 -8.83586E+01  7.11463E+05 -8.83586E+01  7.11463E+05 -8.83586E+01
    5.1871E+01  7.11463E+05 -8.83586E+01  7.11463E+05 -8.83586E+01  7.11463E+05 -8.83586E+01
    5.1931E+01  7.11463E+05 -8.83586E+01  7.11463E+05 -8.83586E+01  7.11463E+05 -8.83586E+01
    5.1990E+01  7.11463E+05 -8.83586E+01  7.11463E+05 -8.83586E+01  7.11463E+05 -8.83586E+01
    5.2049E+01  7.11463E+05 -8.83586E+01  7.11463E+05 -8.83586E+01  7.11463E+05 -8.83586E+01
    5.2108E+01  7.11463E+05 -8.83586E+01  7.11463E+05 -8.83586E+01  7.11463E+05 -8.83586E+01
    5.2167E+01  7.11463E+05 -8.83586E+01  7.11463E+05 -8.83586E+01  7.11463E+05 -8.83586E+01
    5.2226E+01  7.11463E+05 -8.83586E+01  7.11463E+05 -8.83586E+01  7.11463E+05 -8.83586E+01
    5.2285E+01  7.11463E+05 -8.83586E+01  7.11463E+05 -8.83586E+01  7.11463E+05 -8.83586E+01
    5.2345E+01  7.11463E+05 -8.83586E+01  7.11463E+05 -8.83586E+01  7.11463E+05 -8.83586E+01
    5.2404E+01  7.11463E+05 -8.83586E+01  7.11463E+05 -8.83586E+01  7.11463E+05 -8.83586E+01
    5.2463E+01  7.11463E+05 -8.83586E+01  7.11463E+05 -8.83586E+01  7.11463E+05 -8.83586E+01
    5.2522E+01  7.11463E+05 -8.83586E+01  7.11463E+05 -8.83586E+01  7.11463E+05 -8.83586E+01
    5.2581E+01  7.11463E+05 -8.83586E+01  7.11463E+05 -8.83586E+01  7.11463E+05 -8.83586E+01
    5.2640E+01  7.11463E+05 -8.83586E+01  7.11463E+05 -8.83586E+01  7.11463E+05 -8.83586E+01
    5.2700E+01  7.11463E+05 -8.83586E+01  7.11463E+05 -8.83586E+01  7.11463E+05 -8.83586E+01
    5.2759E+01  7.11463E+05 -8.83586E+01  7.11463E+05 -8.83586E+01  7.11463E+05 -8.83586E+01
    5.2818E+01  7.11463E+05 -8.83586E+01  7.11463E+05 -8.83586E+01  7.11463E+05 -8.83586E+01
    5.2877E+01  7.11463E+05 -8.83586E+01  7.11463E+05 -8.83586E+01  7.11463E+05 -8.83586E+01
    5.2936E+01  7.11463E+05 -8.83586E+01  7.11463E+05 -8.83586E+01  7.11463E+05 -8.83586E+01
    5.2995E+01  7.11463E+05 -8.83586E+01  7.11463E+05 -8.83586E+01  7.11463E+05 -8.83586E+01
    5.3054E+01  7.11463E+05 -8.83586E+01  7.11463E+05 -8.83586E+01  7.11463E+05 -8.83586E+01
    5.3114E+01  7.11463E+05 -8.83586E+01  7.11463E+05 -8.83586E+01  7.11463E+05 -8.83586E+01
    5.3173E+01  7.11463E+05 -8.83586E+01  7.11463E+05 -8.83586E+01  7.11463E+05 -8.83586E+01
    5.3232E+01  7.11463E+05 -8.83586E+01  7.11463E+05 -8.83586E+01  7.11463E+05 -8.83586E+01
    5.3291E+01  7.11463E+05 -8.83586E+01  7.11463E+05 -8.83586E+01  7.11463E+05 -8.83586E+01
    5.3350E+01  7.11463E+05 -8.83586E+01  7.11463E+05 -8.83586E+01  7.11463E+05 -8.83586E+01
    5.3409E+01  7.11463E+05 -8.83586E+01  7.11463E+05 -8.83586E+01  7.11463E+05 -8.83586E+01
    5.3468E+01  7.11463E+05 -8.83586E+01  7.11463E+05 -8.83586E+01  7.11463E+05 -8.83586E+01
    5.3528E+01  7.11463E+05 -8.83586E+01  7.11463E+05 -8.83586E+01  7.11463E+05 -8.83586E+01
    5.3587E+01  7.11463E+05 -8.83586E+01  7.11463E+05 -8.83586E+01  7.11463E+05 -8.83586E+01
    5.3646E+01  7.11463E+05 -8.83586E+01  7.11463E+05 -8.83586E+01  7.11463E+05 -8.83586E+01
    5.3705E+01  7.11463E+05 -8.83586E+01  7.11463E+05 -8.83586E+01  7.11463E+05 -8.83586E+01
    5.3764E+01  7.11463E+05 -8.83586E+01  7.11463E+05 -8.83586E+01  7.11463E+05 -8.83586E+01
    5.3823E+01  7.11463E+05 -8.83586E+01  7.11463E+05 -8.83586E+01  7.11463E+05 -8.83586E+01
    5.3882E+01  7.11463E+05 -8.83586E+01  7.11463E+05 -8.83586E+01  7.11463E+05 -8.83586E+01
    5.3942E+01  7.11463E+05 -8.83586E+01  7.11463E+05 -8.83586E+01  7.11463E+05 -8.83586E+01
    5.4001E+01  7.11463E+05 -8.83586E+01  7.11463E+05 -8.83586E+01  7.11463E+05 -8.83586E+01
    5.4060E+01  7.11463E+05 -8.83586E+01  7.11463E+05 -8.83586E+01  7.11463E+05 -8.83586E+01
    5.4119E+01  7.11463E+05 -8.83586E+01  7.11463E+05 -8.83586E+01  7.11463E+05 -8.83586E+01
    5.4178E+01  7.32771E+05 -8.91334E+01  7.32771E+05 -8.91334E+01  7.32771E+05 -8.91334E+01
    5.4237E+01  7.32771E+05 -8.91334E+01  7.32771E+05 -8.91334E+01  7.32771E+05 -8.91334E+01
    5.4296E+01  7.32771E+05 -8.91334E+01  7.32771E+05 -8.91334E+01  7.32771E+05 -8.91334E+01
    5.4356E+01  7.32771E+05 -8.91334E+01  7.32771E+05 -8.91334E+01  7.32771E+05 -8.91334E+01
    5.4415E+01  7.32771E+05 -8.91334E+01  7.32771E+05 -8.91334E+01  7.32771E+05 -8.91334E+01
    5.4474E+01  7.32771E+05 -8.91334E+01  7.32771E+05 -8.91334E+01  7.32771E+05 -8.91334E+01
    5.4533E+01  7.32771E+05 -8.91334E+01  7.32771E+05 -8.91334E+01  7.32771E+05 -8.91334E+01
    5.4592E+01  7.32771E+05 -8.91334E+01  7.32771E+05 -8.91334E+01  7.32771E+05 -8.91334E+01
    5.4651E+01  7.32771E+05 -8.91334E+01  7.32771E+05 -8.91334E+01  7.32771E+05 -8.91334E+01
    5.4710E+01  7.32771E+05 -8.91334E+01  7.32771E+05 -8.91334E+01  7.32771E+05 -8.91334E+01
    5.4770E+01  7.56130E+05 -9.00968E+01  7.56130E+05 -9.00968E+01  7.56130E+05 -9.00968E+01
    5.4829E+01  7.56130E+05 -9.00968E+01  7.56130E+05 -9.00968E+01  7.56130E+05 -9.00968E+01
    5.4888E+01  7.56130E+05 -9.00968E+01  7.56130E+05 -9.00968E+01  7.56130E+05 -9.00968E+01
    5.4947E+01  7.56130E+05 -9.00968E+01  7.56130E+05 -9.00968E+01  7.56130E+05 -9.00968E+01
    5.5006E+01  7.56130E+05 -9.00968E+01  7.56130E+05 -9.00968E+01  7.56130E+05 -9.00968E+01
    5.5065E+01  7.56130E+05 -9.00968E+01  7.56130E+05 -9.00968E+01  7.56130E+05 -9.00968E+01
    5.5125E+01  7.56130E+05 -9.00968E+01  7.56130E+05 -9.00968E+01  7.56130E+05 -9.00968E+01
    5.5184E+01  7.77473E+05 -9.15806E+01  7.77473E+05 -9.15806E+01  7.77473E+05 -9.15806E+01
    5.5243E+01  7.77473E+05 -9.15806E+01  7.77473E+05 -9.15806E+01  7.77473E+05 -9.15806E+01
    5.5302E+01  7.77473E+05 -9.15806E+01  7.77473E+05 -9.15806E+01  7.77473E+05 -9.15806E+01
    5.5361E+01  7.77473E+05 -9.15806E+01  7.77473E+05 -9.15806E+01  7.77473E+05 -9.15806E+01
    5.5420E+01  7.77473E+05 -9.15806E+01  7.77473E+05 -9.15806E+01  7.77473E+05 -9.15806E+01
    5.5479E+01  7.77473E+05 -9.15806E+01  7.77473E+05 -9.15806E+01  7.77473E+05 -9.15806E+01
    5.5539E+01  7.77473E+05 -9.15806E+01  7.77473E+05 -9.15806E+01  7.77473E+05 -9.15806E+01
    5.5598E+01  7.88108E+05 -9.16276E+01  7.88108E+05 -9.16276E+01  7.88108E+05 -9.16276E+01
    5.5657E+01  7.88108E+05 -9.16276E+01  7.88108E+05 -9.16276E+01  7.88108E+05 -9.16276E+01
    5.5716E+01  7.88108E+05 -9.16276E+01  7.88108E+05 -9.16276E+01  7.88108E+05 -9.16276E+01
    5.5775E+01  7.88108E+05 -9.16276E+01  7.88108E+05 -9.16276E+01  7.88108E+05 -9.16276E+01
    5.5834E+01  7.88108E+05 -9.16276E+01  7.88108E+05 -9.16276E+01  7.88108E+05 -9.16276E+01
    5.5893E+01  7.88108E+05 -9.16276E+01  7.88108E+05 -9.16276E+01  7.88108E+05 -9.16276E+01
    5.5953E+01  7.88108E+05 -9.16276E+01  7.88108E+05 -9.16276E+01  7.88108E+05 -9.16276E+01
    5.6012E+01  7.88108E+05 -9.16276E+01  7.88108E+05 -9.16276E+01  7.88108E+05 -9.16276E+01
    5.6071E+01  7.88108E+05 -9.16276E+01  7.88108E+05 -9.16276E+01  7.88108E+05 -9.16276E+01
    5.6130E+01  7.88108E+05 -9.16276E+01  7.88108E+05 -9.16276E+01  7.88108E+05 -9.16276E+01
    5.6189E+01  7.88108E+05 -9.16276E+01  7.88108E+05 -9.16276E+01  7.88108E+05 -9.16276E+01
    5.6248E+01  7.88108E+05 -9.16276E+01  7.88108E+05 -9.16276E+01  7.88108E+05 -9.16276E+01
    5.6307E+01  7.88108E+05 -9.16276E+01  7.88108E+05 -9.16276E+01  7.88108E+05 -9.16276E+01
    5.6367E+01  7.88108E+05 -9.16276E+01  7.88108E+05 -9.16276E+01  7.88108E+05 -9.16276E+01
    5.6426E+01  8.36480E+05 -9.37938E+01  8.36480E+05 -9.37938E+01  8.36480E+05 -9.37938E+01
    5.6485E+01  8.36480E+05 -9.37938E+01  8.36480E+05 -9.37938E+01  8.36480E+05 -9.37938E+01
    5.6544E+01  8.36480E+05 -9.37938E+01  8.36480E+05 -9.37938E+01  8.36480E+05 -9.37938E+01
    5.6603E+01  8.36480E+05 -9.37938E+01  8.36480E+05 -9.37938E+01  8.36480E+05 -9.37938E+01
    5.6662E+01  8.36480E+05 -9.37938E+01  8.36480E+05 -9.37938E+01  8.36480E+05 -9.37938E+01
    5.6721E+01  8.36480E+05 -9.37938E+01  8.36480E+05 -9.37938E+01  8.36480E+05 -9.37938E+01
    5.6781E+01  8.36480E+05 -9.37938E+01  8.36480E+05 -9.37938E+01  8.36480E+05 -9.37938E+01
    5.6840E+01  8.36480E+05 -9.37938E+01  8.36480E+05 -9.37938E+01  8.36480E+05 -9.37938E+01
    5.6899E+01  8.36480E+05 -9.37938E+01  8.36480E+05 -9.37938E+01  8.36480E+05 -9.37938E+01
    5.6958E+01  8.36480E+05 -9.37938E+01  8.36480E+05 -9.37938E+01  8.36480E+05 -9.37938E+01
    5.7017E+01  8.36480E+05 -9.37938E+01  8.36480E+05 -9.37938E+01  8.36480E+05 -9.37938E+01
    5.7076E+01  8.47766E+05 -9.39093E+01  8.47766E+05 -9.39093E+01  8.47766E+05 -9.39093E+01
    5.7135E+01  8.47766E+05 -9.39093E+01  8.47766E+05 -9.39093E+01  8.47766E+05 -9.39093E+01
    5.7195E+01  8.47766E+05 -9.39093E+01  8.47766E+05 -9.39093E+01  8.47766E+05 -9.39093E+01
    5.7254E+01  8.47766E+05 -9.39093E+01  8.47766E+05 -9.39093E+01  8.47766E+05 -9.39093E+01
    5.7313E+01  8.47766E+05 -9.39093E+01  8.47766E+05 -9.39093E+01  8.47766E+05 -9.39093E+01
    5.7372E+01  8.47766E+05 -9.39093E+01  8.47766E+05 -9.39093E+01  8.47766E+05 -9.39093E+01
    5.7431E+01  8.71034E+05 -9.40929E+01  8.71034E+05 -9.40929E+01  8.71034E+05 -9.40929E+01
    5.7490E+01  8.71034E+05 -9.40929E+01  8.71034E+05 -9.40929E+01  8.71034E+05 -9.40929E+01
    5.7550E+01  8.71034E+05 -9.40929E+01  8.71034E+05 -9.40929E+01  8.71034E+05 -9.40929E+01
    5.7609E+01  8.71034E+05 -9.40929E+01  8.71034E+05 -9.40929E+01  8.71034E+05 -9.40929E+01
    5.7668E+01  8.71034E+05 -9.40929E+01  8.71034E+05 -9.40929E+01  8.71034E+05 -9.40929E+01
    5.7727E+01  8.71034E+05 -9.40929E+01  8.71034E+05 -9.40929E+01  8.71034E+05 -9.40929E+01
    5.7786E+01  8.71034E+05 -9.40929E+01  8.71034E+05 -9.40929E+01  8.71034E+05 -9.40929E+01
    5.7845E+01  8.71034E+05 -9.40929E+01  8.71034E+05 -9.40929E+01  8.71034E+05 -9.40929E+01
    5.7904E+01  8.71034E+05 -9.40929E+01  8.71034E+05 -9.40929E+01  8.71034E+05 -9.40929E+01
    5.7964E+01  8.71034E+05 -9.40929E+01  8.71034E+05 -9.40929E+01  8.71034E+05 -9.40929E+01
    5.8023E+01  8.71034E+05 -9.40929E+01  8.71034E+05 -9.40929E+01  8.71034E+05 -9.40929E+01
    5.8082E+01  8.71034E+05 -9.40929E+01  8.71034E+05 -9.40929E+01  8.71034E+05 -9.40929E+01
    5.8141E+01  8.71034E+05 -9.40929E+01  8.71034E+05 -9.40929E+01  8.71034E+05 -9.40929E+01
    5.8200E+01  8.71034E+05 -9.40929E+01  8.71034E+05 -9.40929E+01  8.71034E+05 -9.40929E+01
    5.8259E+01  8.71034E+05 -9.40929E+01  8.71034E+05 -9.40929E+01  8.71034E+05 -9.40929E+01
    5.8318E+01  8.71034E+05 -9.40929E+01  8.71034E+05 -9.40929E+01  8.71034E+05 -9.40929E+01
    5.8378E+01  8.71034E+05 -9.40929E+01  8.71034E+05 -9.40929E+01  8.71034E+05 -9.40929E+01
    5.8437E+01  8.71034E+05 -9.40929E+01  8.71034E+05 -9.40929E+01  8.71034E+05 -9.40929E+01
    5.8496E+01  8.71034E+05 -9.40929E+01  8.71034E+05 -9.40929E+01  8.71034E+05 -9.40929E+01
    5.8555E+01  8.71034E+05 -9.40929E+01  8.71034E+05 -9.40929E+01  8.71034E+05 -9.40929E+01
    5.8614E+01  8.71034E+05 -9.40929E+01  8.71034E+05 -9.40929E+01  8.71034E+05 -9.40929E+01
    5.8673E+01  8.71034E+05 -9.40929E+01  8.71034E+05 -9.40929E+01  8.71034E+05 -9.40929E+01
    5.8732E+01  8.71034E+05 -9.40929E+01  8.71034E+05 -9.40929E+01  8.71034E+05 -9.40929E+01
    5.8792E+01  8.71034E+05 -9.40929E+01  8.71034E+05 -9.40929E+01  8.71034E+05 -9.40929E+01
    5.8851E+01  8.71034E+05 -9.40929E+01  8.71034E+05 -9.40929E+01  8.71034E+05 -9.40929E+01
    5.8910E+01  8.71034E+05 -9.40929E+01  8.71034E+05 -9.40929E+01  8.71034E+05 -9.40929E+01
    5.8969E+01  8.71034E+05 -9.40929E+01  8.71034E+05 -9.40929E+01  8.71034E+05 -9.40929E+01
    5.9028E+01  8.71034E+05 -9.40929E+01  8.71034E+05 -9.40929E+01  8.71034E+05 -9.40929E+01
    5.9087E+01  8.71034E+05 -9.40929E+01  8.71034E+05 -9.40929E+01  8.71034E+05 -9.40929E+01
