    0.0000E+00  0.00000E+00  0.00000E+00  0.00000E+00  0.00000E+00  0.00000E+00  0.00000E+00
    5.9146E-02  0.00000E+00  0.00000E+00  0.00000E+00  0.00000E+00  0.00000E+00  0.00000E+00
    1.1829E-01  0.00000E+00  0.00000E+00  0.00000E+00  0.00000E+00  0.00000E+00  0.00000E+00
    1.7744E-01  0.00000E+00  0.00000E+00  0.00000E+00  0.00000E+00  0.00000E+00  0.00000E+00
    2.3659E-01  0.00000E+00  0.00000E+00  0.00000E+00  0.00000E+00  0.00000E+00  0.00000E+00
    2.9573E-01  0.00000E+00  0.00000E+00  0.00000E+00  0.00000E+00  0.00000E+00  0.00000E+00
    3.5488E-01  0.00000E+00  0.00000E+00  0.00000E+00  0.00000E+00  0.00000E+00  0.00000E+00
    4.1403E-01  0.00000E+00  0.00000E+00  0.00000E+00  0.00000E+00  0.00000E+00  0.00000E+00
    4.7317E-01  0.00000E+00  0.00000E+00  0.00000E+00  0.00000E+00  0.00000E+00  0.00000E+00
    5.3232E-01  0.00000E+00  0.00000E+00  0.00000E+00  0.00000E+00  0.00000E+00  0.00000E+00
    5.9146E-01  0.00000E+00  0.00000E+00  0.00000E+00  0.00000E+00  0.00000E+00  0.00000E+00
    6.5061E-01  0.00000E+00  0.00000E+00  0.00000E+00  0.00000E+00  0.00000E+00  0.00000E+00
    7.0976E-01  0.00000E+00  0.00000E+00  0.00000E+00  0.00000E+00  0.00000E+00  0.00000E+00
    7.6890E-01  0.00000E+00  0.00000E+00  0.00000E+00  0.00000E+00  0.00000E+00  0.00000E+00
    8.2805E-01  0.00000E+00  0.00000E+00  0.00000E+00  0.00000E+00  0.00000E+00  0.00000E+00
    8.8720E-01  0.00000E+00  0.00000E+00  0.00000E+00  0.00000E+00  0.00000E+00  0.00000E+00
    9.4634E-01  0.00000E+00  0.00000E+00  0.00000E+00  0.00000E+00  0.00000E+00  0.00000E+00
    1.0055E+00  0.00000E+00  0.00000E+00  0.00000E+00  0.00000E+00  0.00000E+00  0.00000E+00
    1.0646E+00  0.00000E+00  0.00000E+00  0.00000E+00  0.00000E+00  0.00000E+00  0.00000E+00
    1.1238E+00  0.00000E+00  0.00000E+00  0.00000E+00  0.00000E+00  0.00000E+00  0.00000E+00
    1.1829E+00  0.00000E+00  0.00000E+00  0.00000E+00  0.00000E+00  0.00000E+00  0.00000E+00
    1.2421E+00  0.00000E+00  0.00000E+00  0.00000E+00  0.00000E+00  0.00000E+00  0.00000E+00
    1.3012E+00  0.00000E+00  0.00000E+00  0.00000E+00  0.00000E+00  0.00000E+00  0.00000E+00
    1.3604E+00  0.00000E+00  0.00000E+00  0.00000E+00  0.00000E+00  0.00000E+00  0.00000E+00
    1.4195E+00  0.00000E+00  0.00000E+00  0.00000E+00  0.00000E+00  0.00000E+00  0.00000E+00
    1.4787E+00  0.00000E+00  0.00000E+00  0.00000E+00  0.00000E+00  0.00000E+00  0.00000E+00
    1.5378E+00  0.00000E+00  0.00000E+00  0.00000E+00  0.00000E+00  0.00000E+00  0.00000E+00
    1.5970E+00  0.00000E+00  0.00000E+00  0.00000E+00  0.00000E+00  0.00000E+00  0.00000E+00
    1.6561E+00  0.00000E+00  0.00000E+00  0.00000E+00  0.00000E+00  0.00000E+00  0.00000E+00
    1.7152E+00  0.00000E+00  0.00000E+00  0.00000E+00  0.00000E+00  0.00000E+00  0.00000E+00
    1.7744E+00  0.00000E+00  0.00000E+00  0.00000E+00  0.00000E+00  0.00000E+00  0.00000E+00
    1.8335E+00  0.00000E+00  0.00000E+00  0.00000E+00  0.00000E+00  0.00000E+00  0.00000E+00
    1.8927E+00  0.00000E+00  0.00000E+00  0.00000E+00  0.00000E+00  0.00000E+00  0.00000E+00
    1.9518E+00  0.00000E+00  0.00000E+00  0.00000E+00  0.00000E+00  0.00000E+00  0.00000E+00
    2.0110E+00  0.00000E+00  0.00000E+00  0.00000E+00  0.00000E+00  0.00000E+00  0.00000E+00
    2.0701E+00  0.00000E+00  0.00000E+00  0.00000E+00  0.00000E+00  0.00000E+00  0.00000E+00
    2.1293E+00  0.00000E+00  0.00000E+00  0.00000E+00  0.00000E+00  0.00000E+00  0.00000E+00
    2.1884E+00  0.00000E+00  0.00000E+00  0.00000E+00  0.00000E+00  0.00000E+00  0.00000E+00
    2.2476E+00  0.00000E+00  0.00000E+00  0.00000E+00  0.00000E+00  0.00000E+00  0.00000E+00
    2.3067E+00  0.00000E+00  0.00000E+00  0.00000E+00  0.00000E+00  0.00000E+00  0.00000E+00
    2.3659E+00  0.00000E+00  0.00000E+00  0.00000E+00  0.00000E+00  0.00000E+00  0.00000E+00
    2.4250E+00  0.00000E+00  0.00000E+00  0.00000E+00  0.00000E+00  0.00000E+00  0.00000E+00
    2.4842E+00  0.00000E+00  0.00000E+00  0.00000E+00  0.00000E+00  0.00000E+00  0.00000E+00
    2.5433E+00  0.00000E+00  0.00000E+00  0.00000E+00  0.00000E+00  0.00000E+00  0.00000E+00
    2.6024E+00  0.00000E+00  0.00000E+00  0.00000E+00  0.00000E+00  0.00000E+00  0.00000E+00
    2.6616E+00  0.00000E+00  0.00000E+00  0.00000E+00  0.00000E+00  0.00000E+00  0.00000E+00
    2.7207E+00  0.00000E+00  0.00000E+00  0.00000E+00  0.00000E+00  0.00000E+00  0.00000E+00
    2.7799E+00  0.00000E+00  0.00000E+00  0.00000E+00  0.00000E+00  0.00000E+00  0.00000E+00
    2.8390E+00  0.00000E+00  0.00000E+00  0.00000E+00  0.00000E+00  0.00000E+00  0.00000E+00
    2.8982E+00  1.13640E+00  2.01462E-04  1.13640E+00  2.01462E-04  1.13640E+00  2.01462E-04
    2.9573E+00  1.13640E+00  2.01462E-04  1.13640E+00  2.01462E-04  1.13640E+00  2.01462E-04
    3.0165E+00  1.13640E+00  2.01462E-04  1.13640E+00  2.01462E-04  1.13640E+00  2.01462E-04
    3.0756E+00  1.13640E+00  2.01462E-04  1.13640E+00  2.01462E-04  1.13640E+00  2.01462E-04
    3.1348E+00  1.13640E+00  2.01462E-04  1.13640E+00  2.01462E-04  1.13640E+00  2.01462E-04
    3.1939E+00  1.13640E+00  2.01462E-04  1.13640E+00  2.01462E-04  1.13640E+00  2.01462E-04
    3.2531E+00  1.13640E+00  2.01462E-04  1.13640E+00  2.01462E-04  1.13640E+00  2.01462E-04
    3.3122E+00  1.13640E+00  2.01462E-04  1.13640E+00  2.01462E-04  1.13640E+00  2.01462E-04
    3.3713E+00  1.13640E+00  2.01462E-04  1.13640E+00  2.01462E-04  1.13640E+00  2.01462E-04
    3.4305E+00  1.13640E+00  2.01462E-04  1.13640E+00  2.01462E-04  1.13640E+00  2.01462E-04
    3.4896E+00  1.13640E+00  2.01462E-04  1.13640E+00  2.01462E-04  1.13640E+00  2.01462E-04
    3.5488E+00  1.13640E+00  2.01462E-04  1.13640E+00  2.01462E-04  1.13640E+00  2.01462E-04
    3.6079E+00  1.13640E+00  2.01462E-04  1.13640E+00  2.01462E-04  1.13640E+00  2.01462E-04
    3.6671E+00  1.13640E+00  2.01462E-04  1.13640E+00  2.01462E-04  1.13640E+00  2.01462E-04
    3.7262E+00  1.13640E+00  2.01462E-04  1.13640E+00  2.01462E-04  1.13640E+00  2.01462E-04
    3.7854E+00  1.13640E+00  2.01462E-04  1.13640E+00  2.01462E-04  1.13640E+00  2.01462E-04
    3.8445E+00  1.13640E+00  2.01462E-04  1.13640E+00  2.01462E-04  1.13640E+00  2.01462E-04
    3.9037E+00  1.13640E+00  2.01462E-04  1.13640E+00  2.01462E-04  1.13640E+00  2.01462E-04
    3.9628E+00  1.13640E+00  2.01462E-04  1.13640E+00  2.01462E-04  1.13640E+00  2.01462E-04
    4.0220E+00  1.13640E+00  2.01462E-04  1.13640E+00  2.01462E-04  1.13640E+00  2.01462E-04
    4.0811E+00  1.13640E+00  2.01462E-04  1.13640E+00  2.01462E-04  1.13640E+00  2.01462E-04
    4.1403E+00  3.91805E+00  6.66376E-04  3.91805E+00  6.66376E-04  3.91805E+00  6.66376E-04
    4.1994E+00  3.91805E+00  6.66376E-04  3.91805E+00  6.66376E-04  3.91805E+00  6.66376E-04
    4.2585E+00  3.91805E+00  6.66376E-04  3.91805E+00  6.66376E-04  3.91805E+00  6.66376E-04
    4.3177E+00  3.91805E+00  6.66376E-04  3.91805E+00  6.66376E-04  3.91805E+00  6.66376E-04
    4.3768E+00  3.91805E+00  6.66376E-04  3.91805E+00  6.66376E-04  3.91805E+00  6.66376E-04
    4.4360E+00  3.91805E+00  6.66376E-04  3.91805E+00  6.66376E-04  3.91805E+00  6.66376E-04
    4.4951E+00  3.91805E+00  6.66376E-04  3.91805E+00  6.66376E-04  3.91805E+00  6.66376E-04
    4.5543E+00  3.91805E+00  6.66376E-04  3.91805E+00  6.66376E-04  3.91805E+00  6.66376E-04
    4.6134E+00  3.91805E+00  6.66376E-04  3.91805E+00  6.66376E-04  3.91805E+00  6.66376E-04
    4.6726E+00  3.91805E+00  6.66376E-04  3.91805E+00  6.66376E-04  3.91805E+00  6.66376E-04
    4.7317E+00  3.91805E+00  6.66376E-04  3.91805E+00  6.66376E-04  3.91805E+00  6.66376E-04
    4.7909E+00  3.91805E+00  6.66376E-04  3.91805E+00  6.66376E-04  3.91805E+00  6.66376E-04
    4.8500E+00  3.91805E+00  6.66376E-04  3.91805E+00  6.66376E-04  3.91805E+00  6.66376E-04
    4.9092E+00  3.91805E+00  6.66376E-04  3.91805E+00  6.66376E-04  3.91805E+00  6.66376E-04
    4.9683E+00  3.91805E+00  6.66376E-04  3.91805E+00  6.66376E-04  3.91805E+00  6.66376E-04
    5.0274E+00  3.91805E+00  6.66376E-04  3.91805E+00  6.66376E-04  3.91805E+00  6.66376E-04
    5.0866E+00  3.91805E+00  6.66376E-04  3.91805E+00  6.66376E-04  3.91805E+00  6.66376E-04
    5.1457E+00  3.91805E+00  6.66376E-04  3.91805E+00  6.66376E-04  3.91805E+00  6.66376E-04
    5.2049E+00  3.91805E+00  6.66376E-04  3.91805E+00  6.66376E-04  3.91805E+00  6.66376E-04
    5.2640E+00  3.91805E+00  6.66376E-04  3.91805E+00  6.66376E-04  3.91805E+00  6.66376E-04
    5.3232E+00  3.91805E+00  6.66376E-04  3.91805E+00  6.66376E-04  3.91805E+00  6.66376E-04
    5.3823E+00  3.91805E+00  6.66376E-04  3.91805E+00  6.66376E-04  3.91805E+00  6.66376E-04
    5.4415E+00  3.91805E+00  6.66376E-04  3.91805E+00  6.66376E-04  3.91805E+00  6.66376E-04
    5.5006E+00  3.91805E+00  6.66376E-04  3.91805E+00  6.66376E-04  3.91805E+00  6.66376E-04
    5.5598E+00  3.91805E+00  6.66376E-04  3.91805E+00  6.66376E-04  3.91805E+00  6.66376E-04
    5.6189E+00  3.91805E+00  6.66376E-04  3.91805E+00  6.66376E-04  3.91805E+00  6.66376E-04
    5.6781E+00  3.91805E+00  6.66376E-04  3.91805E+00  6.66376E-04  3.91805E+00  6.66376E-04
    5.7372E+00  3.91805E+00  6.66376E-04  3.91805E+00  6.66376E-04  3.91805E+00  6.66376E-04
    5.7964E+00  3.91805E+00  6.66376E-04  3.91805E+00  6.66376E-04  3.91805E+00  6.66376E-04
    5.8555E+00  3.91805E+00  6.66376E-04  3.91805E+00  6.66376E-04  3.91805E+00  6.66376E-04
    5.9146E+00  3.91805E+00  6.66376E-04  3.91805E+00  6.66376E-04  3.91805E+00  6.66376E-04
    5.9738E+00  3.91805E+00  6.66376E-04  3.91805E+00  6.66376E-04  3.91805E+00  6.66376E-04
    6.0329E+00  3.91805E+00  6.66376E-04  3.91805E+00  6.66376E-04  3.91805E+00  6.66376E-04
    6.0921E+00  3.91805E+00  6.66376E-04  3.91805E+00  6.66376E-04  3.91805E+00  6.66376E-04
    6.1512E+00  3.91805E+00  6.66376E-04  3.91805E+00  6.66376E-04  3.91805E+00  6.66376E-04
    6.2104E+00  3.91805E+00  6.66376E-04  3.91805E+00  6.66376E-04  3.91805E+00  6.66376E-04
    6.2695E+00  3.91805E+00  6.66376E-04  3.91805E+00  6.66376E-04  3.91805E+00  6.66376E-04
    6.3287E+00  3.91805E+00  6.66376E-04  3.91805E+00  6.66376E-04  3.91805E+00  6.66376E-04
    6.3878E+00  3.91805E+00  6.66376E-04  3.91805E+00  6.66376E-04  3.91805E+00  6.66376E-04
    6.4470E+00  3.91805E+00  6.66376E-04  3.91805E+00  6.66376E-04  3.91805E+00  6.66376E-04
    6.5061E+00  3.91805E+00  6.66376E-04  3.91805E+00  6.66376E-04  3.91805E+00  6.66376E-04
    6.5653E+00  3.91805E+00  6.66376E-04  3.91805E+00  6.66376E-04  3.91805E+00  6.66376E-04
    6.6244E+00  3.91805E+00  6.66376E-04  3.91805E+00  6.66376E-04  3.91805E+00  6.66376E-04
    6.6836E+00  3.91805E+00  6.66376E-04  3.91805E+00  6.66376E-04  3.91805E+00  6.66376E-04
    6.7427E+00  3.91805E+00  6.66376E-04  3.91805E+00  6.66376E-04  3.91805E+00  6.66376E-04
    6.8018E+00  3.91805E+00  6.66376E-04  3.91805E+00  6.66376E-04  3.91805E+00  6.66376E-04
    6.8610E+00  3.91805E+00  6.66376E-04  3.91805E+00  6.66376E-04  3.91805E+00  6.66376E-04
    6.9201E+00  3.91805E+00  6.66376E-04  3.91805E+00  6.66376E-04  3.91805E+00  6.66376E-04
    6.9793E+00  3.91805E+00  6.66376E-04  3.91805E+00  6.66376E-04  3.91805E+00  6.66376E-04
    7.0384E+00  3.91805E+00  6.66376E-04  3.91805E+00  6.66376E-04  3.91805E+00  6.66376E-04
    7.0976E+00  3.91805E+00  6.66376E-04  3.91805E+00  6.66376E-04  3.91805E+00  6.66376E-04
    7.1567E+00  3.91805E+00  6.66376E-04  3.91805E+00  6.66376E-04  3.91805E+00  6.66376E-04
    7.2159E+00  3.91805E+00  6.66376E-04  3.91805E+00  6.66376E-04  3.91805E+00  6.66376E-04
    7.2750E+00  3.91805E+00  6.66376E-04  3.91805E+00  6.66376E-04  3.91805E+00  6.66376E-04
    7.3342E+00  3.91805E+00  6.66376E-04  3.91805E+00  6.66376E-04  3.91805E+00  6.66376E-04
    7.3933E+00  3.91805E+00  6.66376E-04  3.91805E+00  6.66376E-04  3.91805E+00  6.66376E-04
    7.4525E+00  3.91805E+00  6.66376E-04  3.91805E+00  6.66376E-04  3.91805E+00  6.66376E-04
    7.5116E+00  3.91805E+00  6.66376E-04  3.91805E+00  6.66376E-04  3.91805E+00  6.66376E-04
    7.5707E+00  3.91805E+00  6.66376E-04  3.91805E+00  6.66376E-04  3.91805E+00  6.66376E-04
    7.6299E+00  3.91805E+00  6.66376E-04  3.91805E+00  6.66376E-04  3.91805E+00  6.66376E-04
    7.6890E+00  3.91805E+00  6.66376E-04  3.91805E+00  6.66376E-04  3.91805E+00  6.66376E-04
    7.7482E+00  3.91805E+00  6.66376E-04  3.91805E+00  6.66376E-04  3.91805E+00  6.66376E-04
    7.8073E+00  2.08883E+01  3.11324E-03  2.08883E+01  3.11324E-03  2.08883E+01  3.11324E-03
    7.8665E+00  2.08883E+01  3.11324E-03  2.08883E+01  3.11324E-03  2.08883E+01  3.11324E-03
    7.9256E+00  2.08883E+01  3.11324E-03  2.08883E+01  3.11324E-03  2.08883E+01  3.11324E-03
    7.9848E+00  2.08883E+01  3.11324E-03  2.08883E+01  3.11324E-03  2.08883E+01  3.11324E-03
    8.0439E+00  2.08883E+01  3.11324E-03  2.08883E+01  3.11324E-03  2.08883E+01  3.11324E-03
    8.1031E+00  2.08883E+01  3.11324E-03  2.08883E+01  3.11324E-03  2.08883E+01  3.11324E-03
    8.1622E+00  2.08883E+01  3.11324E-03  2.08883E+01  3.11324E-03  2.08883E+01  3.11324E-03
    8.2214E+00  2.08883E+01  3.11324E-03  2.08883E+01  3.11324E-03  2.08883E+01  3.11324E-03
    8.2805E+00  2.08883E+01  3.11324E-03  2.08883E+01  3.11324E-03  2.08883E+01  3.11324E-03
    8.3397E+00  2.08883E+01  3.11324E-03  2.08883E+01  3.11324E-03  2.08883E+01  3.11324E-03
    8.3988E+00  2.08883E+01  3.11324E-03  2.08883E+01  3.11324E-03  2.08883E+01  3.11324E-03
    8.4579E+00  2.08883E+01  3.11324E-03  2.08883E+01  3.11324E-03  2.08883E+01  3.11324E-03
    8.5171E+00  2.08883E+01  3.11324E-03  2.08883E+01  3.11324E-03  2.08883E+01  3.11324E-03
    8.5762E+00  2.08883E+01  3.11324E-03  2.08883E+01  3.11324E-03  2.08883E+01  3.11324E-03
    8.6354E+00  2.08883E+01  3.11324E-03  2.08883E+01  3.11324E-03  2.08883E+01  3.11324E-03
    8.6945E+00  2.08883E+01  3.11324E-03  2.08883E+01  3.11324E-03  2.08883E+01  3.11324E-03
    8.7537E+00  2.08883E+01  3.11324E-03  2.08883E+01  3.11324E-03  2.08883E+01  3.11324E-03
    8.8128E+00  2.08883E+01  3.11324E-03  2.08883E+01  3.11324E-03  2.08883E+01  3.11324E-03
    8.8720E+00  2.08883E+01  3.11324E-03  2.08883E+01  3.11324E-03  2.08883E+01  3.11324E-03
    8.9311E+00  2.08883E+01  3.11324E-03  2.08883E+01  3.11324E-03  2.08883E+01  3.11324E-03
    8.9903E+00  2.08883E+01  3.11324E-03  2.08883E+01  3.11324E-03  2.08883E+01  3.11324E-03
    9.0494E+00  2.08883E+01  3.11324E-03  2.08883E+01  3.11324E-03  2.08883E+01  3.11324E-03
    9.1086E+00  2.08883E+01  3.11324E-03  2.08883E+01  3.11324E-03  2.08883E+01  3.11324E-03
    9.1677E+00  2.08883E+01  3.11324E-03  2.08883E+01  3.11324E-03  2.08883E+01  3.11324E-03
    9.2268E+00  2.08883E+01  3.11324E-03  2.08883E+01  3.11324E-03  2.08883E+01  3.11324E-03
    9.2860E+00  2.08883E+01  3.11324E-03  2.08883E+01  3.11324E-03  2.08883E+01  3.11324E-03
    9.3451E+00  2.08883E+01  3.11324E-03  2.08883E+01  3.11324E-03  2.08883E+01  3.11324E-03
    9.4043E+00  2.08883E+01  3.11324E-03  2.08883E+01  3.11324E-03  2.08883E+01  3.11324E-03
    9.4634E+00  2.08883E+01  3.11324E-03  2.08883E+01  3.11324E-03  2.08883E+01  3.11324E-03
    9.5226E+00  2.08883E+01  3.11324E-03  2.08883E+01  3.11324E-03  2.08883E+01  3.11324E-03
    9.5817E+00  2.08883E+01  3.11324E-03  2.08883E+01  3.11324E-03  2.08883E+01  3.11324E-03
    9.6409E+00  2.08883E+01  3.11324E-03  2.08883E+01  3.11324E-03  2.08883E+01  3.11324E-03
    9.7000E+00  2.08883E+01  3.11324E-03  2.08883E+01  3.11324E-03  2.08883E+01  3.11324E-03
    9.7592E+00  2.08883E+01  3.11324E-03  2.08883E+01  3.11324E-03  2.08883E+01  3.11324E-03
    9.8183E+00  2.08883E+01  3.11324E-03  2.08883E+01  3.11324E-03  2.08883E+01  3.11324E-03
    9.8775E+00  2.08883E+01  3.11324E-03  2.08883E+01  3.11324E-03  2.08883E+01  3.11324E-03
    9.9366E+00  2.08883E+01  3.11324E-03  2.08883E+01  3.11324E-03  2.08883E+01  3.11324E-03
    9.9958E+00  2.08883E+01  3.11324E-03  2.08883E+01  3.11324E-03  2.08883E+01  3.11324E-03
    1.0055E+01  2.08883E+01  3.11324E-03  2.08883E+01  3.11324E-03  2.08883E+01  3.11324E-03
    1.0114E+01  2.08883E+01  3.11324E-03  2.08883E+01  3.11324E-03  2.08883E+01  3.11324E-03
    1.0173E+01  2.08883E+01  3.11324E-03  2.08883E+01  3.11324E-03  2.08883E+01  3.11324E-03
    1.0232E+01  2.08883E+01  3.11324E-03  2.08883E+01  3.11324E-03  2.08883E+01  3.11324E-03
    1.0291E+01  2.08883E+01  3.11324E-03  2.08883E+01  3.11324E-03  2.08883E+01  3.11324E-03
    1.0351E+01  2.08883E+01  3.11324E-03  2.08883E+01  3.11324E-03  2.08883E+01  3.11324E-03
    1.0410E+01  2.08883E+01  3.11324E-03  2.08883E+01  3.11324E-03  2.08883E+01  3.11324E-03
    1.0469E+01  2.08883E+01  3.11324E-03  2.08883E+01  3.11324E-03  2.08883E+01  3.11324E-03
    1.0528E+01  2.08883E+01  3.11324E-03  2.08883E+01  3.11324E-03  2.08883E+01  3.11324E-03
    1.0587E+01  2.08883E+01  3.11324E-03  2.08883E+01  3.11324E-03  2.08883E+01  3.11324E-03
    1.0646E+01  2.08883E+01  3.11324E-03  2.08883E+01  3.11324E-03  2.08883E+01  3.11324E-03
    1.0706E+01  7.33285E+01  8.81616E-03  7.33285E+01  8.81616E-03  7.33285E+01  8.81616E-03
    1.0765E+01  7.33285E+01  8.81616E-03  7.33285E+01  8.81616E-03  7.33285E+01  8.81616E-03
    1.0824E+01  7.33285E+01  8.81616E-03  7.33285E+01  8.81616E-03  7.33285E+01  8.81616E-03
    1.0883E+01  7.33285E+01  8.81616E-03  7.33285E+01  8.81616E-03  7.33285E+01  8.81616E-03
    1.0942E+01  7.33285E+01  8.81616E-03  7.33285E+01  8.81616E-03  7.33285E+01  8.81616E-03
    1.1001E+01  7.33285E+01  8.81616E-03  7.33285E+01  8.81616E-03  7.33285E+01  8.81616E-03
    1.1060E+01  9.05228E+01  1.18182E-02  9.05228E+01  1.18182E-02  9.05228E+01  1.18182E-02
    1.1120E+01  9.05228E+01  1.18182E-02  9.05228E+01  1.18182E-02  9.05228E+01  1.18182E-02
    1.1179E+01  9.05228E+01  1.18182E-02  9.05228E+01  1.18182E-02  9.05228E+01  1.18182E-02
    1.1238E+01  9.05228E+01  1.18182E-02  9.05228E+01  1.18182E-02  9.05228E+01  1.18182E-02
    1.1297E+01  9.05228E+01  1.18182E-02  9.05228E+01  1.18182E-02  9.05228E+01  1.18182E-02
    1.1356E+01  9.05228E+01  1.18182E-02  9.05228E+01  1.18182E-02  9.05228E+01  1.18182E-02
    1.1415E+01  9.05228E+01  1.18182E-02  9.05228E+01  1.18182E-02  9.05228E+01  1.18182E-02
    1.1474E+01  9.05228E+01  1.18182E-02  9.05228E+01  1.18182E-02  9.05228E+01  1.18182E-02
    1.1534E+01  9.05228E+01  1.18182E-02  9.05228E+01  1.18182E-02  9.05228E+01  1.18182E-02
    1.1593E+01  9.05228E+01  1.18182E-02  9.05228E+01  1.18182E-02  9.05228E+01  1.18182E-02
    1.1652E+01  9.05228E+01  1.18182E-02  9.05228E+01  1.18182E-02  9.05228E+01  1.18182E-02
    1.1711E+01  9.05228E+01  1.18182E-02  9.05228E+01  1.18182E-02  9.05228E+01  1.18182E-02
    1.1770E+01  9.05228E+01  1.18182E-02  9.05228E+01  1.18182E-02  9.05228E+01  1.18182E-02
    1.1829E+01  9.05228E+01  1.18182E-02  9.05228E+01  1.18182E-02  9.05228E+01  1.18182E-02
    1.1888E+01  9.05228E+01  1.18182E-02  9.05228E+01  1.18182E-02  9.05228E+01  1.18182E-02
    1.1948E+01  9.05228E+01  1.18182E-02  9.05228E+01  1.18182E-02  9.05228E+01  1.18182E-02
    1.2007E+01  9.05228E+01  1.18182E-02  9.05228E+01  1.18182E-02  9.05228E+01  1.18182E-02
    1.2066E+01  9.05228E+01  1.18182E-02  9.05228E+01  1.18182E-02  9.05228E+01  1.18182E-02
    1.2125E+01  9.05228E+01  1.18182E-02  9.05228E+01  1.18182E-02  9.05228E+01  1.18182E-02
    1.2184E+01  9.05228E+01  1.18182E-02  9.05228E+01  1.18182E-02  9.05228E+01  1.18182E-02
    1.2243E+01  9.05228E+01  1.18182E-02  9.05228E+01  1.18182E-02  9.05228E+01  1.18182E-02
    1.2302E+01  9.05228E+01  1.18182E-02  9.05228E+01  1.18182E-02  9.05228E+01  1.18182E-02
    1.2362E+01  9.05228E+01  1.18182E-02  9.05228E+01  1.18182E-02  9.05228E+01  1.18182E-02
    1.2421E+01  9.05228E+01  1.18182E-02  9.05228E+01  1.18182E-02  9.05228E+01  1.18182E-02
    1.2480E+01  9.05228E+01  1.18182E-02  9.05228E+01  1.18182E-02  9.05228E+01  1.18182E-02
    1.2539E+01  9.05228E+01  1.18182E-02  9.05228E+01  1.18182E-02  9.05228E+01  1.18182E-02
    1.2598E+01  9.05228E+01  1.18182E-02  9.05228E+01  1.18182E-02  9.05228E+01  1.18182E-02
    1.2657E+01  9.05228E+01  1.18182E-02  9.05228E+01  1.18182E-02  9.05228E+01  1.18182E-02
    1.2716E+01  9.05228E+01  1.18182E-02  9.05228E+01  1.18182E-02  9.05228E+01  1.18182E-02
    1.2776E+01  9.05228E+01  1.18182E-02  9.05228E+01  1.18182E-02  9.05228E+01  1.18182E-02
    1.2835E+01  9.05228E+01  1.18182E-02  9.05228E+01  1.18182E-02  9.05228E+01  1.18182E-02
    1.2894E+01  9.05228E+01  1.18182E-02  9.05228E+01  1.18182E-02  9.05228E+01  1.18182E-02
    1.2953E+01  9.05228E+01  1.18182E-02  9.05228E+01  1.18182E-02  9.05228E+01  1.18182E-02
    1.3012E+01  9.05228E+01  1.18182E-02  9.05228E+01  1.18182E-02  9.05228E+01  1.18182E-02
    1.3071E+01  9.05228E+01  1.18182E-02  9.05228E+01  1.18182E-02  9.05228E+01  1.18182E-02
    1.3131E+01  9.05228E+01  1.18182E-02  9.05228E+01  1.18182E-02  9.05228E+01  1.18182E-02
    1.3190E+01  9.05228E+01  1.18182E-02  9.05228E+01  1.18182E-02  9.05228E+01  1.18182E-02
    1.3249E+01  9.05228E+01  1.18182E-02  9.05228E+01  1.18182E-02  9.05228E+01  1.18182E-02
    1.3308E+01  9.05228E+01  1.18182E-02  9.05228E+01  1.18182E-02  9.05228E+01  1.18182E-02
    1.3367E+01  9.05228E+01  1.18182E-02  9.05228E+01  1.18182E-02  9.05228E+01  1.18182E-02
    1.3426E+01  9.05228E+01  1.18182E-02  9.05228E+01  1.18182E-02  9.05228E+01  1.18182E-02
    1.3485E+01  9.05228E+01  1.18182E-02  9.05228E+01  1.18182E-02  9.05228E+01  1.18182E-02
    1.3545E+01  9.05228E+01  1.18182E-02  9.05228E+01  1.18182E-02  9.05228E+01  1.18182E-02
    1.3604E+01  9.05228E+01  1.18182E-02  9.05228E+01  1.18182E-02  9.05228E+01  1.18182E-02
    1.3663E+01  9.05228E+01  1.18182E-02  9.05228E+01  1.18182E-02  9.05228E+01  1.18182E-02
    1.3722E+01  9.05228E+01  1.18182E-02  9.05228E+01  1.18182E-02  9.05228E+01  1.18182E-02
    1.3781E+01  9.05228E+01  1.18182E-02  9.05228E+01  1.18182E-02  9.05228E+01  1.18182E-02
    1.3840E+01  9.05228E+01  1.18182E-02  9.05228E+01  1.18182E-02  9.05228E+01  1.18182E-02
    1.3899E+01  9.05228E+01  1.18182E-02  9.05228E+01  1.18182E-02  9.05228E+01  1.18182E-02
    1.3959E+01  9.05228E+01  1.18182E-02  9.05228E+01  1.18182E-02  9.05228E+01  1.18182E-02
    1.4018E+01  9.05228E+01  1.18182E-02  9.05228E+01  1.18182E-02  9.05228E+01  1.18182E-02
    1.4077E+01  9.05228E+01  1.18182E-02  9.05228E+01  1.18182E-02  9.05228E+01  1.18182E-02
    1.4136E+01  9.05228E+01  1.18182E-02  9.05228E+01  1.18182E-02  9.05228E+01  1.18182E-02
    1.4195E+01  9.05228E+01  1.18182E-02  9.05228E+01  1.18182E-02  9.05228E+01  1.18182E-02
    1.4254E+01  9.05228E+01  1.18182E-02  9.05228E+01  1.18182E-02  9.05228E+01  1.18182E-02
    1.4313E+01  9.05228E+01  1.18182E-02  9.05228E+01  1.18182E-02  9.05228E+01  1.18182E-02
    1.4373E+01  2.30016E+02  2.04022E-02  2.30016E+02  2.04022E-02  2.30016E+02  2.04022E-02
    1.4432E+01  2.30016E+02  2.04022E-02  2.30016E+02  2.04022E-02  2.30016E+02  2.04022E-02
    1.4491E+01  2.30016E+02  2.04022E-02  2.30016E+02  2.04022E-02  2.30016E+02  2.04022E-02
    1.4550E+01  2.30016E+02  2.04022E-02  2.30016E+02  2.04022E-02  2.30016E+02  2.04022E-02
    1.4609E+01  2.30016E+02  2.04022E-02  2.30016E+02  2.04022E-02  2.30016E+02  2.04022E-02
    1.4668E+01  2.30016E+02  2.04022E-02  2.30016E+02  2.04022E-02  2.30016E+02  2.04022E-02
    1.4727E+01  2.30016E+02  2.04022E-02  2.30016E+02  2.04022E-02  2.30016E+02  2.04022E-02
    1.4787E+01  2.30016E+02  2.04022E-02  2.30016E+02  2.04022E-02  2.30016E+02  2.04022E-02
    1.4846E+01  2.30016E+02  2.04022E-02  2.30016E+02  2.04022E-02  2.30016E+02  2.04022E-02
    1.4905E+01  2.30016E+02  2.04022E-02  2.30016E+02  2.04022E-02  2.30016E+02  2.04022E-02
    1.4964E+01  2.30016E+02  2.04022E-02  2.30016E+02  2.04022E-02  2.30016E+02  2.04022E-02
    1.5023E+01  2.30016E+02  2.04022E-02  2.30016E+02  2.04022E-02  2.30016E+02  2.04022E-02
    1.5082E+01  2.30016E+02  2.04022E-02  2.30016E+02  2.04022E-02  2.30016E+02  2.04022E-02
    1.5141E+01  2.30016E+02  2.04022E-02  2.30016E+02  2.04022E-02  2.30016E+02  2.04022E-02
    1.5201E+01  2.30016E+02  2.04022E-02  2.30016E+02  2.04022E-02  2.30016E+02  2.04022E-02
    1.5260E+01  2.30016E+02  2.04022E-02  2.30016E+02  2.04022E-02  2.30016E+02  2.04022E-02
    1.5319E+01  2.30016E+02  2.04022E-02  2.30016E+02  2.04022E-02  2.30016E+02  2.04022E-02
    1.5378E+01  2.30016E+02  2.04022E-02  2.30016E+02  2.04022E-02  2.30016E+02  2.04022E-02
    1.5437E+01  2.30016E+02  2.04022E-02  2.30016E+02  2.04022E-02  2.30016E+02  2.04022E-02
    1.5496E+01  2.30016E+02  2.04022E-02  2.30016E+02  2.04022E-02  2.30016E+02  2.04022E-02
    1.5556E+01  2.30016E+02  2.04022E-02  2.30016E+02  2.04022E-02  2.30016E+02  2.04022E-02
    1.5615E+01  2.30016E+02  2.04022E-02  2.30016E+02  2.04022E-02  2.30016E+02  2.04022E-02
    1.5674E+01  2.30016E+02  2.04022E-02  2.30016E+02  2.04022E-02  2.30016E+02  2.04022E-02
    1.5733E+01  2.30016E+02  2.04022E-02  2.30016E+02  2.04022E-02  2.30016E+02  2.04022E-02
    1.5792E+01  2.30016E+02  2.04022E-02  2.30016E+02  2.04022E-02  2.30016E+02  2.04022E-02
    1.5851E+01  2.30016E+02  2.04022E-02  2.30016E+02  2.04022E-02  2.30016E+02  2.04022E-02
    1.5910E+01  2.30016E+02  2.04022E-02  2.30016E+02  2.04022E-02  2.30016E+02  2.04022E-02
    1.5970E+01  2.30016E+02  2.04022E-02  2.30016E+02  2.04022E-02  2.30016E+02  2.04022E-02
    1.6029E+01  2.30016E+02  2.04022E-02  2.30016E+02  2.04022E-02  2.30016E+02  2.04022E-02
    1.6088E+01  2.30016E+02  2.04022E-02  2.30016E+02  2.04022E-02  2.30016E+02  2.04022E-02
    1.6147E+01  2.30016E+02  2.04022E-02  2.30016E+02  2.04022E-02  2.30016E+02  2.04022E-02
    1.6206E+01  2.30016E+02  2.04022E-02  2.30016E+02  2.04022E-02  2.30016E+02  2.04022E-02
    1.6265E+01  2.30016E+02  2.04022E-02  2.30016E+02  2.04022E-02  2.30016E+02  2.04022E-02
    1.6324E+01  2.85294E+02  2.92032E-02  2.85294E+02  2.92032E-02  2.85294E+02  2.92032E-02
    1.6384E+01  2.85294E+02  2.92032E-02  2.85294E+02  2.92032E-02  2.85294E+02  2.92032E-02
    1.6443E+01  2.85294E+02  2.92032E-02  2.85294E+02  2.92032E-02  2.85294E+02  2.92032E-02
    1.6502E+01  2.85294E+02  2.92032E-02  2.85294E+02  2.92032E-02  2.85294E+02  2.92032E-02
    1.6561E+01  2.85294E+02  2.92032E-02  2.85294E+02  2.92032E-02  2.85294E+02  2.92032E-02
    1.6620E+01  2.85294E+02  2.92032E-02  2.85294E+02  2.92032E-02  2.85294E+02  2.92032E-02
    1.6679E+01  2.85294E+02  2.92032E-02  2.85294E+02  2.92032E-02  2.85294E+02  2.92032E-02
    1.6738E+01  2.85294E+02  2.92032E-02  2.85294E+02  2.92032E-02  2.85294E+02  2.92032E-02
    1.6798E+01  2.85294E+02  2.92032E-02  2.85294E+02  2.92032E-02  2.85294E+02  2.92032E-02
    1.6857E+01  2.85294E+02  2.92032E-02  2.85294E+02  2.92032E-02  2.85294E+02  2.92032E-02
    1.6916E+01  2.85294E+02  2.92032E-02  2.85294E+02  2.92032E-02  2.85294E+02  2.92032E-02
    1.6975E+01  2.85294E+02  2.92032E-02  2.85294E+02  2.92032E-02  2.85294E+02  2.92032E-02
    1.7034E+01  2.85294E+02  2.92032E-02  2.85294E+02  2.92032E-02  2.85294E+02  2.92032E-02
    1.7093E+01  2.85294E+02  2.92032E-02  2.85294E+02  2.92032E-02  2.85294E+02  2.92032E-02
    1.7152E+01  2.85294E+02  2.92032E-02  2.85294E+02  2.92032E-02  2.85294E+02  2.92032E-02
    1.7212E+01  2.85294E+02  2.92032E-02  2.85294E+02  2.92032E-02  2.85294E+02  2.92032E-02
    1.7271E+01  2.85294E+02  2.92032E-02  2.85294E+02  2.92032E-02  2.85294E+02  2.92032E-02
    1.7330E+01  5.51959E+02  3.01587E-02  5.51959E+02  3.01587E-02  5.51959E+02  3.01587E-02
    1.7389E+01  5.51959E+02  3.01587E-02  5.51959E+02  3.01587E-02  5.51959E+02  3.01587E-02
    1.7448E+01  5.51959E+02  3.01587E-02  5.51959E+02  3.01587E-02  5.51959E+02  3.01587E-02
    1.7507E+01  5.51959E+02  3.01587E-02  5.51959E+02  3.01587E-02  5.51959E+02  3.01587E-02
    1.7567E+01  5.51959E+02  3.01587E-02  5.51959E+02  3.01587E-02  5.51959E+02  3.01587E-02
    1.7626E+01  5.51959E+02  3.01587E-02  5.51959E+02  3.01587E-02  5.51959E+02  3.01587E-02
    1.7685E+01  5.51959E+02  3.01587E-02  5.51959E+02  3.01587E-02  5.51959E+02  3.01587E-02
    1.7744E+01  5.51959E+02  3.01587E-02  5.51959E+02  3.01587E-02  5.51959E+02  3.01587E-02
    1.7803E+01  5.51959E+02  3.01587E-02  5.51959E+02  3.01587E-02  5.51959E+02  3.01587E-02
    1.7862E+01  5.51959E+02  3.01587E-02  5.51959E+02  3.01587E-02  5.51959E+02  3.01587E-02
    1.7921E+01  5.51959E+02  3.01587E-02  5.51959E+02  3.01587E-02  5.51959E+02  3.01587E-02
    1.7981E+01  5.51959E+02  3.01587E-02  5.51959E+02  3.01587E-02  5.51959E+02  3.01587E-02
    1.8040E+01  5.51959E+02  3.01587E-02  5.51959E+02  3.01587E-02  5.51959E+02  3.01587E-02
    1.8099E+01  5.51959E+02  3.01587E-02  5.51959E+02  3.01587E-02  5.51959E+02  3.01587E-02
    1.8158E+01  5.51959E+02  3.01587E-02  5.51959E+02  3.01587E-02  5.51959E+02  3.01587E-02
    1.8217E+01  6.75935E+02  4.64348E-02  6.75935E+02  4.64348E-02  6.75935E+02  4.64348E-02
    1.8276E+01  6.75935E+02  4.64348E-02  6.75935E+02  4.64348E-02  6.75935E+02  4.64348E-02
    1.8335E+01  6.75935E+02  4.64348E-02  6.75935E+02  4.64348E-02  6.75935E+02  4.64348E-02
    1.8395E+01  6.75935E+02  4.64348E-02  6.75935E+02  4.64348E-02  6.75935E+02  4.64348E-02
    1.8454E+01  6.75935E+02  4.64348E-02  6.75935E+02  4.64348E-02  6.75935E+02  4.64348E-02
    1.8513E+01  6.75935E+02  4.64348E-02  6.75935E+02  4.64348E-02  6.75935E+02  4.64348E-02
    1.8572E+01  6.75935E+02  4.64348E-02  6.75935E+02  4.64348E-02  6.75935E+02  4.64348E-02
    1.8631E+01  6.75935E+02  4.64348E-02  6.75935E+02  4.64348E-02  6.75935E+02  4.64348E-02
    1.8690E+01  6.75935E+02  4.64348E-02  6.75935E+02  4.64348E-02  6.75935E+02  4.64348E-02
    1.8749E+01  6.75935E+02  4.64348E-02  6.75935E+02  4.64348E-02  6.75935E+02  4.64348E-02
    1.8809E+01  6.75935E+02  4.64348E-02  6.75935E+02  4.64348E-02  6.75935E+02  4.64348E-02
    1.8868E+01  6.75935E+02  4.64348E-02  6.75935E+02  4.64348E-02  6.75935E+02  4.64348E-02
    1.8927E+01  6.75935E+02  4.64348E-02  6.75935E+02  4.64348E-02  6.75935E+02  4.64348E-02
    1.8986E+01  6.75935E+02  4.64348E-02  6.75935E+02  4.64348E-02  6.75935E+02  4.64348E-02
    1.9045E+01  6.75935E+02  4.64348E-02  6.75935E+02  4.64348E-02  6.75935E+02  4.64348E-02
    1.9104E+01  6.75935E+02  4.64348E-02  6.75935E+02  4.64348E-02  6.75935E+02  4.64348E-02
    1.9163E+01  6.75935E+02  4.64348E-02  6.75935E+02  4.64348E-02  6.75935E+02  4.64348E-02
    1.9223E+01  6.75935E+02  4.64348E-02  6.75935E+02  4.64348E-02  6.75935E+02  4.64348E-02
    1.9282E+01  6.75935E+02  4.64348E-02  6.75935E+02  4.64348E-02  6.75935E+02  4.64348E-02
    1.9341E+01  6.75935E+02  4.64348E-02  6.75935E+02  4.64348E-02  6.75935E+02  4.64348E-02
    1.9400E+01  6.75935E+02  4.64348E-02  6.75935E+02  4.64348E-02  6.75935E+02  4.64348E-02
    1.9459E+01  6.75935E+02  4.64348E-02  6.75935E+02  4.64348E-02  6.75935E+02  4.64348E-02
    1.9518E+01  6.75935E+02  4.64348E-02  6.75935E+02  4.64348E-02  6.75935E+02  4.64348E-02
    1.9577E+01  6.75935E+02  4.64348E-02  6.75935E+02  4.64348E-02  6.75935E+02  4.64348E-02
    1.9637E+01  6.75935E+02  4.64348E-02  6.75935E+02  4.64348E-02  6.75935E+02  4.64348E-02
    1.9696E+01  6.75935E+02  4.64348E-02  6.75935E+02  4.64348E-02  6.75935E+02  4.64348E-02
    1.9755E+01  6.75935E+02  4.64348E-02  6.75935E+02  4.64348E-02  6.75935E+02  4.64348E-02
    1.9814E+01  6.75935E+02  4.64348E-02  6.75935E+02  4.64348E-02  6.75935E+02  4.64348E-02
    1.9873E+01  6.75935E+02  4.64348E-02  6.75935E+02  4.64348E-02  6.75935E+02  4.64348E-02
    1.9932E+01  6.75935E+02  4.64348E-02  6.75935E+02  4.64348E-02  6.75935E+02  4.64348E-02
    1.9992E+01  6.75935E+02  4.64348E-02  6.75935E+02  4.64348E-02  6.75935E+02  4.64348E-02
    2.0051E+01  6.75935E+02  4.64348E-02  6.75935E+02  4.64348E-02  6.75935E+02  4.64348E-02
    2.0110E+01  6.75935E+02  4.64348E-02  6.75935E+02  4.64348E-02  6.75935E+02  4.64348E-02
    2.0169E+01  6.75935E+02  4.64348E-02  6.75935E+02  4.64348E-02  6.75935E+02  4.64348E-02
    2.0228E+01  6.75935E+02  4.64348E-02  6.75935E+02  4.64348E-02  6.75935E+02  4.64348E-02
    2.0287E+01  6.75935E+02  4.64348E-02  6.75935E+02  4.64348E-02  6.75935E+02  4.64348E-02
    2.0346E+01  6.75935E+02  4.64348E-02  6.75935E+02  4.64348E-02  6.75935E+02  4.64348E-02
    2.0406E+01  6.75935E+02  4.64348E-02  6.75935E+02  4.64348E-02  6.75935E+02  4.64348E-02
    2.0465E+01  6.75935E+02  4.64348E-02  6.75935E+02  4.64348E-02  6.75935E+02  4.64348E-02
    2.0524E+01  6.75935E+02  4.64348E-02  6.75935E+02  4.64348E-02  6.75935E+02  4.64348E-02
    2.0583E+01  6.75935E+02  4.64348E-02  6.75935E+02  4.64348E-02  6.75935E+02  4.64348E-02
    2.0642E+01  6.75935E+02  4.64348E-02  6.75935E+02  4.64348E-02  6.75935E+02  4.64348E-02
    2.0701E+01  6.75935E+02  4.64348E-02  6.75935E+02  4.64348E-02  6.75935E+02  4.64348E-02
    2.0760E+01  6.75935E+02  4.64348E-02  6.75935E+02  4.64348E-02  6.75935E+02  4.64348E-02
    2.0820E+01  6.75935E+02  4.64348E-02  6.75935E+02  4.64348E-02  6.75935E+02  4.64348E-02
    2.0879E+01  6.75935E+02  4.64348E-02  6.75935E+02  4.64348E-02  6.75935E+02  4.64348E-02
    2.0938E+01  6.75935E+02  4.64348E-02  6.75935E+02  4.64348E-02  6.75935E+02  4.64348E-02
    2.0997E+01  6.75935E+02  4.64348E-02  6.75935E+02  4.64348E-02  6.75935E+02  4.64348E-02
    2.1056E+01  6.75935E+02  4.64348E-02  6.75935E+02  4.64348E-02  6.75935E+02  4.64348E-02
    2.1115E+01  6.75935E+02  4.64348E-02  6.75935E+02  4.64348E-02  6.75935E+02  4.64348E-02
    2.1174E+01  6.75935E+02  4.64348E-02  6.75935E+02  4.64348E-02  6.75935E+02  4.64348E-02
    2.1234E+01  6.75935E+02  4.64348E-02  6.75935E+02  4.64348E-02  6.75935E+02  4.64348E-02
    2.1293E+01  6.75935E+02  4.64348E-02  6.75935E+02  4.64348E-02  6.75935E+02  4.64348E-02
    2.1352E+01  6.75935E+02  4.64348E-02  6.75935E+02  4.64348E-02  6.75935E+02  4.64348E-02
    2.1411E+01  6.75935E+02  4.64348E-02  6.75935E+02  4.64348E-02  6.75935E+02  4.64348E-02
    2.1470E+01  6.75935E+02  4.64348E-02  6.75935E+02  4.64348E-02  6.75935E+02  4.64348E-02
    2.1529E+01  6.75935E+02  4.64348E-02  6.75935E+02  4.64348E-02  6.75935E+02  4.64348E-02
    2.1588E+01  6.75935E+02  4.64348E-02  6.75935E+02  4.64348E-02  6.75935E+02  4.64348E-02
    2.1648E+01  6.75935E+02  4.64348E-02  6.75935E+02  4.64348E-02  6.75935E+02  4.64348E-02
    2.1707E+01  6.75935E+02  4.64348E-02  6.75935E+02  4.64348E-02  6.75935E+02  4.64348E-02
    2.1766E+01  6.75935E+02  4.64348E-02  6.75935E+02  4.64348E-02  6.75935E+02  4.64348E-02
    2.1825E+01  6.75935E+02  4.64348E-02  6.75935E+02  4.64348E-02  6.75935E+02  4.64348E-02
    2.1884E+01  6.75935E+02  4.64348E-02  6.75935E+02  4.64348E-02  6.75935E+02  4.64348E-02
    2.1943E+01  6.75935E+02  4.64348E-02  6.75935E+02  4.64348E-02  6.75935E+02  4.64348E-02
    2.2002E+01  6.75935E+02  4.64348E-02  6.75935E+02  4.64348E-02  6.75935E+02  4.64348E-02
    2.2062E+01  6.75935E+02  4.64348E-02  6.75935E+02  4.64348E-02  6.75935E+02  4.64348E-02
    2.2121E+01  6.75935E+02  4.64348E-02  6.75935E+02  4.64348E-02  6.75935E+02  4.64348E-02
    2.2180E+01  6.75935E+02  4.64348E-02  6.75935E+02  4.64348E-02  6.75935E+02  4.64348E-02
    2.2239E+01  6.75935E+02  4.64348E-02  6.75935E+02  4.64348E-02  6.75935E+02  4.64348E-02
    2.2298E+01  6.75935E+02  4.64348E-02  6.75935E+02  4.64348E-02  6.75935E+02  4.64348E-02
    2.2357E+01  6.75935E+02  4.64348E-02  6.75935E+02  4.64348E-02  6.75935E+02  4.64348E-02
    2.2417E+01  6.75935E+02  4.64348E-02  6.75935E+02  4.64348E-02  6.75935E+02  4.64348E-02
    2.2476E+01  6.75935E+02  4.64348E-02  6.75935E+02  4.64348E-02  6.75935E+02  4.64348E-02
    2.2535E+01  6.75935E+02  4.64348E-02  6.75935E+02  4.64348E-02  6.75935E+02  4.64348E-02
    2.2594E+01  6.75935E+02  4.64348E-02  6.75935E+02  4.64348E-02  6.75935E+02  4.64348E-02
    2.2653E+01  6.75935E+02  4.64348E-02  6.75935E+02  4.64348E-02  6.75935E+02  4.64348E-02
    2.2712E+01  6.75935E+02  4.64348E-02  6.75935E+02  4.64348E-02  6.75935E+02  4.64348E-02
    2.2771E+01  6.75935E+02  4.64348E-02  6.75935E+02  4.64348E-02  6.75935E+02  4.64348E-02
    2.2831E+01  9.76918E+02  7.38054E-02  9.76918E+02  7.38054E-02  9.76918E+02  7.38054E-02
    2.2890E+01  9.76918E+02  7.38054E-02  9.76918E+02  7.38054E-02  9.76918E+02  7.38054E-02
    2.2949E+01  9.76918E+02  7.38054E-02  9.76918E+02  7.38054E-02  9.76918E+02  7.38054E-02
    2.3008E+01  9.76918E+02  7.38054E-02  9.76918E+02  7.38054E-02  9.76918E+02  7.38054E-02
    2.3067E+01  9.76918E+02  7.38054E-02  9.76918E+02  7.38054E-02  9.76918E+02  7.38054E-02
    2.3126E+01  9.76918E+02  7.38054E-02  9.76918E+02  7.38054E-02  9.76918E+02  7.38054E-02
    2.3185E+01  9.76918E+02  7.38054E-02  9.76918E+02  7.38054E-02  9.76918E+02  7.38054E-02
    2.3245E+01  9.76918E+02  7.38054E-02  9.76918E+02  7.38054E-02  9.76918E+02  7.38054E-02
    2.3304E+01  9.76918E+02  7.38054E-02  9.76918E+02  7.38054E-02  9.76918E+02  7.38054E-02
    2.3363E+01  9.76918E+02  7.38054E-02  9.76918E+02  7.38054E-02  9.76918E+02  7.38054E-02
    2.3422E+01  9.76918E+02  7.38054E-02  9.76918E+02  7.38054E-02  9.76918E+02  7.38054E-02
    2.3481E+01  9.76918E+02  7.38054E-02  9.76918E+02  7.38054E-02  9.76918E+02  7.38054E-02
    2.3540E+01  9.76918E+02  7.38054E-02  9.76918E+02  7.38054E-02  9.76918E+02  7.38054E-02
    2.3599E+01  9.76918E+02  7.38054E-02  9.76918E+02  7.38054E-02  9.76918E+02  7.38054E-02
    2.3659E+01  9.76918E+02  7.38054E-02  9.76918E+02  7.38054E-02  9.76918E+02  7.38054E-02
    2.3718E+01  9.76918E+02  7.38054E-02  9.76918E+02  7.38054E-02  9.76918E+02  7.38054E-02
    2.3777E+01  9.76918E+02  7.38054E-02  9.76918E+02  7.38054E-02  9.76918E+02  7.38054E-02
    2.3836E+01  9.76918E+02  7.38054E-02  9.76918E+02  7.38054E-02  9.76918E+02  7.38054E-02
    2.3895E+01  9.76918E+02  7.38054E-02  9.76918E+02  7.38054E-02  9.76918E+02  7.38054E-02
    2.3954E+01  9.76918E+02  7.38054E-02  9.76918E+02  7.38054E-02  9.76918E+02  7.38054E-02
    2.4013E+01  9.76918E+02  7.38054E-02  9.76918E+02  7.38054E-02  9.76918E+02  7.38054E-02
    2.4073E+01  9.76918E+02  7.38054E-02  9.76918E+02  7.38054E-02  9.76918E+02  7.38054E-02
    2.4132E+01  9.76918E+02  7.38054E-02  9.76918E+02  7.38054E-02  9.76918E+02  7.38054E-02
    2.4191E+01  9.76918E+02  7.38054E-02  9.76918E+02  7.38054E-02  9.76918E+02  7.38054E-02
    2.4250E+01  9.76918E+02  7.38054E-02  9.76918E+02  7.38054E-02  9.76918E+02  7.38054E-02
    2.4309E+01  9.76918E+02  7.38054E-02  9.76918E+02  7.38054E-02  9.76918E+02  7.38054E-02
    2.4368E+01  9.76918E+02  7.38054E-02  9.76918E+02  7.38054E-02  9.76918E+02  7.38054E-02
    2.4427E+01  9.76918E+02  7.38054E-02  9.76918E+02  7.38054E-02  9.76918E+02  7.38054E-02
    2.4487E+01  9.76918E+02  7.38054E-02  9.76918E+02  7.38054E-02  9.76918E+02  7.38054E-02
    2.4546E+01  9.76918E+02  7.38054E-02  9.76918E+02  7.38054E-02  9.76918E+02  7.38054E-02
    2.4605E+01  9.76918E+02  7.38054E-02  9.76918E+02  7.38054E-02  9.76918E+02  7.38054E-02
    2.4664E+01  9.76918E+02  7.38054E-02  9.76918E+02  7.38054E-02  9.76918E+02  7.38054E-02
    2.4723E+01  9.76918E+02  7.38054E-02  9.76918E+02  7.38054E-02  9.76918E+02  7.38054E-02
    2.4782E+01  9.76918E+02  7.38054E-02  9.76918E+02  7.38054E-02  9.76918E+02  7.38054E-02
    2.4842E+01  9.76918E+02  7.38054E-02  9.76918E+02  7.38054E-02  9.76918E+02  7.38054E-02
    2.4901E+01  9.76918E+02  7.38054E-02  9.76918E+02  7.38054E-02  9.76918E+02  7.38054E-02
    2.4960E+01  9.76918E+02  7.38054E-02  9.76918E+02  7.38054E-02  9.76918E+02  7.38054E-02
    2.5019E+01  9.76918E+02  7.38054E-02  9.76918E+02  7.38054E-02  9.76918E+02  7.38054E-02
    2.5078E+01  9.76918E+02  7.38054E-02  9.76918E+02  7.38054E-02  9.76918E+02  7.38054E-02
    2.5137E+01  9.76918E+02  7.38054E-02  9.76918E+02  7.38054E-02  9.76918E+02  7.38054E-02
    2.5196E+01  9.76918E+02  7.38054E-02  9.76918E+02  7.38054E-02  9.76918E+02  7.38054E-02
    2.5256E+01  1.96148E+03  2.01222E-01  1.96148E+03  2.01222E-01  1.96148E+03  2.01222E-01
    2.5315E+01  1.96148E+03  2.01222E-01  1.96148E+03  2.01222E-01  1.96148E+03  2.01222E-01
    2.5374E+01  3.03333E+03  3.22024E-01  3.03333E+03  3.22024E-01  3.03333E+03  3.22024E-01
    2.5433E+01  4.64283E+03  4.38067E-01  4.64283E+03  4.38067E-01  4.64283E+03  4.38067E-01
    2.5492E+01  4.64283E+03  4.38067E-01  4.64283E+03  4.38067E-01  4.64283E+03  4.38067E-01
    2.5551E+01  4.64283E+03  4.38067E-01  4.64283E+03  4.38067E-01  4.64283E+03  4.38067E-01
    2.5610E+01  4.64283E+03  4.38067E-01  4.64283E+03  4.38067E-01  4.64283E+03  4.38067E-01
    2.5670E+01  4.64283E+03  4.38067E-01  4.64283E+03  4.38067E-01  4.64283E+03  4.38067E-01
    2.5729E+01  4.64283E+03  4.38067E-01  4.64283E+03  4.38067E-01  4.64283E+03  4.38067E-01
    2.5788E+01  5.41412E+03  5.46994E-01  5.41412E+03  5.46994E-01  5.41412E+03  5.46994E-01
    2.5847E+01  5.41412E+03  5.46994E-01  5.41412E+03  5.46994E-01  5.41412E+03  5.46994E-01
    2.5906E+01  5.41412E+03  5.46994E-01  5.41412E+03  5.46994E-01  5.41412E+03  5.46994E-01
    2.5965E+01  5.41412E+03  5.46994E-01  5.41412E+03  5.46994E-01  5.41412E+03  5.46994E-01
    2.6024E+01  5.41412E+03  5.46994E-01  5.41412E+03  5.46994E-01  5.41412E+03  5.46994E-01
    2.6084E+01  5.41412E+03  5.46994E-01  5.41412E+03  5.46994E-01  5.41412E+03  5.46994E-01
    2.6143E+01  5.41412E+03  5.46994E-01  5.41412E+03  5.46994E-01  5.41412E+03  5.46994E-01
    2.6202E+01  5.41412E+03  5.46994E-01  5.41412E+03  5.46994E-01  5.41412E+03  5.46994E-01
    2.6261E+01  5.41412E+03  5.46994E-01  5.41412E+03  5.46994E-01  5.41412E+03  5.46994E-01
    2.6320E+01  5.41412E+03  5.46994E-01  5.41412E+03  5.46994E-01  5.41412E+03  5.46994E-01
    2.6379E+01  7.73022E+03  5.93851E-01  7.73022E+03  5.93851E-01  7.73022E+03  5.93851E-01
    2.6438E+01  7.73022E+03  5.93851E-01  7.73022E+03  5.93851E-01  7.73022E+03  5.93851E-01
    2.6498E+01  7.73022E+03  5.93851E-01  7.73022E+03  5.93851E-01  7.73022E+03  5.93851E-01
    2.6557E+01  7.73022E+03  5.93851E-01  7.73022E+03  5.93851E-01  7.73022E+03  5.93851E-01
    2.6616E+01  7.73022E+03  5.93851E-01  7.73022E+03  5.93851E-01  7.73022E+03  5.93851E-01
    2.6675E+01  7.73022E+03  5.93851E-01  7.73022E+03  5.93851E-01  7.73022E+03  5.93851E-01
    2.6734E+01  7.73022E+03  5.93851E-01  7.73022E+03  5.93851E-01  7.73022E+03  5.93851E-01
    2.6793E+01  7.73022E+03  5.93851E-01  7.73022E+03  5.93851E-01  7.73022E+03  5.93851E-01
    2.6852E+01  7.73022E+03  5.93851E-01  7.73022E+03  5.93851E-01  7.73022E+03  5.93851E-01
    2.6912E+01  7.73022E+03  5.93851E-01  7.73022E+03  5.93851E-01  7.73022E+03  5.93851E-01
    2.6971E+01  7.73022E+03  5.93851E-01  7.73022E+03  5.93851E-01  7.73022E+03  5.93851E-01
    2.7030E+01  7.73022E+03  5.93851E-01  7.73022E+03  5.93851E-01  7.73022E+03  5.93851E-01
    2.7089E+01  7.73022E+03  5.93851E-01  7.73022E+03  5.93851E-01  7.73022E+03  5.93851E-01
    2.7148E+01  7.73022E+03  5.93851E-01  7.73022E+03  5.93851E-01  7.73022E+03  5.93851E-01
    2.7207E+01  7.73022E+03  5.93851E-01  7.73022E+03  5.93851E-01  7.73022E+03  5.93851E-01
    2.7267E+01  7.73022E+03  5.93851E-01  7.73022E+03  5.93851E-01  7.73022E+03  5.93851E-01
    2.7326E+01  7.73022E+03  5.93851E-01  7.73022E+03  5.93851E-01  7.73022E+03  5.93851E-01
    2.7385E+01  7.73022E+03  5.93851E-01  7.73022E+03  5.93851E-01  7.73022E+03  5.93851E-01
    2.7444E+01  7.73022E+03  5.93851E-01  7.73022E+03  5.93851E-01  7.73022E+03  5.93851E-01
    2.7503E+01  7.73022E+03  5.93851E-01  7.73022E+03  5.93851E-01  7.73022E+03  5.93851E-01
    2.7562E+01  7.73022E+03  5.93851E-01  7.73022E+03  5.93851E-01  7.73022E+03  5.93851E-01
    2.7621E+01  7.73022E+03  5.93851E-01  7.73022E+03  5.93851E-01  7.73022E+03  5.93851E-01
    2.7681E+01  7.73022E+03  5.93851E-01  7.73022E+03  5.93851E-01  7.73022E+03  5.93851E-01
    2.7740E+01  7.73022E+03  5.93851E-01  7.73022E+03  5.93851E-01  7.73022E+03  5.93851E-01
    2.7799E+01  9.13074E+03  7.34367E-01  9.13074E+03  7.34367E-01  9.13074E+03  7.34367E-01
    2.7858E+01  9.13074E+03  7.34367E-01  9.13074E+03  7.34367E-01  9.13074E+03  7.34367E-01
    2.7917E+01  9.13074E+03  7.34367E-01  9.13074E+03  7.34367E-01  9.13074E+03  7.34367E-01
    2.7976E+01  9.13074E+03  7.34367E-01  9.13074E+03  7.34367E-01  9.13074E+03  7.34367E-01
    2.8035E+01  9.13074E+03  7.34367E-01  9.13074E+03  7.34367E-01  9.13074E+03  7.34367E-01
    2.8095E+01  9.13074E+03  7.34367E-01  9.13074E+03  7.34367E-01  9.13074E+03  7.34367E-01
    2.8154E+01  9.13074E+03  7.34367E-01  9.13074E+03  7.34367E-01  9.13074E+03  7.34367E-01
    2.8213E+01  9.13074E+03  7.34367E-01  9.13074E+03  7.34367E-01  9.13074E+03  7.34367E-01
    2.8272E+01  9.13074E+03  7.34367E-01  9.13074E+03  7.34367E-01  9.13074E+03  7.34367E-01
    2.8331E+01  9.13074E+03  7.34367E-01  9.13074E+03  7.34367E-01  9.13074E+03  7.34367E-01
    2.8390E+01  9.13074E+03  7.34367E-01  9.13074E+03  7.34367E-01  9.13074E+03  7.34367E-01
    2.8449E+01  9.13074E+03  7.34367E-01  9.13074E+03  7.34367E-01  9.13074E+03  7.34367E-01
    2.8509E+01  9.13074E+03  7.34367E-01  9.13074E+03  7.34367E-01  9.13074E+03  7.34367E-01
    2.8568E+01  9.13074E+03  7.34367E-01  9.13074E+03  7.34367E-01  9.13074E+03  7.34367E-01
    2.8627E+01  9.13074E+03  7.34367E-01  9.13074E+03  7.34367E-01  9.13074E+03  7.34367E-01
    2.8686E+01  9.13074E+03  7.34367E-01  9.13074E+03  7.34367E-01  9.13074E+03  7.34367E-01
    2.8745E+01  1.08911E+04  9.02132E-01  1.08911E+04  9.02132E-01  1.08911E+04  9.02132E-01
    2.8804E+01  1.08911E+04  9.02132E-01  1.08911E+04  9.02132E-01  1.08911E+04  9.02132E-01
    2.8863E+01  1.08911E+04  9.02132E-01  1.08911E+04  9.02132E-01  1.08911E+04  9.02132E-01
    2.8923E+01  1.08911E+04  9.02132E-01  1.08911E+04  9.02132E-01  1.08911E+04  9.02132E-01
    2.8982E+01  1.08911E+04  9.02132E-01  1.08911E+04  9.02132E-01  1.08911E+04  9.02132E-01
    2.9041E+01  1.08911E+04  9.02132E-01  1.08911E+04  9.02132E-01  1.08911E+04  9.02132E-01
    2.9100E+01  1.15956E+04  1.01289E+00  1.15956E+04  1.01289E+00  1.15956E+04  1.01289E+00
    2.9159E+01  1.15956E+04  1.01289E+00  1.15956E+04  1.01289E+00  1.15956E+04  1.01289E+00
    2.9218E+01  1.15956E+04  1.01289E+00  1.15956E+04  1.01289E+00  1.15956E+04  1.01289E+00
    2.9278E+01  1.15956E+04  1.01289E+00  1.15956E+04  1.01289E+00  1.15956E+04  1.01289E+00
    2.9337E+01  1.15956E+04  1.01289E+00  1.15956E+04  1.01289E+00  1.15956E+04  1.01289E+00
    2.9396E+01  1.15956E+04  1.01289E+00  1.15956E+04  1.01289E+00  1.15956E+04  1.01289E+00
    2.9455E+01  1.15956E+04  1.01289E+00  1.15956E+04  1.01289E+00  1.15956E+04  1.01289E+00
    2.9514E+01  1.15956E+04  1.01289E+00  1.15956E+04  1.01289E+00  1.15956E+04  1.01289E+00
    2.9573E+01  1.15956E+04  1.01289E+00  1.15956E+04  1.01289E+00  1.15956E+04  1.01289E+00
    2.9632E+01  1.15956E+04  1.01289E+00  1.15956E+04  1.01289E+00  1.15956E+04  1.01289E+00
    2.9692E+01  1.15956E+04  1.01289E+00  1.15956E+04  1.01289E+00  1.15956E+04  1.01289E+00
    2.9751E+01  1.15956E+04  1.01289E+00  1.15956E+04  1.01289E+00  1.15956E+04  1.01289E+00
    2.9810E+01  1.15956E+04  1.01289E+00  1.15956E+04  1.01289E+00  1.15956E+04  1.01289E+00
    2.9869E+01  1.15956E+04  1.01289E+00  1.15956E+04  1.01289E+00  1.15956E+04  1.01289E+00
    2.9928E+01  1.15956E+04  1.01289E+00  1.15956E+04  1.01289E+00  1.15956E+04  1.01289E+00
    2.9987E+01  1.15956E+04  1.01289E+00  1.15956E+04  1.01289E+00  1.15956E+04  1.01289E+00
    3.0046E+01  1.15956E+04  1.01289E+00  1.15956E+04  1.01289E+00  1.15956E+04  1.01289E+00
    3.0106E+01  1.15956E+04  1.01289E+00  1.15956E+04  1.01289E+00  1.15956E+04  1.01289E+00
    3.0165E+01  1.15956E+04  1.01289E+00  1.15956E+04  1.01289E+00  1.15956E+04  1.01289E+00
    3.0224E+01  1.15956E+04  1.01289E+00  1.15956E+04  1.01289E+00  1.15956E+04  1.01289E+00
    3.0283E+01  1.15956E+04  1.01289E+00  1.15956E+04  1.01289E+00  1.15956E+04  1.01289E+00
    3.0342E+01  1.15956E+04  1.01289E+00  1.15956E+04  1.01289E+00  1.15956E+04  1.01289E+00
    3.0401E+01  1.15956E+04  1.01289E+00  1.15956E+04  1.01289E+00  1.15956E+04  1.01289E+00
    3.0460E+01  1.15956E+04  1.01289E+00  1.15956E+04  1.01289E+00  1.15956E+04  1.01289E+00
    3.0520E+01  1.15956E+04  1.01289E+00  1.15956E+04  1.01289E+00  1.15956E+04  1.01289E+00
    3.0579E+01  1.15956E+04  1.01289E+00  1.15956E+04  1.01289E+00  1.15956E+04  1.01289E+00
    3.0638E+01  1.15956E+04  1.01289E+00  1.15956E+04  1.01289E+00  1.15956E+04  1.01289E+00
    3.0697E+01  1.15956E+04  1.01289E+00  1.15956E+04  1.01289E+00  1.15956E+04  1.01289E+00
    3.0756E+01  1.15956E+04  1.01289E+00  1.15956E+04  1.01289E+00  1.15956E+04  1.01289E+00
    3.0815E+01  1.15956E+04  1.01289E+00  1.15956E+04  1.01289E+00  1.15956E+04  1.01289E+00
    3.0874E+01  1.15956E+04  1.01289E+00  1.15956E+04  1.01289E+00  1.15956E+04  1.01289E+00
    3.0934E+01  1.15956E+04  1.01289E+00  1.15956E+04  1.01289E+00  1.15956E+04  1.01289E+00
    3.0993E+01  1.15956E+04  1.01289E+00  1.15956E+04  1.01289E+00  1.15956E+04  1.01289E+00
    3.1052E+01  1.15956E+04  1.01289E+00  1.15956E+04  1.01289E+00  1.15956E+04  1.01289E+00
    3.1111E+01  1.15956E+04  1.01289E+00  1.15956E+04  1.01289E+00  1.15956E+04  1.01289E+00
    3.1170E+01  1.15956E+04  1.01289E+00  1.15956E+04  1.01289E+00  1.15956E+04  1.01289E+00
    3.1229E+01  1.15956E+04  1.01289E+00  1.15956E+04  1.01289E+00  1.15956E+04  1.01289E+00
    3.1288E+01  1.15956E+04  1.01289E+00  1.15956E+04  1.01289E+00  1.15956E+04  1.01289E+00
    3.1348E+01  1.53347E+04  1.27806E+00  1.53347E+04  1.27806E+00  1.53347E+04  1.27806E+00
    3.1407E+01  1.53347E+04  1.27806E+00  1.53347E+04  1.27806E+00  1.53347E+04  1.27806E+00
    3.1466E+01  1.53347E+04  1.27806E+00  1.53347E+04  1.27806E+00  1.53347E+04  1.27806E+00
    3.1525E+01  1.53347E+04  1.27806E+00  1.53347E+04  1.27806E+00  1.53347E+04  1.27806E+00
    3.1584E+01  1.53347E+04  1.27806E+00  1.53347E+04  1.27806E+00  1.53347E+04  1.27806E+00
    3.1643E+01  1.53347E+04  1.27806E+00  1.53347E+04  1.27806E+00  1.53347E+04  1.27806E+00
    3.1703E+01  1.53347E+04  1.27806E+00  1.53347E+04  1.27806E+00  1.53347E+04  1.27806E+00
    3.1762E+01  1.53347E+04  1.27806E+00  1.53347E+04  1.27806E+00  1.53347E+04  1.27806E+00
    3.1821E+01  1.53347E+04  1.27806E+00  1.53347E+04  1.27806E+00  1.53347E+04  1.27806E+00
    3.1880E+01  1.53347E+04  1.27806E+00  1.53347E+04  1.27806E+00  1.53347E+04  1.27806E+00
    3.1939E+01  1.53347E+04  1.27806E+00  1.53347E+04  1.27806E+00  1.53347E+04  1.27806E+00
    3.1998E+01  1.53347E+04  1.27806E+00  1.53347E+04  1.27806E+00  1.53347E+04  1.27806E+00
    3.2057E+01  1.53347E+04  1.27806E+00  1.53347E+04  1.27806E+00  1.53347E+04  1.27806E+00
    3.2117E+01  1.53347E+04  1.27806E+00  1.53347E+04  1.27806E+00  1.53347E+04  1.27806E+00
    3.2176E+01  1.53347E+04  1.27806E+00  1.53347E+04  1.27806E+00  1.53347E+04  1.27806E+00
    3.2235E+01  1.53347E+04  1.27806E+00  1.53347E+04  1.27806E+00  1.53347E+04  1.27806E+00
    3.2294E+01  1.53347E+04  1.27806E+00  1.53347E+04  1.27806E+00  1.53347E+04  1.27806E+00
    3.2353E+01  1.53347E+04  1.27806E+00  1.53347E+04  1.27806E+00  1.53347E+04  1.27806E+00
    3.2412E+01  1.53347E+04  1.27806E+00  1.53347E+04  1.27806E+00  1.53347E+04  1.27806E+00
    3.2471E+01  1.53347E+04  1.27806E+00  1.53347E+04  1.27806E+00  1.53347E+04  1.27806E+00
    3.2531E+01  1.53347E+04  1.27806E+00  1.53347E+04  1.27806E+00  1.53347E+04  1.27806E+00
    3.2590E+01  1.53347E+04  1.27806E+00  1.53347E+04  1.27806E+00  1.53347E+04  1.27806E+00
    3.2649E+01  1.53347E+04  1.27806E+00  1.53347E+04  1.27806E+00  1.53347E+04  1.27806E+00
    3.2708E+01  1.53347E+04  1.27806E+00  1.53347E+04  1.27806E+00  1.53347E+04  1.27806E+00
    3.2767E+01  1.53347E+04  1.27806E+00  1.53347E+04  1.27806E+00  1.53347E+04  1.27806E+00
    3.2826E+01  1.53347E+04  1.27806E+00  1.53347E+04  1.27806E+00  1.53347E+04  1.27806E+00
    3.2885E+01  1.53347E+04  1.27806E+00  1.53347E+04  1.27806E+00  1.53347E+04  1.27806E+00
    3.2945E+01  1.53347E+04  1.27806E+00  1.53347E+04  1.27806E+00  1.53347E+04  1.27806E+00
    3.3004E+01  1.53347E+04  1.27806E+00  1.53347E+04  1.27806E+00  1.53347E+04  1.27806E+00
    3.3063E+01  1.53347E+04  1.27806E+00  1.53347E+04  1.27806E+00  1.53347E+04  1.27806E+00
    3.3122E+01  1.53347E+04  1.27806E+00  1.53347E+04  1.27806E+00  1.53347E+04  1.27806E+00
    3.3181E+01  1.53347E+04  1.27806E+00  1.53347E+04  1.27806E+00  1.53347E+04  1.27806E+00
    3.3240E+01  1.53347E+04  1.27806E+00  1.53347E+04  1.27806E+00  1.53347E+04  1.27806E+00
    3.3299E+01  1.53347E+04  1.27806E+00  1.53347E+04  1.27806E+00  1.53347E+04  1.27806E+00
    3.3359E+01  1.53347E+04  1.27806E+00  1.53347E+04  1.27806E+00  1.53347E+04  1.27806E+00
    3.3418E+01  1.53347E+04  1.27806E+00  1.53347E+04  1.27806E+00  1.53347E+04  1.27806E+00
    3.3477E+01  1.53347E+04  1.27806E+00  1.53347E+04  1.27806E+00  1.53347E+04  1.27806E+00
    3.3536E+01  1.53347E+04  1.27806E+00  1.53347E+04  1.27806E+00  1.53347E+04  1.27806E+00
    3.3595E+01  1.72447E+04  1.49319E+00  1.72447E+04  1.49319E+00  1.72447E+04  1.49319E+00
    3.3654E+01  1.72447E+04  1.49319E+00  1.72447E+04  1.49319E+00  1.72447E+04  1.49319E+00
    3.3713E+01  1.72447E+04  1.49319E+00  1.72447E+04  1.49319E+00  1.72447E+04  1.49319E+00
    3.3773E+01  1.72447E+04  1.49319E+00  1.72447E+04  1.49319E+00  1.72447E+04  1.49319E+00
    3.3832E+01  1.72447E+04  1.49319E+00  1.72447E+04  1.49319E+00  1.72447E+04  1.49319E+00
    3.3891E+01  1.72447E+04  1.49319E+00  1.72447E+04  1.49319E+00  1.72447E+04  1.49319E+00
    3.3950E+01  1.72447E+04  1.49319E+00  1.72447E+04  1.49319E+00  1.72447E+04  1.49319E+00
    3.4009E+01  1.72447E+04  1.49319E+00  1.72447E+04  1.49319E+00  1.72447E+04  1.49319E+00
    3.4068E+01  1.72447E+04  1.49319E+00  1.72447E+04  1.49319E+00  1.72447E+04  1.49319E+00
    3.4128E+01  1.72447E+04  1.49319E+00  1.72447E+04  1.49319E+00  1.72447E+04  1.49319E+00
    3.4187E+01  1.72447E+04  1.49319E+00  1.72447E+04  1.49319E+00  1.72447E+04  1.49319E+00
    3.4246E+01  1.72447E+04  1.49319E+00  1.72447E+04  1.49319E+00  1.72447E+04  1.49319E+00
    3.4305E+01  1.72447E+04  1.49319E+00  1.72447E+04  1.49319E+00  1.72447E+04  1.49319E+00
    3.4364E+01  1.72447E+04  1.49319E+00  1.72447E+04  1.49319E+00  1.72447E+04  1.49319E+00
    3.4423E+01  1.72447E+04  1.49319E+00  1.72447E+04  1.49319E+00  1.72447E+04  1.49319E+00
    3.4482E+01  1.97347E+04  1.73263E+00  1.97347E+04  1.73263E+00  1.97347E+04  1.73263E+00
    3.4542E+01  2.24259E+04  1.94590E+00  2.24259E+04  1.94590E+00  2.24259E+04  1.94590E+00
    3.4601E+01  2.24259E+04  1.94590E+00  2.24259E+04  1.94590E+00  2.24259E+04  1.94590E+00
    3.4660E+01  2.24259E+04  1.94590E+00  2.24259E+04  1.94590E+00  2.24259E+04  1.94590E+00
    3.4719E+01  2.24259E+04  1.94590E+00  2.24259E+04  1.94590E+00  2.24259E+04  1.94590E+00
    3.4778E+01  2.24259E+04  1.94590E+00  2.24259E+04  1.94590E+00  2.24259E+04  1.94590E+00
    3.4837E+01  2.60700E+04  2.07104E+00  2.60700E+04  2.07104E+00  2.60700E+04  2.07104E+00
    3.4896E+01  2.60700E+04  2.07104E+00  2.60700E+04  2.07104E+00  2.60700E+04  2.07104E+00
    3.4956E+01  2.60700E+04  2.07104E+00  2.60700E+04  2.07104E+00  2.60700E+04  2.07104E+00
    3.5015E+01  2.60700E+04  2.07104E+00  2.60700E+04  2.07104E+00  2.60700E+04  2.07104E+00
    3.5074E+01  2.60700E+04  2.07104E+00  2.60700E+04  2.07104E+00  2.60700E+04  2.07104E+00
    3.5133E+01  2.60700E+04  2.07104E+00  2.60700E+04  2.07104E+00  2.60700E+04  2.07104E+00
    3.5192E+01  2.60700E+04  2.07104E+00  2.60700E+04  2.07104E+00  2.60700E+04  2.07104E+00
    3.5251E+01  2.60700E+04  2.07104E+00  2.60700E+04  2.07104E+00  2.60700E+04  2.07104E+00
    3.5310E+01  2.60700E+04  2.07104E+00  2.60700E+04  2.07104E+00  2.60700E+04  2.07104E+00
    3.5370E+01  2.60700E+04  2.07104E+00  2.60700E+04  2.07104E+00  2.60700E+04  2.07104E+00
    3.5429E+01  2.60700E+04  2.07104E+00  2.60700E+04  2.07104E+00  2.60700E+04  2.07104E+00
    3.5488E+01  2.60700E+04  2.07104E+00  2.60700E+04  2.07104E+00  2.60700E+04  2.07104E+00
    3.5547E+01  2.79225E+04  2.30067E+00  2.79225E+04  2.30067E+00  2.79225E+04  2.30067E+00
    3.5606E+01  3.26899E+04  2.32040E+00  3.26899E+04  2.32040E+00  3.26899E+04  2.32040E+00
    3.5665E+01  3.26899E+04  2.32040E+00  3.26899E+04  2.32040E+00  3.26899E+04  2.32040E+00
    3.5724E+01  3.26899E+04  2.32040E+00  3.26899E+04  2.32040E+00  3.26899E+04  2.32040E+00
    3.5784E+01  3.26899E+04  2.32040E+00  3.26899E+04  2.32040E+00  3.26899E+04  2.32040E+00
    3.5843E+01  3.26899E+04  2.32040E+00  3.26899E+04  2.32040E+00  3.26899E+04  2.32040E+00
    3.5902E+01  3.26899E+04  2.32040E+00  3.26899E+04  2.32040E+00  3.26899E+04  2.32040E+00
    3.5961E+01  3.26899E+04  2.32040E+00  3.26899E+04  2.32040E+00  3.26899E+04  2.32040E+00
    3.6020E+01  3.26899E+04  2.32040E+00  3.26899E+04  2.32040E+00  3.26899E+04  2.32040E+00
    3.6079E+01  3.26899E+04  2.32040E+00  3.26899E+04  2.32040E+00  3.26899E+04  2.32040E+00
    3.6138E+01  3.64466E+04  2.53154E+00  3.64466E+04  2.53154E+00  3.64466E+04  2.53154E+00
    3.6198E+01  3.64466E+04  2.53154E+00  3.64466E+04  2.53154E+00  3.64466E+04  2.53154E+00
    3.6257E+01  3.64466E+04  2.53154E+00  3.64466E+04  2.53154E+00  3.64466E+04  2.53154E+00
    3.6316E+01  3.64466E+04  2.53154E+00  3.64466E+04  2.53154E+00  3.64466E+04  2.53154E+00
    3.6375E+01  3.64466E+04  2.53154E+00  3.64466E+04  2.53154E+00  3.64466E+04  2.53154E+00
    3.6434E+01  3.64466E+04  2.53154E+00  3.64466E+04  2.53154E+00  3.64466E+04  2.53154E+00
    3.6493E+01  3.64466E+04  2.53154E+00  3.64466E+04  2.53154E+00  3.64466E+04  2.53154E+00
    3.6553E+01  3.64466E+04  2.53154E+00  3.64466E+04  2.53154E+00  3.64466E+04  2.53154E+00
    3.6612E+01  3.80891E+04  2.75154E+00  3.80891E+04  2.75154E+00  3.80891E+04  2.75154E+00
    3.6671E+01  3.80891E+04  2.75154E+00  3.80891E+04  2.75154E+00  3.80891E+04  2.75154E+00
    3.6730E+01  3.80891E+04  2.75154E+00  3.80891E+04  2.75154E+00  3.80891E+04  2.75154E+00
    3.6789E+01  3.80891E+04  2.75154E+00  3.80891E+04  2.75154E+00  3.80891E+04  2.75154E+00
    3.6848E+01  3.80891E+04  2.75154E+00  3.80891E+04  2.75154E+00  3.80891E+04  2.75154E+00
    3.6907E+01  3.80891E+04  2.75154E+00  3.80891E+04  2.75154E+00  3.80891E+04  2.75154E+00
    3.6967E+01  3.80891E+04  2.75154E+00  3.80891E+04  2.75154E+00  3.80891E+04  2.75154E+00
    3.7026E+01  3.80891E+04  2.75154E+00  3.80891E+04  2.75154E+00  3.80891E+04  2.75154E+00
    3.7085E+01  3.80891E+04  2.75154E+00  3.80891E+04  2.75154E+00  3.80891E+04  2.75154E+00
    3.7144E+01  3.80891E+04  2.75154E+00  3.80891E+04  2.75154E+00  3.80891E+04  2.75154E+00
    3.7203E+01  3.80891E+04  2.75154E+00  3.80891E+04  2.75154E+00  3.80891E+04  2.75154E+00
    3.7262E+01  3.80891E+04  2.75154E+00  3.80891E+04  2.75154E+00  3.80891E+04  2.75154E+00
    3.7321E+01  3.80891E+04  2.75154E+00  3.80891E+04  2.75154E+00  3.80891E+04  2.75154E+00
    3.7381E+01  3.80891E+04  2.75154E+00  3.80891E+04  2.75154E+00  3.80891E+04  2.75154E+00
    3.7440E+01  3.80891E+04  2.75154E+00  3.80891E+04  2.75154E+00  3.80891E+04  2.75154E+00
    3.7499E+01  3.80891E+04  2.75154E+00  3.80891E+04  2.75154E+00  3.80891E+04  2.75154E+00
    3.7558E+01  3.80891E+04  2.75154E+00  3.80891E+04  2.75154E+00  3.80891E+04  2.75154E+00
    3.7617E+01  3.80891E+04  2.75154E+00  3.80891E+04  2.75154E+00  3.80891E+04  2.75154E+00
    3.7676E+01  3.80891E+04  2.75154E+00  3.80891E+04  2.75154E+00  3.80891E+04  2.75154E+00
    3.7735E+01  3.80891E+04  2.75154E+00  3.80891E+04  2.75154E+00  3.80891E+04  2.75154E+00
    3.7795E+01  3.80891E+04  2.75154E+00  3.80891E+04  2.75154E+00  3.80891E+04  2.75154E+00
    3.7854E+01  3.80891E+04  2.75154E+00  3.80891E+04  2.75154E+00  3.80891E+04  2.75154E+00
    3.7913E+01  3.96203E+04  2.97039E+00  3.96203E+04  2.97039E+00  3.96203E+04  2.97039E+00
    3.7972E+01  3.96203E+04  2.97039E+00  3.96203E+04  2.97039E+00  3.96203E+04  2.97039E+00
    3.8031E+01  3.96203E+04  2.97039E+00  3.96203E+04  2.97039E+00  3.96203E+04  2.97039E+00
    3.8090E+01  3.96203E+04  2.97039E+00  3.96203E+04  2.97039E+00  3.96203E+04  2.97039E+00
    3.8149E+01  3.96203E+04  2.97039E+00  3.96203E+04  2.97039E+00  3.96203E+04  2.97039E+00
    3.8209E+01  3.96203E+04  2.97039E+00  3.96203E+04  2.97039E+00  3.96203E+04  2.97039E+00
    3.8268E+01  3.96203E+04  2.97039E+00  3.96203E+04  2.97039E+00  3.96203E+04  2.97039E+00
    3.8327E+01  4.12506E+04  3.19794E+00  4.12506E+04  3.19794E+00  4.12506E+04  3.19794E+00
    3.8386E+01  4.12506E+04  3.19794E+00  4.12506E+04  3.19794E+00  4.12506E+04  3.19794E+00
    3.8445E+01  4.12506E+04  3.19794E+00  4.12506E+04  3.19794E+00  4.12506E+04  3.19794E+00
    3.8504E+01  4.12506E+04  3.19794E+00  4.12506E+04  3.19794E+00  4.12506E+04  3.19794E+00
    3.8563E+01  4.12506E+04  3.19794E+00  4.12506E+04  3.19794E+00  4.12506E+04  3.19794E+00
    3.8623E+01  4.12506E+04  3.19794E+00  4.12506E+04  3.19794E+00  4.12506E+04  3.19794E+00
    3.8682E+01  4.12506E+04  3.19794E+00  4.12506E+04  3.19794E+00  4.12506E+04  3.19794E+00
    3.8741E+01  4.12506E+04  3.19794E+00  4.12506E+04  3.19794E+00  4.12506E+04  3.19794E+00
    3.8800E+01  4.12506E+04  3.19794E+00  4.12506E+04  3.19794E+00  4.12506E+04  3.19794E+00
    3.8859E+01  4.12506E+04  3.19794E+00  4.12506E+04  3.19794E+00  4.12506E+04  3.19794E+00
    3.8918E+01  4.12506E+04  3.19794E+00  4.12506E+04  3.19794E+00  4.12506E+04  3.19794E+00
    3.8978E+01  4.12506E+04  3.19794E+00  4.12506E+04  3.19794E+00  4.12506E+04  3.19794E+00
    3.9037E+01  4.12506E+04  3.19794E+00  4.12506E+04  3.19794E+00  4.12506E+04  3.19794E+00
    3.9096E+01  4.12506E+04  3.19794E+00  4.12506E+04  3.19794E+00  4.12506E+04  3.19794E+00
    3.9155E+01  4.12506E+04  3.19794E+00  4.12506E+04  3.19794E+00  4.12506E+04  3.19794E+00
    3.9214E+01  4.12506E+04  3.19794E+00  4.12506E+04  3.19794E+00  4.12506E+04  3.19794E+00
    3.9273E+01  4.12506E+04  3.19794E+00  4.12506E+04  3.19794E+00  4.12506E+04  3.19794E+00
    3.9332E+01  4.12506E+04  3.19794E+00  4.12506E+04  3.19794E+00  4.12506E+04  3.19794E+00
    3.9392E+01  4.12506E+04  3.19794E+00  4.12506E+04  3.19794E+00  4.12506E+04  3.19794E+00
    3.9451E+01  4.12506E+04  3.19794E+00  4.12506E+04  3.19794E+00  4.12506E+04  3.19794E+00
    3.9510E+01  4.12506E+04  3.19794E+00  4.12506E+04  3.19794E+00  4.12506E+04  3.19794E+00
    3.9569E+01  4.12506E+04  3.19794E+00  4.12506E+04  3.19794E+00  4.12506E+04  3.19794E+00
    3.9628E+01  4.12506E+04  3.19794E+00  4.12506E+04  3.19794E+00  4.12506E+04  3.19794E+00
    3.9687E+01  4.12506E+04  3.19794E+00  4.12506E+04  3.19794E+00  4.12506E+04  3.19794E+00
    3.9746E+01  4.12506E+04  3.19794E+00  4.12506E+04  3.19794E+00  4.12506E+04  3.19794E+00
    3.9806E+01  4.12506E+04  3.19794E+00  4.12506E+04  3.19794E+00  4.12506E+04  3.19794E+00
    3.9865E+01  4.12506E+04  3.19794E+00  4.12506E+04  3.19794E+00  4.12506E+04  3.19794E+00
    3.9924E+01  4.12506E+04  3.19794E+00  4.12506E+04  3.19794E+00  4.12506E+04  3.19794E+00
    3.9983E+01  4.12506E+04  3.19794E+00  4.12506E+04  3.19794E+00  4.12506E+04  3.19794E+00
    4.0042E+01  4.65274E+04  3.33180E+00  4.65274E+04  3.33180E+00  4.65274E+04  3.33180E+00
    4.0101E+01  4.65274E+04  3.33180E+00  4.65274E+04  3.33180E+00  4.65274E+04  3.33180E+00
    4.0160E+01  4.65274E+04  3.33180E+00  4.65274E+04  3.33180E+00  4.65274E+04  3.33180E+00
    4.0220E+01  4.65274E+04  3.33180E+00  4.65274E+04  3.33180E+00  4.65274E+04  3.33180E+00
    4.0279E+01  4.65274E+04  3.33180E+00  4.65274E+04  3.33180E+00  4.65274E+04  3.33180E+00
    4.0338E+01  4.65274E+04  3.33180E+00  4.65274E+04  3.33180E+00  4.65274E+04  3.33180E+00
    4.0397E+01  4.65274E+04  3.33180E+00  4.65274E+04  3.33180E+00  4.65274E+04  3.33180E+00
    4.0456E+01  4.65274E+04  3.33180E+00  4.65274E+04  3.33180E+00  4.65274E+04  3.33180E+00
    4.0515E+01  4.65274E+04  3.33180E+00  4.65274E+04  3.33180E+00  4.65274E+04  3.33180E+00
    4.0574E+01  4.65274E+04  3.33180E+00  4.65274E+04  3.33180E+00  4.65274E+04  3.33180E+00
    4.0634E+01  4.65274E+04  3.33180E+00  4.65274E+04  3.33180E+00  4.65274E+04  3.33180E+00
    4.0693E+01  5.00319E+04  3.65466E+00  5.00319E+04  3.65466E+00  5.00319E+04  3.65466E+00
    4.0752E+01  5.00319E+04  3.65466E+00  5.00319E+04  3.65466E+00  5.00319E+04  3.65466E+00
    4.0811E+01  5.00319E+04  3.65466E+00  5.00319E+04  3.65466E+00  5.00319E+04  3.65466E+00
    4.0870E+01  5.00319E+04  3.65466E+00  5.00319E+04  3.65466E+00  5.00319E+04  3.65466E+00
    4.0929E+01  5.00319E+04  3.65466E+00  5.00319E+04  3.65466E+00  5.00319E+04  3.65466E+00
    4.0989E+01  5.00319E+04  3.65466E+00  5.00319E+04  3.65466E+00  5.00319E+04  3.65466E+00
    4.1048E+01  5.00319E+04  3.65466E+00  5.00319E+04  3.65466E+00  5.00319E+04  3.65466E+00
    4.1107E+01  5.00319E+04  3.65466E+00  5.00319E+04  3.65466E+00  5.00319E+04  3.65466E+00
    4.1166E+01  5.44441E+04  3.93971E+00  5.44441E+04  3.93971E+00  5.44441E+04  3.93971E+00
    4.1225E+01  5.44441E+04  3.93971E+00  5.44441E+04  3.93971E+00  5.44441E+04  3.93971E+00
    4.1284E+01  5.44441E+04  3.93971E+00  5.44441E+04  3.93971E+00  5.44441E+04  3.93971E+00
    4.1343E+01  5.44441E+04  3.93971E+00  5.44441E+04  3.93971E+00  5.44441E+04  3.93971E+00
    4.1403E+01  5.44441E+04  3.93971E+00  5.44441E+04  3.93971E+00  5.44441E+04  3.93971E+00
    4.1462E+01  5.44441E+04  3.93971E+00  5.44441E+04  3.93971E+00  5.44441E+04  3.93971E+00
    4.1521E+01  5.44441E+04  3.93971E+00  5.44441E+04  3.93971E+00  5.44441E+04  3.93971E+00
    4.1580E+01  5.44441E+04  3.93971E+00  5.44441E+04  3.93971E+00  5.44441E+04  3.93971E+00
    4.1639E+01  5.44441E+04  3.93971E+00  5.44441E+04  3.93971E+00  5.44441E+04  3.93971E+00
    4.1698E+01  5.44441E+04  3.93971E+00  5.44441E+04  3.93971E+00  5.44441E+04  3.93971E+00
    4.1757E+01  5.44441E+04  3.93971E+00  5.44441E+04  3.93971E+00  5.44441E+04  3.93971E+00
    4.1817E+01  5.44441E+04  3.93971E+00  5.44441E+04  3.93971E+00  5.44441E+04  3.93971E+00
    4.1876E+01  5.44441E+04  3.93971E+00  5.44441E+04  3.93971E+00  5.44441E+04  3.93971E+00
    4.1935E+01  5.44441E+04  3.93971E+00  5.44441E+04  3.93971E+00  5.44441E+04  3.93971E+00
    4.1994E+01  5.44441E+04  3.93971E+00  5.44441E+04  3.93971E+00  5.44441E+04  3.93971E+00
    4.2053E+01  5.44441E+04  3.93971E+00  5.44441E+04  3.93971E+00  5.44441E+04  3.93971E+00
    4.2112E+01  5.44441E+04  3.93971E+00  5.44441E+04  3.93971E+00  5.44441E+04  3.93971E+00
    4.2171E+01  5.44441E+04  3.93971E+00  5.44441E+04  3.93971E+00  5.44441E+04  3.93971E+00
    4.2231E+01  5.44441E+04  3.93971E+00  5.44441E+04  3.93971E+00  5.44441E+04  3.93971E+00
    4.2290E+01  5.44441E+04  3.93971E+00  5.44441E+04  3.93971E+00  5.44441E+04  3.93971E+00
    4.2349E+01  5.44441E+04  3.93971E+00  5.44441E+04  3.93971E+00  5.44441E+04  3.93971E+00
    4.2408E+01  5.44441E+04  3.93971E+00  5.44441E+04  3.93971E+00  5.44441E+04  3.93971E+00
    4.2467E+01  5.44441E+04  3.93971E+00  5.44441E+04  3.93971E+00  5.44441E+04  3.93971E+00
    4.2526E+01  5.44441E+04  3.93971E+00  5.44441E+04  3.93971E+00  5.44441E+04  3.93971E+00
    4.2585E+01  5.44441E+04  3.93971E+00  5.44441E+04  3.93971E+00  5.44441E+04  3.93971E+00
    4.2645E+01  5.44441E+04  3.93971E+00  5.44441E+04  3.93971E+00  5.44441E+04  3.93971E+00
    4.2704E+01  5.44441E+04  3.93971E+00  5.44441E+04  3.93971E+00  5.44441E+04  3.93971E+00
    4.2763E+01  5.44441E+04  3.93971E+00  5.44441E+04  3.93971E+00  5.44441E+04  3.93971E+00
    4.2822E+01  5.44441E+04  3.93971E+00  5.44441E+04  3.93971E+00  5.44441E+04  3.93971E+00
    4.2881E+01  5.44441E+04  3.93971E+00  5.44441E+04  3.93971E+00  5.44441E+04  3.93971E+00
    4.2940E+01  5.44441E+04  3.93971E+00  5.44441E+04  3.93971E+00  5.44441E+04  3.93971E+00
    4.2999E+01  5.44441E+04  3.93971E+00  5.44441E+04  3.93971E+00  5.44441E+04  3.93971E+00
    4.3059E+01  5.44441E+04  3.93971E+00  5.44441E+04  3.93971E+00  5.44441E+04  3.93971E+00
    4.3118E+01  5.44441E+04  3.93971E+00  5.44441E+04  3.93971E+00  5.44441E+04  3.93971E+00
    4.3177E+01  5.44441E+04  3.93971E+00  5.44441E+04  3.93971E+00  5.44441E+04  3.93971E+00
    4.3236E+01  5.44441E+04  3.93971E+00  5.44441E+04  3.93971E+00  5.44441E+04  3.93971E+00
    4.3295E+01  5.44441E+04  3.93971E+00  5.44441E+04  3.93971E+00  5.44441E+04  3.93971E+00
    4.3354E+01  5.44441E+04  3.93971E+00  5.44441E+04  3.93971E+00  5.44441E+04  3.93971E+00
    4.3414E+01  5.44441E+04  3.93971E+00  5.44441E+04  3.93971E+00  5.44441E+04  3.93971E+00
    4.3473E+01  5.44441E+04  3.93971E+00  5.44441E+04  3.93971E+00  5.44441E+04  3.93971E+00
    4.3532E+01  5.44441E+04  3.93971E+00  5.44441E+04  3.93971E+00  5.44441E+04  3.93971E+00
    4.3591E+01  5.44441E+04  3.93971E+00  5.44441E+04  3.93971E+00  5.44441E+04  3.93971E+00
    4.3650E+01  5.77097E+04  4.29175E+00  5.77097E+04  4.29175E+00  5.77097E+04  4.29175E+00
    4.3709E+01  5.77097E+04  4.29175E+00  5.77097E+04  4.29175E+00  5.77097E+04  4.29175E+00
    4.3768E+01  5.77097E+04  4.29175E+00  5.77097E+04  4.29175E+00  5.77097E+04  4.29175E+00
    4.3828E+01  5.77097E+04  4.29175E+00  5.77097E+04  4.29175E+00  5.77097E+04  4.29175E+00
    4.3887E+01  5.77097E+04  4.29175E+00  5.77097E+04  4.29175E+00  5.77097E+04  4.29175E+00
    4.3946E+01  5.77097E+04  4.29175E+00  5.77097E+04  4.29175E+00  5.77097E+04  4.29175E+00
    4.4005E+01  5.77097E+04  4.29175E+00  5.77097E+04  4.29175E+00  5.77097E+04  4.29175E+00
    4.4064E+01  5.77097E+04  4.29175E+00  5.77097E+04  4.29175E+00  5.77097E+04  4.29175E+00
    4.4123E+01  5.77097E+04  4.29175E+00  5.77097E+04  4.29175E+00  5.77097E+04  4.29175E+00
    4.4182E+01  6.41426E+04  4.32999E+00  6.41426E+04  4.32999E+00  6.41426E+04  4.32999E+00
    4.4242E+01  6.41426E+04  4.32999E+00  6.41426E+04  4.32999E+00  6.41426E+04  4.32999E+00
    4.4301E+01  6.41426E+04  4.32999E+00  6.41426E+04  4.32999E+00  6.41426E+04  4.32999E+00
    4.4360E+01  6.41426E+04  4.32999E+00  6.41426E+04  4.32999E+00  6.41426E+04  4.32999E+00
    4.4419E+01  6.77206E+04  4.69878E+00  6.77206E+04  4.69878E+00  6.77206E+04  4.69878E+00
    4.4478E+01  6.77206E+04  4.69878E+00  6.77206E+04  4.69878E+00  6.77206E+04  4.69878E+00
    4.4537E+01  6.77206E+04  4.69878E+00  6.77206E+04  4.69878E+00  6.77206E+04  4.69878E+00
    4.4596E+01  6.77206E+04  4.69878E+00  6.77206E+04  4.69878E+00  6.77206E+04  4.69878E+00
    4.4656E+01  6.77206E+04  4.69878E+00  6.77206E+04  4.69878E+00  6.77206E+04  4.69878E+00
    4.4715E+01  6.77206E+04  4.69878E+00  6.77206E+04  4.69878E+00  6.77206E+04  4.69878E+00
    4.4774E+01  6.77206E+04  4.69878E+00  6.77206E+04  4.69878E+00  6.77206E+04  4.69878E+00
    4.4833E+01  6.77206E+04  4.69878E+00  6.77206E+04  4.69878E+00  6.77206E+04  4.69878E+00
    4.4892E+01  7.09998E+04  5.06438E+00  7.09998E+04  5.06438E+00  7.09998E+04  5.06438E+00
    4.4951E+01  7.09998E+04  5.06438E+00  7.09998E+04  5.06438E+00  7.09998E+04  5.06438E+00
    4.5010E+01  7.09998E+04  5.06438E+00  7.09998E+04  5.06438E+00  7.09998E+04  5.06438E+00
    4.5070E+01  7.54085E+04  5.42811E+00  7.54085E+04  5.42811E+00  7.54085E+04  5.42811E+00
    4.5129E+01  7.54085E+04  5.42811E+00  7.54085E+04  5.42811E+00  7.54085E+04  5.42811E+00
    4.5188E+01  7.54085E+04  5.42811E+00  7.54085E+04  5.42811E+00  7.54085E+04  5.42811E+00
    4.5247E+01  7.54085E+04  5.42811E+00  7.54085E+04  5.42811E+00  7.54085E+04  5.42811E+00
    4.5306E+01  7.54085E+04  5.42811E+00  7.54085E+04  5.42811E+00  7.54085E+04  5.42811E+00
    4.5365E+01  7.54085E+04  5.42811E+00  7.54085E+04  5.42811E+00  7.54085E+04  5.42811E+00
    4.5424E+01  7.54085E+04  5.42811E+00  7.54085E+04  5.42811E+00  7.54085E+04  5.42811E+00
    4.5484E+01  8.27526E+04  5.46888E+00  8.27526E+04  5.46888E+00  8.27526E+04  5.46888E+00
    4.5543E+01  8.27526E+04  5.46888E+00  8.27526E+04  5.46888E+00  8.27526E+04  5.46888E+00
    4.5602E+01  1.01960E+05  6.12323E+00  1.01960E+05  6.12323E+00  1.01960E+05  6.12323E+00
    4.5661E+01  1.01960E+05  6.12323E+00  1.01960E+05  6.12323E+00  1.01960E+05  6.12323E+00
    4.5720E+01  1.01960E+05  6.12323E+00  1.01960E+05  6.12323E+00  1.01960E+05  6.12323E+00
    4.5779E+01  1.01960E+05  6.12323E+00  1.01960E+05  6.12323E+00  1.01960E+05  6.12323E+00
    4.5839E+01  1.01960E+05  6.12323E+00  1.01960E+05  6.12323E+00  1.01960E+05  6.12323E+00
    4.5898E+01  1.01960E+05  6.12323E+00  1.01960E+05  6.12323E+00  1.01960E+05  6.12323E+00
    4.5957E+01  1.01960E+05  6.12323E+00  1.01960E+05  6.12323E+00  1.01960E+05  6.12323E+00
    4.6016E+01  1.01960E+05  6.12323E+00  1.01960E+05  6.12323E+00  1.01960E+05  6.12323E+00
    4.6075E+01  1.01960E+05  6.12323E+00  1.01960E+05  6.12323E+00  1.01960E+05  6.12323E+00
    4.6134E+01  1.01960E+05  6.12323E+00  1.01960E+05  6.12323E+00  1.01960E+05  6.12323E+00
    4.6193E+01  1.01960E+05  6.12323E+00  1.01960E+05  6.12323E+00  1.01960E+05  6.12323E+00
    4.6253E+01  1.01960E+05  6.12323E+00  1.01960E+05  6.12323E+00  1.01960E+05  6.12323E+00
    4.6312E+01  1.01960E+05  6.12323E+00  1.01960E+05  6.12323E+00  1.01960E+05  6.12323E+00
    4.6371E+01  1.01960E+05  6.12323E+00  1.01960E+05  6.12323E+00  1.01960E+05  6.12323E+00
    4.6430E+01  1.01960E+05  6.12323E+00  1.01960E+05  6.12323E+00  1.01960E+05  6.12323E+00
    4.6489E+01  1.01960E+05  6.12323E+00  1.01960E+05  6.12323E+00  1.01960E+05  6.12323E+00
    4.6548E+01  1.01960E+05  6.12323E+00  1.01960E+05  6.12323E+00  1.01960E+05  6.12323E+00
    4.6607E+01  1.01960E+05  6.12323E+00  1.01960E+05  6.12323E+00  1.01960E+05  6.12323E+00
    4.6667E+01  1.01960E+05  6.12323E+00  1.01960E+05  6.12323E+00  1.01960E+05  6.12323E+00
    4.6726E+01  1.01960E+05  6.12323E+00  1.01960E+05  6.12323E+00  1.01960E+05  6.12323E+00
    4.6785E+01  1.13694E+05  6.83807E+00  1.13694E+05  6.83807E+00  1.13694E+05  6.83807E+00
    4.6844E+01  1.13694E+05  6.83807E+00  1.13694E+05  6.83807E+00  1.13694E+05  6.83807E+00
    4.6903E+01  1.13694E+05  6.83807E+00  1.13694E+05  6.83807E+00  1.13694E+05  6.83807E+00
    4.6962E+01  1.13694E+05  6.83807E+00  1.13694E+05  6.83807E+00  1.13694E+05  6.83807E+00
    4.7021E+01  1.13694E+05  6.83807E+00  1.13694E+05  6.83807E+00  1.13694E+05  6.83807E+00
    4.7081E+01  1.13694E+05  6.83807E+00  1.13694E+05  6.83807E+00  1.13694E+05  6.83807E+00
    4.7140E+01  1.13694E+05  6.83807E+00  1.13694E+05  6.83807E+00  1.13694E+05  6.83807E+00
    4.7199E+01  1.13694E+05  6.83807E+00  1.13694E+05  6.83807E+00  1.13694E+05  6.83807E+00
    4.7258E+01  1.13694E+05  6.83807E+00  1.13694E+05  6.83807E+00  1.13694E+05  6.83807E+00
    4.7317E+01  1.13694E+05  6.83807E+00  1.13694E+05  6.83807E+00  1.13694E+05  6.83807E+00
    4.7376E+01  1.13694E+05  6.83807E+00  1.13694E+05  6.83807E+00  1.13694E+05  6.83807E+00
    4.7435E+01  1.13694E+05  6.83807E+00  1.13694E+05  6.83807E+00  1.13694E+05  6.83807E+00
    4.7495E+01  1.13694E+05  6.83807E+00  1.13694E+05  6.83807E+00  1.13694E+05  6.83807E+00
    4.7554E+01  1.23873E+05  7.67978E+00  1.23873E+05  7.67978E+00  1.23873E+05  7.67978E+00
    4.7613E+01  1.23873E+05  7.67978E+00  1.23873E+05  7.67978E+00  1.23873E+05  7.67978E+00
    4.7672E+01  1.23873E+05  7.67978E+00  1.23873E+05  7.67978E+00  1.23873E+05  7.67978E+00
    4.7731E+01  1.23873E+05  7.67978E+00  1.23873E+05  7.67978E+00  1.23873E+05  7.67978E+00
    4.7790E+01  1.23873E+05  7.67978E+00  1.23873E+05  7.67978E+00  1.23873E+05  7.67978E+00
    4.7849E+01  1.23873E+05  7.67978E+00  1.23873E+05  7.67978E+00  1.23873E+05  7.67978E+00
    4.7909E+01  1.23873E+05  7.67978E+00  1.23873E+05  7.67978E+00  1.23873E+05  7.67978E+00
    4.7968E+01  1.23873E+05  7.67978E+00  1.23873E+05  7.67978E+00  1.23873E+05  7.67978E+00
    4.8027E+01  1.23873E+05  7.67978E+00  1.23873E+05  7.67978E+00  1.23873E+05  7.67978E+00
    4.8086E+01  1.23873E+05  7.67978E+00  1.23873E+05  7.67978E+00  1.23873E+05  7.67978E+00
    4.8145E+01  1.23873E+05  7.67978E+00  1.23873E+05  7.67978E+00  1.23873E+05  7.67978E+00
    4.8204E+01  1.23873E+05  7.67978E+00  1.23873E+05  7.67978E+00  1.23873E+05  7.67978E+00
    4.8264E+01  1.23873E+05  7.67978E+00  1.23873E+05  7.67978E+00  1.23873E+05  7.67978E+00
    4.8323E+01  1.23873E+05  7.67978E+00  1.23873E+05  7.67978E+00  1.23873E+05  7.67978E+00
    4.8382E+01  1.23873E+05  7.67978E+00  1.23873E+05  7.67978E+00  1.23873E+05  7.67978E+00
    4.8441E+01  1.23873E+05  7.67978E+00  1.23873E+05  7.67978E+00  1.23873E+05  7.67978E+00
    4.8500E+01  1.23873E+05  7.67978E+00  1.23873E+05  7.67978E+00  1.23873E+05  7.67978E+00
    4.8559E+01  1.23873E+05  7.67978E+00  1.23873E+05  7.67978E+00  1.23873E+05  7.67978E+00
    4.8618E+01  1.23873E+05  7.67978E+00  1.23873E+05  7.67978E+00  1.23873E+05  7.67978E+00
    4.8678E+01  1.23873E+05  7.67978E+00  1.23873E+05  7.67978E+00  1.23873E+05  7.67978E+00
    4.8737E+01  1.23873E+05  7.67978E+00  1.23873E+05  7.67978E+00  1.23873E+05  7.67978E+00
    4.8796E+01  1.33514E+05  8.57405E+00  1.33514E+05  8.57405E+00  1.33514E+05  8.57405E+00
    4.8855E+01  1.33514E+05  8.57405E+00  1.33514E+05  8.57405E+00  1.33514E+05  8.57405E+00
    4.8914E+01  1.33514E+05  8.57405E+00  1.33514E+05  8.57405E+00  1.33514E+05  8.57405E+00
    4.8973E+01  1.33514E+05  8.57405E+00  1.33514E+05  8.57405E+00  1.33514E+05  8.57405E+00
    4.9032E+01  1.33514E+05  8.57405E+00  1.33514E+05  8.57405E+00  1.33514E+05  8.57405E+00
    4.9092E+01  1.33514E+05  8.57405E+00  1.33514E+05  8.57405E+00  1.33514E+05  8.57405E+00
    4.9151E+01  1.33514E+05  8.57405E+00  1.33514E+05  8.57405E+00  1.33514E+05  8.57405E+00
    4.9210E+01  1.44725E+05  9.44220E+00  1.44725E+05  9.44220E+00  1.44725E+05  9.44220E+00
    4.9269E+01  1.44725E+05  9.44220E+00  1.44725E+05  9.44220E+00  1.44725E+05  9.44220E+00
    4.9328E+01  1.60327E+05  9.67741E+00  1.60327E+05  9.67741E+00  1.60327E+05  9.67741E+00
    4.9387E+01  1.60327E+05  9.67741E+00  1.60327E+05  9.67741E+00  1.60327E+05  9.67741E+00
    4.9446E+01  1.60327E+05  9.67741E+00  1.60327E+05  9.67741E+00  1.60327E+05  9.67741E+00
    4.9506E+01  1.60327E+05  9.67741E+00  1.60327E+05  9.67741E+00  1.60327E+05  9.67741E+00
    4.9565E+01  1.68310E+05  9.88086E+00  1.68310E+05  9.88086E+00  1.68310E+05  9.88086E+00
    4.9624E+01  1.68310E+05  9.88086E+00  1.68310E+05  9.88086E+00  1.68310E+05  9.88086E+00
    4.9683E+01  1.68310E+05  9.88086E+00  1.68310E+05  9.88086E+00  1.68310E+05  9.88086E+00
    4.9742E+01  1.78375E+05  1.07971E+01  1.78375E+05  1.07971E+01  1.78375E+05  1.07971E+01
    4.9801E+01  1.78375E+05  1.07971E+01  1.78375E+05  1.07971E+01  1.78375E+05  1.07971E+01
    4.9860E+01  1.78375E+05  1.07971E+01  1.78375E+05  1.07971E+01  1.78375E+05  1.07971E+01
    4.9920E+01  1.78375E+05  1.07971E+01  1.78375E+05  1.07971E+01  1.78375E+05  1.07971E+01
    4.9979E+01  1.78375E+05  1.07971E+01  1.78375E+05  1.07971E+01  1.78375E+05  1.07971E+01
    5.0038E+01  1.78375E+05  1.07971E+01  1.78375E+05  1.07971E+01  1.78375E+05  1.07971E+01
    5.0097E+01  1.78375E+05  1.07971E+01  1.78375E+05  1.07971E+01  1.78375E+05  1.07971E+01
    5.0156E+01  1.78375E+05  1.07971E+01  1.78375E+05  1.07971E+01  1.78375E+05  1.07971E+01
    5.0215E+01  1.78375E+05  1.07971E+01  1.78375E+05  1.07971E+01  1.78375E+05  1.07971E+01
    5.0274E+01  1.78375E+05  1.07971E+01  1.78375E+05  1.07971E+01  1.78375E+05  1.07971E+01
    5.0334E+01  1.78375E+05  1.07971E+01  1.78375E+05  1.07971E+01  1.78375E+05  1.07971E+01
    5.0393E+01  1.78375E+05  1.07971E+01  1.78375E+05  1.07971E+01  1.78375E+05  1.07971E+01
    5.0452E+01  1.78375E+05  1.07971E+01  1.78375E+05  1.07971E+01  1.78375E+05  1.07971E+01
    5.0511E+01  1.78375E+05  1.07971E+01  1.78375E+05  1.07971E+01  1.78375E+05  1.07971E+01
    5.0570E+01  1.78375E+05  1.07971E+01  1.78375E+05  1.07971E+01  1.78375E+05  1.07971E+01
    5.0629E+01  1.78375E+05  1.07971E+01  1.78375E+05  1.07971E+01  1.78375E+05  1.07971E+01
    5.0689E+01  1.78375E+05  1.07971E+01  1.78375E+05  1.07971E+01  1.78375E+05  1.07971E+01
    5.0748E+01  1.92187E+05  1.15158E+01  1.92187E+05  1.15158E+01  1.92187E+05  1.15158E+01
    5.0807E+01  1.92187E+05  1.15158E+01  1.92187E+05  1.15158E+01  1.92187E+05  1.15158E+01
    5.0866E+01  1.92187E+05  1.15158E+01  1.92187E+05  1.15158E+01  1.92187E+05  1.15158E+01
    5.0925E+01  1.92187E+05  1.15158E+01  1.92187E+05  1.15158E+01  1.92187E+05  1.15158E+01
    5.0984E+01  1.92187E+05  1.15158E+01  1.92187E+05  1.15158E+01  1.92187E+05  1.15158E+01
    5.1043E+01  1.92187E+05  1.15158E+01  1.92187E+05  1.15158E+01  1.92187E+05  1.15158E+01
    5.1103E+01  1.92187E+05  1.15158E+01  1.92187E+05  1.15158E+01  1.92187E+05  1.15158E+01
    5.1162E+01  1.92187E+05  1.15158E+01  1.92187E+05  1.15158E+01  1.92187E+05  1.15158E+01
    5.1221E+01  1.92187E+05  1.15158E+01  1.92187E+05  1.15158E+01  1.92187E+05  1.15158E+01
    5.1280E+01  1.92187E+05  1.15158E+01  1.92187E+05  1.15158E+01  1.92187E+05  1.15158E+01
    5.1339E+01  1.92187E+05  1.15158E+01  1.92187E+05  1.15158E+01  1.92187E+05  1.15158E+01
    5.1398E+01  1.92187E+05  1.15158E+01  1.92187E+05  1.15158E+01  1.92187E+05  1.15158E+01
    5.1457E+01  1.92187E+05  1.15158E+01  1.92187E+05  1.15158E+01  1.92187E+05  1.15158E+01
    5.1517E+01  1.92187E+05  1.15158E+01  1.92187E+05  1.15158E+01  1.92187E+05  1.15158E+01
    5.1576E+01  1.92187E+05  1.15158E+01  1.92187E+05  1.15158E+01  1.92187E+05  1.15158E+01
    5.1635E+01  1.92187E+05  1.15158E+01  1.92187E+05  1.15158E+01  1.92187E+05  1.15158E+01
    5.1694E+01  1.92187E+05  1.15158E+01  1.92187E+05  1.15158E+01  1.92187E+05  1.15158E+01
    5.1753E+01  1.92187E+05  1.15158E+01  1.92187E+05  1.15158E+01  1.92187E+05  1.15158E+01
    5.1812E+01  1.92187E+05  1.15158E+01  1.92187E+05  1.15158E+01  1.92187E+05  1.15158E+01
    5.1871E+01  2.00587E+05  1.18068E+01  2.00587E+05  1.18068E+01  2.00587E+05  1.18068E+01
    5.1931E+01  2.00587E+05  1.18068E+01  2.00587E+05  1.18068E+01  2.00587E+05  1.18068E+01
    5.1990E+01  2.00587E+05  1.18068E+01  2.00587E+05  1.18068E+01  2.00587E+05  1.18068E+01
    5.2049E+01  2.00587E+05  1.18068E+01  2.00587E+05  1.18068E+01  2.00587E+05  1.18068E+01
    5.2108E+01  2.00587E+05  1.18068E+01  2.00587E+05  1.18068E+01  2.00587E+05  1.18068E+01
    5.2167E+01  2.00587E+05  1.18068E+01  2.00587E+05  1.18068E+01  2.00587E+05  1.18068E+01
    5.2226E+01  2.00587E+05  1.18068E+01  2.00587E+05  1.18068E+01  2.00587E+05  1.18068E+01
    5.2285E+01  2.00587E+05  1.18068E+01  2.00587E+05  1.18068E+01  2.00587E+05  1.18068E+01
    5.2345E+01  2.00587E+05  1.18068E+01  2.00587E+05  1.18068E+01  2.00587E+05  1.18068E+01
    5.2404E+01  2.00587E+05  1.18068E+01  2.00587E+05  1.18068E+01  2.00587E+05  1.18068E+01
    5.2463E+01  2.00587E+05  1.18068E+01  2.00587E+05  1.18068E+01  2.00587E+05  1.18068E+01
    5.2522E+01  2.00587E+05  1.18068E+01  2.00587E+05  1.18068E+01  2.00587E+05  1.18068E+01
    5.2581E+01  2.00587E+05  1.18068E+01  2.00587E+05  1.18068E+01  2.00587E+05  1.18068E+01
    5.2640E+01  2.00587E+05  1.18068E+01  2.00587E+05  1.18068E+01  2.00587E+05  1.18068E+01
    5.2700E+01  2.00587E+05  1.18068E+01  2.00587E+05  1.18068E+01  2.00587E+05  1.18068E+01
    5.2759E+01  2.00587E+05  1.18068E+01  2.00587E+05  1.18068E+01  2.00587E+05  1.18068E+01
    5.2818E+01  2.00587E+05  1.18068E+01  2.00587E+05  1.18068E+01  2.00587E+05  1.18068E+01
    5.2877E+01  2.00587E+05  1.18068E+01  2.00587E+05  1.18068E+01  2.00587E+05  1.18068E+01
    5.2936E+01  2.00587E+05  1.18068E+01  2.00587E+05  1.18068E+01  2.00587E+05  1.18068E+01
    5.2995E+01  2.00587E+05  1.18068E+01  2.00587E+05  1.18068E+01  2.00587E+05  1.18068E+01
    5.3054E+01  2.00587E+05  1.18068E+01  2.00587E+05  1.18068E+01  2.00587E+05  1.18068E+01
    5.3114E+01  2.00587E+05  1.18068E+01  2.00587E+05  1.18068E+01  2.00587E+05  1.18068E+01
    5.3173E+01  2.00587E+05  1.18068E+01  2.00587E+05  1.18068E+01  2.00587E+05  1.18068E+01
    5.3232E+01  2.00587E+05  1.18068E+01  2.00587E+05  1.18068E+01  2.00587E+05  1.18068E+01
    5.3291E+01  2.00587E+05  1.18068E+01  2.00587E+05  1.18068E+01  2.00587E+05  1.18068E+01
    5.3350E+01  2.00587E+05  1.18068E+01  2.00587E+05  1.18068E+01  2.00587E+05  1.18068E+01
    5.3409E+01  2.00587E+05  1.18068E+01  2.00587E+05  1.18068E+01  2.00587E+05  1.18068E+01
    5.3468E+01  2.00587E+05  1.18068E+01  2.00587E+05  1.18068E+01  2.00587E+05  1.18068E+01
    5.3528E+01  2.20561E+05  1.20380E+01  2.20561E+05  1.20380E+01  2.20561E+05  1.20380E+01
    5.3587E+01  2.20561E+05  1.20380E+01  2.20561E+05  1.20380E+01  2.20561E+05  1.20380E+01
    5.3646E+01  2.20561E+05  1.20380E+01  2.20561E+05  1.20380E+01  2.20561E+05  1.20380E+01
    5.3705E+01  2.20561E+05  1.20380E+01  2.20561E+05  1.20380E+01  2.20561E+05  1.20380E+01
    5.3764E+01  2.20561E+05  1.20380E+01  2.20561E+05  1.20380E+01  2.20561E+05  1.20380E+01
    5.3823E+01  2.20561E+05  1.20380E+01  2.20561E+05  1.20380E+01  2.20561E+05  1.20380E+01
    5.3882E+01  2.20561E+05  1.20380E+01  2.20561E+05  1.20380E+01  2.20561E+05  1.20380E+01
    5.3942E+01  2.20561E+05  1.20380E+01  2.20561E+05  1.20380E+01  2.20561E+05  1.20380E+01
    5.4001E+01  2.20561E+05  1.20380E+01  2.20561E+05  1.20380E+01  2.20561E+05  1.20380E+01
    5.4060E+01  2.29672E+05  1.23370E+01  2.29672E+05  1.23370E+01  2.29672E+05  1.23370E+01
    5.4119E+01  2.29672E+05  1.23370E+01  2.29672E+05  1.23370E+01  2.29672E+05  1.23370E+01
    5.4178E+01  2.29672E+05  1.23370E+01  2.29672E+05  1.23370E+01  2.29672E+05  1.23370E+01
    5.4237E+01  2.29672E+05  1.23370E+01  2.29672E+05  1.23370E+01  2.29672E+05  1.23370E+01
    5.4296E+01  2.29672E+05  1.23370E+01  2.29672E+05  1.23370E+01  2.29672E+05  1.23370E+01
    5.4356E+01  2.29672E+05  1.23370E+01  2.29672E+05  1.23370E+01  2.29672E+05  1.23370E+01
    5.4415E+01  2.29672E+05  1.23370E+01  2.29672E+05  1.23370E+01  2.29672E+05  1.23370E+01
    5.4474E+01  2.29672E+05  1.23370E+01  2.29672E+05  1.23370E+01  2.29672E+05  1.23370E+01
    5.4533E+01  2.29672E+05  1.23370E+01  2.29672E+05  1.23370E+01  2.29672E+05  1.23370E+01
    5.4592E+01  2.29672E+05  1.23370E+01  2.29672E+05  1.23370E+01  2.29672E+05  1.23370E+01
    5.4651E+01  2.29672E+05  1.23370E+01  2.29672E+05  1.23370E+01  2.29672E+05  1.23370E+01
    5.4710E+01  2.29672E+05  1.23370E+01  2.29672E+05  1.23370E+01  2.29672E+05  1.23370E+01
    5.4770E+01  2.29672E+05  1.23370E+01  2.29672E+05  1.23370E+01  2.29672E+05  1.23370E+01
    5.4829E+01  2.29672E+05  1.23370E+01  2.29672E+05  1.23370E+01  2.29672E+05  1.23370E+01
    5.4888E+01  2.29672E+05  1.23370E+01  2.29672E+05  1.23370E+01  2.29672E+05  1.23370E+01
    5.4947E+01  2.29672E+05  1.23370E+01  2.29672E+05  1.23370E+01  2.29672E+05  1.23370E+01
    5.5006E+01  2.29672E+05  1.23370E+01  2.29672E+05  1.23370E+01  2.29672E+05  1.23370E+01
    5.5065E+01  2.29672E+05  1.23370E+01  2.29672E+05  1.23370E+01  2.29672E+05  1.23370E+01
    5.5125E+01  2.39986E+05  1.25356E+01  2.39986E+05  1.25356E+01  2.39986E+05  1.25356E+01
    5.5184E+01  2.39986E+05  1.25356E+01  2.39986E+05  1.25356E+01  2.39986E+05  1.25356E+01
    5.5243E+01  2.49974E+05  1.27336E+01  2.49974E+05  1.27336E+01  2.49974E+05  1.27336E+01
    5.5302E+01  2.49974E+05  1.27336E+01  2.49974E+05  1.27336E+01  2.49974E+05  1.27336E+01
    5.5361E+01  2.49974E+05  1.27336E+01  2.49974E+05  1.27336E+01  2.49974E+05  1.27336E+01
    5.5420E+01  2.49974E+05  1.27336E+01  2.49974E+05  1.27336E+01  2.49974E+05  1.27336E+01
    5.5479E+01  2.49974E+05  1.27336E+01  2.49974E+05  1.27336E+01  2.49974E+05  1.27336E+01
    5.5539E+01  2.49974E+05  1.27336E+01  2.49974E+05  1.27336E+01  2.49974E+05  1.27336E+01
    5.5598E+01  2.49974E+05  1.27336E+01  2.49974E+05  1.27336E+01  2.49974E+05  1.27336E+01
    5.5657E+01  2.49974E+05  1.27336E+01  2.49974E+05  1.27336E+01  2.49974E+05  1.27336E+01
    5.5716E+01  2.49974E+05  1.27336E+01  2.49974E+05  1.27336E+01  2.49974E+05  1.27336E+01
    5.5775E+01  2.49974E+05  1.27336E+01  2.49974E+05  1.27336E+01  2.49974E+05  1.27336E+01
    5.5834E+01  2.71172E+05  1.30726E+01  2.71172E+05  1.30726E+01  2.71172E+05  1.30726E+01
    5.5893E+01  2.71172E+05  1.30726E+01  2.71172E+05  1.30726E+01  2.71172E+05  1.30726E+01
    5.5953E+01  2.71172E+05  1.30726E+01  2.71172E+05  1.30726E+01  2.71172E+05  1.30726E+01
    5.6012E+01  2.71172E+05  1.30726E+01  2.71172E+05  1.30726E+01  2.71172E+05  1.30726E+01
    5.6071E+01  2.71172E+05  1.30726E+01  2.71172E+05  1.30726E+01  2.71172E+05  1.30726E+01
    5.6130E+01  2.71172E+05  1.30726E+01  2.71172E+05  1.30726E+01  2.71172E+05  1.30726E+01
    5.6189E+01  2.71172E+05  1.30726E+01  2.71172E+05  1.30726E+01  2.71172E+05  1.30726E+01
    5.6248E+01  2.71172E+05  1.30726E+01  2.71172E+05  1.30726E+01  2.71172E+05  1.30726E+01
    5.6307E+01  2.71172E+05  1.30726E+01  2.71172E+05  1.30726E+01  2.71172E+05  1.30726E+01
    5.6367E+01  2.71172E+05  1.30726E+01  2.71172E+05  1.30726E+01  2.71172E+05  1.30726E+01
    5.6426E+01  2.71172E+05  1.30726E+01  2.71172E+05  1.30726E+01  2.71172E+05  1.30726E+01
    5.6485E+01  2.71172E+05  1.30726E+01  2.71172E+05  1.30726E+01  2.71172E+05  1.30726E+01
    5.6544E+01  2.71172E+05  1.30726E+01  2.71172E+05  1.30726E+01  2.71172E+05  1.30726E+01
    5.6603E+01  2.71172E+05  1.30726E+01  2.71172E+05  1.30726E+01  2.71172E+05  1.30726E+01
    5.6662E+01  2.71172E+05  1.30726E+01  2.71172E+05  1.30726E+01  2.71172E+05  1.30726E+01
    5.6721E+01  2.81258E+05  1.34337E+01  2.81258E+05  1.34337E+01  2.81258E+05  1.34337E+01
    5.6781E+01  2.81258E+05  1.34337E+01  2.81258E+05  1.34337E+01  2.81258E+05  1.34337E+01
    5.6840E+01  2.81258E+05  1.34337E+01  2.81258E+05  1.34337E+01  2.81258E+05  1.34337E+01
    5.6899E+01  2.81258E+05  1.34337E+01  2.81258E+05  1.34337E+01  2.81258E+05  1.34337E+01
    5.6958E+01  2.81258E+05  1.34337E+01  2.81258E+05  1.34337E+01  2.81258E+05  1.34337E+01
    5.7017E+01  2.81258E+05  1.34337E+01  2.81258E+05  1.34337E+01  2.81258E+05  1.34337E+01
    5.7076E+01  2.81258E+05  1.34337E+01  2.81258E+05  1.34337E+01  2.81258E+05  1.34337E+01
    5.7135E+01  2.81258E+05  1.34337E+01  2.81258E+05  1.34337E+01  2.81258E+05  1.34337E+01
    5.7195E+01  2.81258E+05  1.34337E+01  2.81258E+05  1.34337E+01  2.81258E+05  1.34337E+01
    5.7254E+01  2.81258E+05  1.34337E+01  2.81258E+05  1.34337E+01  2.81258E+05  1.34337E+01
    5.7313E+01  2.81258E+05  1.34337E+01  2.81258E+05  1.34337E+01  2.81258E+05  1.34337E+01
    5.7372E+01  2.81258E+05  1.34337E+01  2.81258E+05  1.34337E+01  2.81258E+05  1.34337E+01
    5.7431E+01  3.03810E+05  1.36490E+01  3.03810E+05  1.36490E+01  3.03810E+05  1.36490E+01
    5.7490E+01  3.03810E+05  1.36490E+01  3.03810E+05  1.36490E+01  3.03810E+05  1.36490E+01
    5.7550E+01  3.03810E+05  1.36490E+01  3.03810E+05  1.36490E+01  3.03810E+05  1.36490E+01
    5.7609E+01  3.03810E+05  1.36490E+01  3.03810E+05  1.36490E+01  3.03810E+05  1.36490E+01
    5.7668E+01  3.03810E+05  1.36490E+01  3.03810E+05  1.36490E+01  3.03810E+05  1.36490E+01
    5.7727E+01  3.03810E+05  1.36490E+01  3.03810E+05  1.36490E+01  3.03810E+05  1.36490E+01
    5.7786E+01  3.03810E+05  1.36490E+01  3.03810E+05  1.36490E+01  3.03810E+05  1.36490E+01
    5.7845E+01  3.03810E+05  1.36490E+01  3.03810E+05  1.36490E+01  3.03810E+05  1.36490E+01
    5.7904E+01  3.03810E+05  1.36490E+01  3.03810E+05  1.36490E+01  3.03810E+05  1.36490E+01
    5.7964E+01  3.03810E+05  1.36490E+01  3.03810E+05  1.36490E+01  3.03810E+05  1.36490E+01
    5.8023E+01  3.03810E+05  1.36490E+01  3.03810E+05  1.36490E+01  3.03810E+05  1.36490E+01
    5.8082E+01  3.03810E+05  1.36490E+01  3.03810E+05  1.36490E+01  3.03810E+05  1.36490E+01
    5.8141E+01  3.03810E+05  1.36490E+01  3.03810E+05  1.36490E+01  3.03810E+05  1.36490E+01
    5.8200E+01  3.13982E+05  1.40677E+01  3.13982E+05  1.40677E+01  3.13982E+05  1.40677E+01
    5.8259E+01  3.13982E+05  1.40677E+01  3.13982E+05  1.40677E+01  3.13982E+05  1.40677E+01
    5.8318E+01  3.13982E+05  1.40677E+01  3.13982E+05  1.40677E+01  3.13982E+05  1.40677E+01
    5.8378E+01  3.13982E+05  1.40677E+01  3.13982E+05  1.40677E+01  3.13982E+05  1.40677E+01
    5.8437E+01  3.13982E+05  1.40677E+01  3.13982E+05  1.40677E+01  3.13982E+05  1.40677E+01
    5.8496E+01  3.13982E+05  1.40677E+01  3.13982E+05  1.40677E+01  3.13982E+05  1.40677E+01
    5.8555E+01  3.13982E+05  1.40677E+01  3.13982E+05  1.40677E+01  3.13982E+05  1.40677E+01
    5.8614E+01  3.13982E+05  1.40677E+01  3.13982E+05  1.40677E+01  3.13982E+05  1.40677E+01
    5.8673E+01  3.13982E+05  1.40677E+01  3.13982E+05  1.40677E+01  3.13982E+05  1.40677E+01
    5.8732E+01  3.13982E+05  1.40677E+01  3.13982E+05  1.40677E+01  3.13982E+05  1.40677E+01
    5.8792E+01  3.13982E+05  1.40677E+01  3.13982E+05  1.40677E+01  3.13982E+05  1.40677E+01
    5.8851E+01  3.13982E+05  1.40677E+01  3.13982E+05  1.40677E+01  3.13982E+05  1.40677E+01
    5.8910E+01  3.25264E+05  1.42725E+01  3.25264E+05  1.42725E+01  3.25264E+05  1.42725E+01
    5.8969E+01  3.25264E+05  1.42725E+01  3.25264E+05  1.42725E+01  3.25264E+05  1.42725E+01
    5.9028E+01  3.25264E+05  1.42725E+01  3.25264E+05  1.42725E+01  3.25264E+05  1.42725E+01
    5.9087E+01  3.35921E+05  1.46486E+01  3.35921E+05  1.46486E+01  3.35921E+05  1.46486E+01
