    0.0000E+00  0.00000E+00  0.00000E+00  0.00000E+00  0.00000E+00  0.00000E+00  0.00000E+00
    5.3460E-02  0.00000E+00  0.00000E+00  0.00000E+00  0.00000E+00  0.00000E+00  0.00000E+00
    1.0692E-01  0.00000E+00  0.00000E+00  0.00000E+00  0.00000E+00  0.00000E+00  0.00000E+00
    1.6038E-01  0.00000E+00  0.00000E+00  0.00000E+00  0.00000E+00  0.00000E+00  0.00000E+00
    2.1384E-01  0.00000E+00  0.00000E+00  0.00000E+00  0.00000E+00  0.00000E+00  0.00000E+00
    2.6730E-01  0.00000E+00  0.00000E+00  0.00000E+00  0.00000E+00  0.00000E+00  0.00000E+00
    3.2076E-01  0.00000E+00  0.00000E+00  0.00000E+00  0.00000E+00  0.00000E+00  0.00000E+00
    3.7422E-01  0.00000E+00  0.00000E+00  0.00000E+00  0.00000E+00  0.00000E+00  0.00000E+00
    4.2768E-01  0.00000E+00  0.00000E+00  0.00000E+00  0.00000E+00  0.00000E+00  0.00000E+00
    4.8114E-01  0.00000E+00  0.00000E+00  0.00000E+00  0.00000E+00  0.00000E+00  0.00000E+00
    5.3460E-01  0.00000E+00  0.00000E+00  0.00000E+00  0.00000E+00  0.00000E+00  0.00000E+00
    5.8806E-01  0.00000E+00  0.00000E+00  0.00000E+00  0.00000E+00  0.00000E+00  0.00000E+00
    6.4152E-01  0.00000E+00  0.00000E+00  0.00000E+00  0.00000E+00  0.00000E+00  0.00000E+00
    6.9498E-01  0.00000E+00  0.00000E+00  0.00000E+00  0.00000E+00  0.00000E+00  0.00000E+00
    7.4844E-01  0.00000E+00  0.00000E+00  0.00000E+00  0.00000E+00  0.00000E+00  0.00000E+00
    8.0190E-01  0.00000E+00  0.00000E+00  0.00000E+00  0.00000E+00  0.00000E+00  0.00000E+00
    8.5536E-01  0.00000E+00  0.00000E+00  0.00000E+00  0.00000E+00  0.00000E+00  0.00000E+00
    9.0882E-01  0.00000E+00  0.00000E+00  0.00000E+00  0.00000E+00  0.00000E+00  0.00000E+00
    9.6228E-01  0.00000E+00  0.00000E+00  0.00000E+00  0.00000E+00  0.00000E+00  0.00000E+00
    1.0157E+00  0.00000E+00  0.00000E+00  0.00000E+00  0.00000E+00  0.00000E+00  0.00000E+00
    1.0692E+00  0.00000E+00  0.00000E+00  0.00000E+00  0.00000E+00  0.00000E+00  0.00000E+00
    1.1227E+00  0.00000E+00  0.00000E+00  0.00000E+00  0.00000E+00  0.00000E+00  0.00000E+00
    1.1761E+00  0.00000E+00  0.00000E+00  0.00000E+00  0.00000E+00  0.00000E+00  0.00000E+00
    1.2296E+00  0.00000E+00  0.00000E+00  0.00000E+00  0.00000E+00  0.00000E+00  0.00000E+00
    1.2830E+00  0.00000E+00  0.00000E+00  0.00000E+00  0.00000E+00  0.00000E+00  0.00000E+00
    1.3365E+00  0.00000E+00  0.00000E+00  0.00000E+00  0.00000E+00  0.00000E+00  0.00000E+00
    1.3900E+00  0.00000E+00  0.00000E+00  0.00000E+00  0.00000E+00  0.00000E+00  0.00000E+00
    1.4434E+00  0.00000E+00  0.00000E+00  0.00000E+00  0.00000E+00  0.00000E+00  0.00000E+00
    1.4969E+00  0.00000E+00  0.00000E+00  0.00000E+00  0.00000E+00  0.00000E+00  0.00000E+00
    1.5503E+00  0.00000E+00  0.00000E+00  0.00000E+00  0.00000E+00  0.00000E+00  0.00000E+00
    1.6038E+00  0.00000E+00  0.00000E+00  0.00000E+00  0.00000E+00  0.00000E+00  0.00000E+00
    1.6573E+00  0.00000E+00  0.00000E+00  0.00000E+00  0.00000E+00  0.00000E+00  0.00000E+00
    1.7107E+00  0.00000E+00  0.00000E+00  0.00000E+00  0.00000E+00  0.00000E+00  0.00000E+00
    1.7642E+00  0.00000E+00  0.00000E+00  0.00000E+00  0.00000E+00  0.00000E+00  0.00000E+00
    1.8176E+00  0.00000E+00  0.00000E+00  0.00000E+00  0.00000E+00  0.00000E+00  0.00000E+00
    1.8711E+00  0.00000E+00  0.00000E+00  0.00000E+00  0.00000E+00  0.00000E+00  0.00000E+00
    1.9246E+00  0.00000E+00  0.00000E+00  0.00000E+00  0.00000E+00  0.00000E+00  0.00000E+00
    1.9780E+00  0.00000E+00  0.00000E+00  0.00000E+00  0.00000E+00  0.00000E+00  0.00000E+00
    2.0315E+00  0.00000E+00  0.00000E+00  0.00000E+00  0.00000E+00  0.00000E+00  0.00000E+00
    2.0849E+00  0.00000E+00  0.00000E+00  0.00000E+00  0.00000E+00  0.00000E+00  0.00000E+00
    2.1384E+00  0.00000E+00  0.00000E+00  0.00000E+00  0.00000E+00  0.00000E+00  0.00000E+00
    2.1919E+00  0.00000E+00  0.00000E+00  0.00000E+00  0.00000E+00  0.00000E+00  0.00000E+00
    2.2453E+00  0.00000E+00  0.00000E+00  0.00000E+00  0.00000E+00  0.00000E+00  0.00000E+00
    2.2988E+00  0.00000E+00  0.00000E+00  0.00000E+00  0.00000E+00  0.00000E+00  0.00000E+00
    2.3522E+00  0.00000E+00  0.00000E+00  0.00000E+00  0.00000E+00  0.00000E+00  0.00000E+00
    2.4057E+00  0.00000E+00  0.00000E+00  0.00000E+00  0.00000E+00  0.00000E+00  0.00000E+00
    2.4592E+00  0.00000E+00  0.00000E+00  0.00000E+00  0.00000E+00  0.00000E+00  0.00000E+00
    2.5126E+00  0.00000E+00  0.00000E+00  0.00000E+00  0.00000E+00  0.00000E+00  0.00000E+00
    2.5661E+00  0.00000E+00  0.00000E+00  0.00000E+00  0.00000E+00  0.00000E+00  0.00000E+00
    2.6195E+00  0.00000E+00  0.00000E+00  0.00000E+00  0.00000E+00  0.00000E+00  0.00000E+00
    2.6730E+00  0.00000E+00  0.00000E+00  0.00000E+00  0.00000E+00  0.00000E+00  0.00000E+00
    2.7265E+00  0.00000E+00  0.00000E+00  0.00000E+00  0.00000E+00  0.00000E+00  0.00000E+00
    2.7799E+00  0.00000E+00  0.00000E+00  0.00000E+00  0.00000E+00  0.00000E+00  0.00000E+00
    2.8334E+00  0.00000E+00  0.00000E+00  0.00000E+00  0.00000E+00  0.00000E+00  0.00000E+00
    2.8868E+00  0.00000E+00  0.00000E+00  0.00000E+00  0.00000E+00  0.00000E+00  0.00000E+00
    2.9403E+00  0.00000E+00  0.00000E+00  0.00000E+00  0.00000E+00  0.00000E+00  0.00000E+00
    2.9938E+00  0.00000E+00  0.00000E+00  0.00000E+00  0.00000E+00  0.00000E+00  0.00000E+00
    3.0472E+00  0.00000E+00  0.00000E+00  0.00000E+00  0.00000E+00  0.00000E+00  0.00000E+00
    3.1007E+00  0.00000E+00  0.00000E+00  0.00000E+00  0.00000E+00  0.00000E+00  0.00000E+00
    3.1541E+00  8.89394E+00 -9.93881E-03  8.89394E+00 -9.93881E-03  8.89394E+00 -9.93881E-03
    3.2076E+00  8.89394E+00 -9.93881E-03  8.89394E+00 -9.93881E-03  8.89394E+00 -9.93881E-03
    3.2611E+00  8.89394E+00 -9.93881E-03  8.89394E+00 -9.93881E-03  8.89394E+00 -9.93881E-03
    3.3145E+00  8.89394E+00 -9.93881E-03  8.89394E+00 -9.93881E-03  8.89394E+00 -9.93881E-03
    3.3680E+00  8.89394E+00 -9.93881E-03  8.89394E+00 -9.93881E-03  8.89394E+00 -9.93881E-03
    3.4214E+00  8.89394E+00 -9.93881E-03  8.89394E+00 -9.93881E-03  8.89394E+00 -9.93881E-03
    3.4749E+00  8.89394E+00 -9.93881E-03  8.89394E+00 -9.93881E-03  8.89394E+00 -9.93881E-03
    3.5284E+00  8.89394E+00 -9.93881E-03  8.89394E+00 -9.93881E-03  8.89394E+00 -9.93881E-03
    3.5818E+00  8.89394E+00 -9.93881E-03  8.89394E+00 -9.93881E-03  8.89394E+00 -9.93881E-03
    3.6353E+00  8.89394E+00 -9.93881E-03  8.89394E+00 -9.93881E-03  8.89394E+00 -9.93881E-03
    3.6887E+00  8.89394E+00 -9.93881E-03  8.89394E+00 -9.93881E-03  8.89394E+00 -9.93881E-03
    3.7422E+00  8.89394E+00 -9.93881E-03  8.89394E+00 -9.93881E-03  8.89394E+00 -9.93881E-03
    3.7957E+00  8.89394E+00 -9.93881E-03  8.89394E+00 -9.93881E-03  8.89394E+00 -9.93881E-03
    3.8491E+00  8.89394E+00 -9.93881E-03  8.89394E+00 -9.93881E-03  8.89394E+00 -9.93881E-03
    3.9026E+00  8.89394E+00 -9.93881E-03  8.89394E+00 -9.93881E-03  8.89394E+00 -9.93881E-03
    3.9560E+00  8.89394E+00 -9.93881E-03  8.89394E+00 -9.93881E-03  8.89394E+00 -9.93881E-03
    4.0095E+00  8.89394E+00 -9.93881E-03  8.89394E+00 -9.93881E-03  8.89394E+00 -9.93881E-03
    4.0630E+00  8.89394E+00 -9.93881E-03  8.89394E+00 -9.93881E-03  8.89394E+00 -9.93881E-03
    4.1164E+00  8.89394E+00 -9.93881E-03  8.89394E+00 -9.93881E-03  8.89394E+00 -9.93881E-03
    4.1699E+00  8.89394E+00 -9.93881E-03  8.89394E+00 -9.93881E-03  8.89394E+00 -9.93881E-03
    4.2233E+00  8.89394E+00 -9.93881E-03  8.89394E+00 -9.93881E-03  8.89394E+00 -9.93881E-03
    4.2768E+00  8.89394E+00 -9.93881E-03  8.89394E+00 -9.93881E-03  8.89394E+00 -9.93881E-03
    4.3303E+00  2.07142E+02 -3.14529E-02  2.07142E+02 -3.14529E-02  2.07142E+02 -3.14529E-02
    4.3837E+00  2.07142E+02 -3.14529E-02  2.07142E+02 -3.14529E-02  2.07142E+02 -3.14529E-02
    4.4372E+00  2.07142E+02 -3.14529E-02  2.07142E+02 -3.14529E-02  2.07142E+02 -3.14529E-02
    4.4906E+00  2.07142E+02 -3.14529E-02  2.07142E+02 -3.14529E-02  2.07142E+02 -3.14529E-02
    4.5441E+00  2.07142E+02 -3.14529E-02  2.07142E+02 -3.14529E-02  2.07142E+02 -3.14529E-02
    4.5976E+00  2.07142E+02 -3.14529E-02  2.07142E+02 -3.14529E-02  2.07142E+02 -3.14529E-02
    4.6510E+00  2.07142E+02 -3.14529E-02  2.07142E+02 -3.14529E-02  2.07142E+02 -3.14529E-02
    4.7045E+00  2.07142E+02 -3.14529E-02  2.07142E+02 -3.14529E-02  2.07142E+02 -3.14529E-02
    4.7579E+00  2.07142E+02 -3.14529E-02  2.07142E+02 -3.14529E-02  2.07142E+02 -3.14529E-02
    4.8114E+00  2.07142E+02 -3.14529E-02  2.07142E+02 -3.14529E-02  2.07142E+02 -3.14529E-02
    4.8649E+00  2.07142E+02 -3.14529E-02  2.07142E+02 -3.14529E-02  2.07142E+02 -3.14529E-02
    4.9183E+00  2.07142E+02 -3.14529E-02  2.07142E+02 -3.14529E-02  2.07142E+02 -3.14529E-02
    4.9718E+00  2.07142E+02 -3.14529E-02  2.07142E+02 -3.14529E-02  2.07142E+02 -3.14529E-02
    5.0252E+00  2.07142E+02 -3.14529E-02  2.07142E+02 -3.14529E-02  2.07142E+02 -3.14529E-02
    5.0787E+00  2.17066E+02 -4.52470E-02  2.17066E+02 -4.52470E-02  2.17066E+02 -4.52470E-02
    5.1322E+00  2.50887E+02 -8.65353E-02  2.50887E+02 -8.65353E-02  2.50887E+02 -8.65353E-02
    5.1856E+00  2.50887E+02 -8.65353E-02  2.50887E+02 -8.65353E-02  2.50887E+02 -8.65353E-02
    5.2391E+00  2.50887E+02 -8.65353E-02  2.50887E+02 -8.65353E-02  2.50887E+02 -8.65353E-02
    5.2925E+00  2.50887E+02 -8.65353E-02  2.50887E+02 -8.65353E-02  2.50887E+02 -8.65353E-02
    5.3460E+00  2.50887E+02 -8.65353E-02  2.50887E+02 -8.65353E-02  2.50887E+02 -8.65353E-02
    5.3995E+00  2.50887E+02 -8.65353E-02  2.50887E+02 -8.65353E-02  2.50887E+02 -8.65353E-02
    5.4529E+00  2.50887E+02 -8.65353E-02  2.50887E+02 -8.65353E-02  2.50887E+02 -8.65353E-02
    5.5064E+00  2.50887E+02 -8.65353E-02  2.50887E+02 -8.65353E-02  2.50887E+02 -8.65353E-02
    5.5598E+00  2.50887E+02 -8.65353E-02  2.50887E+02 -8.65353E-02  2.50887E+02 -8.65353E-02
    5.6133E+00  2.50887E+02 -8.65353E-02  2.50887E+02 -8.65353E-02  2.50887E+02 -8.65353E-02
    5.6668E+00  2.50887E+02 -8.65353E-02  2.50887E+02 -8.65353E-02  2.50887E+02 -8.65353E-02
    5.7202E+00  2.50887E+02 -8.65353E-02  2.50887E+02 -8.65353E-02  2.50887E+02 -8.65353E-02
    5.7737E+00  2.50887E+02 -8.65353E-02  2.50887E+02 -8.65353E-02  2.50887E+02 -8.65353E-02
    5.8271E+00  2.63958E+02 -1.07288E-01  2.63958E+02 -1.07288E-01  2.63958E+02 -1.07288E-01
    5.8806E+00  2.90315E+02 -1.43890E-01  2.90315E+02 -1.43890E-01  2.90315E+02 -1.43890E-01
    5.9341E+00  2.93521E+02 -1.49692E-01  2.93521E+02 -1.49692E-01  2.93521E+02 -1.49692E-01
    5.9875E+00  2.93521E+02 -1.49692E-01  2.93521E+02 -1.49692E-01  2.93521E+02 -1.49692E-01
    6.0410E+00  2.93521E+02 -1.49692E-01  2.93521E+02 -1.49692E-01  2.93521E+02 -1.49692E-01
    6.0944E+00  3.01886E+02 -1.65741E-01  3.01886E+02 -1.65741E-01  3.01886E+02 -1.65741E-01
    6.1479E+00  3.02287E+02 -1.66700E-01  3.02287E+02 -1.66700E-01  3.02287E+02 -1.66700E-01
    6.2014E+00  3.02287E+02 -1.66700E-01  3.02287E+02 -1.66700E-01  3.02287E+02 -1.66700E-01
    6.2548E+00  3.02980E+02 -1.68390E-01  3.02980E+02 -1.68390E-01  3.02980E+02 -1.68390E-01
    6.3083E+00  3.05058E+02 -1.73031E-01  3.05058E+02 -1.73031E-01  3.05058E+02 -1.73031E-01
    6.3617E+00  3.05058E+02 -1.73031E-01  3.05058E+02 -1.73031E-01  3.05058E+02 -1.73031E-01
    6.4152E+00  3.18442E+02 -1.94915E-01  3.18442E+02 -1.94915E-01  3.18442E+02 -1.94915E-01
    6.4687E+00  3.18442E+02 -1.94915E-01  3.18442E+02 -1.94915E-01  3.18442E+02 -1.94915E-01
    6.5221E+00  3.22874E+02 -2.03599E-01  3.22874E+02 -2.03599E-01  3.22874E+02 -2.03599E-01
    6.5756E+00  3.23307E+02 -2.04716E-01  3.23307E+02 -2.04716E-01  3.23307E+02 -2.04716E-01
    6.6290E+00  3.23453E+02 -2.05135E-01  3.23453E+02 -2.05135E-01  3.23453E+02 -2.05135E-01
    6.6825E+00  3.24505E+02 -2.07617E-01  3.24505E+02 -2.07617E-01  3.24505E+02 -2.07617E-01
    6.7360E+00  3.24505E+02 -2.07617E-01  3.24505E+02 -2.07617E-01  3.24505E+02 -2.07617E-01
    6.7894E+00  3.24505E+02 -2.07617E-01  3.24505E+02 -2.07617E-01  3.24505E+02 -2.07617E-01
    6.8429E+00  3.24505E+02 -2.07617E-01  3.24505E+02 -2.07617E-01  3.24505E+02 -2.07617E-01
    6.8963E+00  3.24505E+02 -2.07617E-01  3.24505E+02 -2.07617E-01  3.24505E+02 -2.07617E-01
    6.9498E+00  3.24505E+02 -2.07617E-01  3.24505E+02 -2.07617E-01  3.24505E+02 -2.07617E-01
    7.0033E+00  3.24527E+02 -2.07687E-01  3.24527E+02 -2.07687E-01  3.24527E+02 -2.07687E-01
    7.0567E+00  3.27270E+02 -2.13708E-01  3.27270E+02 -2.13708E-01  3.27270E+02 -2.13708E-01
    7.1102E+00  3.27677E+02 -2.14782E-01  3.27677E+02 -2.14782E-01  3.27677E+02 -2.14782E-01
    7.1636E+00  3.27677E+02 -2.14782E-01  3.27677E+02 -2.14782E-01  3.27677E+02 -2.14782E-01
    7.2171E+00  3.27677E+02 -2.14782E-01  3.27677E+02 -2.14782E-01  3.27677E+02 -2.14782E-01
    7.2706E+00  3.27716E+02 -2.14908E-01  3.27716E+02 -2.14908E-01  3.27716E+02 -2.14908E-01
    7.3240E+00  3.40157E+02 -2.36588E-01  3.40157E+02 -2.36588E-01  3.40157E+02 -2.36588E-01
    7.3775E+00  3.40157E+02 -2.36588E-01  3.40157E+02 -2.36588E-01  3.40157E+02 -2.36588E-01
    7.4309E+00  3.40157E+02 -2.36588E-01  3.40157E+02 -2.36588E-01  3.40157E+02 -2.36588E-01
    7.4844E+00  3.40157E+02 -2.36588E-01  3.40157E+02 -2.36588E-01  3.40157E+02 -2.36588E-01
    7.5379E+00  3.40157E+02 -2.36588E-01  3.40157E+02 -2.36588E-01  3.40157E+02 -2.36588E-01
    7.5913E+00  3.40157E+02 -2.36588E-01  3.40157E+02 -2.36588E-01  3.40157E+02 -2.36588E-01
    7.6448E+00  3.40157E+02 -2.36588E-01  3.40157E+02 -2.36588E-01  3.40157E+02 -2.36588E-01
    7.6982E+00  3.40157E+02 -2.36588E-01  3.40157E+02 -2.36588E-01  3.40157E+02 -2.36588E-01
    7.7517E+00  3.41264E+02 -2.39266E-01  3.41264E+02 -2.39266E-01  3.41264E+02 -2.39266E-01
    7.8052E+00  3.41264E+02 -2.39266E-01  3.41264E+02 -2.39266E-01  3.41264E+02 -2.39266E-01
    7.8586E+00  3.41264E+02 -2.39266E-01  3.41264E+02 -2.39266E-01  3.41264E+02 -2.39266E-01
    7.9121E+00  3.41264E+02 -2.39266E-01  3.41264E+02 -2.39266E-01  3.41264E+02 -2.39266E-01
    7.9655E+00  3.87703E+02 -3.04034E-01  3.87703E+02 -3.04034E-01  3.87703E+02 -3.04034E-01
    8.0190E+00  3.87703E+02 -3.04034E-01  3.87703E+02 -3.04034E-01  3.87703E+02 -3.04034E-01
    8.0725E+00  3.87729E+02 -3.04121E-01  3.87729E+02 -3.04121E-01  3.87729E+02 -3.04121E-01
    8.1259E+00  3.87843E+02 -3.04464E-01  3.87843E+02 -3.04464E-01  3.87843E+02 -3.04464E-01
    8.1794E+00  3.87897E+02 -3.04635E-01  3.87897E+02 -3.04635E-01  3.87897E+02 -3.04635E-01
    8.2328E+00  3.87897E+02 -3.04635E-01  3.87897E+02 -3.04635E-01  3.87897E+02 -3.04635E-01
    8.2863E+00  3.87897E+02 -3.04635E-01  3.87897E+02 -3.04635E-01  3.87897E+02 -3.04635E-01
    8.3398E+00  3.87897E+02 -3.04635E-01  3.87897E+02 -3.04635E-01  3.87897E+02 -3.04635E-01
    8.3932E+00  3.87897E+02 -3.04635E-01  3.87897E+02 -3.04635E-01  3.87897E+02 -3.04635E-01
    8.4467E+00  3.87897E+02 -3.04635E-01  3.87897E+02 -3.04635E-01  3.87897E+02 -3.04635E-01
    8.5001E+00  3.97332E+02 -3.22467E-01  3.97332E+02 -3.22467E-01  3.97332E+02 -3.22467E-01
    8.5536E+00  3.97332E+02 -3.22467E-01  3.97332E+02 -3.22467E-01  3.97332E+02 -3.22467E-01
    8.6071E+00  3.97332E+02 -3.22467E-01  3.97332E+02 -3.22467E-01  3.97332E+02 -3.22467E-01
    8.6605E+00  3.97332E+02 -3.22467E-01  3.97332E+02 -3.22467E-01  3.97332E+02 -3.22467E-01
    8.7140E+00  3.97359E+02 -3.22560E-01  3.97359E+02 -3.22560E-01  3.97359E+02 -3.22560E-01
    8.7674E+00  4.02992E+02 -3.34625E-01  4.02992E+02 -3.34625E-01  4.02992E+02 -3.34625E-01
    8.8209E+00  4.02992E+02 -3.34625E-01  4.02992E+02 -3.34625E-01  4.02992E+02 -3.34625E-01
    8.8744E+00  4.02992E+02 -3.34625E-01  4.02992E+02 -3.34625E-01  4.02992E+02 -3.34625E-01
    8.9278E+00  4.02992E+02 -3.34625E-01  4.02992E+02 -3.34625E-01  4.02992E+02 -3.34625E-01
    8.9813E+00  4.02992E+02 -3.34625E-01  4.02992E+02 -3.34625E-01  4.02992E+02 -3.34625E-01
    9.0347E+00  4.02992E+02 -3.34625E-01  4.02992E+02 -3.34625E-01  4.02992E+02 -3.34625E-01
    9.0882E+00  4.02992E+02 -3.34625E-01  4.02992E+02 -3.34625E-01  4.02992E+02 -3.34625E-01
    9.1417E+00  4.02992E+02 -3.34625E-01  4.02992E+02 -3.34625E-01  4.02992E+02 -3.34625E-01
    9.1951E+00  4.02992E+02 -3.34625E-01  4.02992E+02 -3.34625E-01  4.02992E+02 -3.34625E-01
    9.2486E+00  4.02992E+02 -3.34625E-01  4.02992E+02 -3.34625E-01  4.02992E+02 -3.34625E-01
    9.3020E+00  4.02992E+02 -3.34625E-01  4.02992E+02 -3.34625E-01  4.02992E+02 -3.34625E-01
    9.3555E+00  4.02992E+02 -3.34625E-01  4.02992E+02 -3.34625E-01  4.02992E+02 -3.34625E-01
    9.4090E+00  4.03173E+02 -3.35100E-01  4.03173E+02 -3.35100E-01  4.03173E+02 -3.35100E-01
    9.4624E+00  4.03173E+02 -3.35100E-01  4.03173E+02 -3.35100E-01  4.03173E+02 -3.35100E-01
    9.5159E+00  4.03173E+02 -3.35100E-01  4.03173E+02 -3.35100E-01  4.03173E+02 -3.35100E-01
    9.5693E+00  4.03173E+02 -3.35100E-01  4.03173E+02 -3.35100E-01  4.03173E+02 -3.35100E-01
    9.6228E+00  4.03173E+02 -3.35100E-01  4.03173E+02 -3.35100E-01  4.03173E+02 -3.35100E-01
    9.6763E+00  5.34755E+03 -9.46142E-01  5.34755E+03 -9.46142E-01  5.34755E+03 -9.46142E-01
    9.7297E+00  5.50484E+03 -1.12458E+00  5.50484E+03 -1.12458E+00  5.50484E+03 -1.12458E+00
    9.7832E+00  5.57243E+03 -1.22104E+00  5.57243E+03 -1.22104E+00  5.57243E+03 -1.22104E+00
    9.8366E+00  5.57243E+03 -1.22104E+00  5.57243E+03 -1.22104E+00  5.57243E+03 -1.22104E+00
    9.8901E+00  5.57243E+03 -1.22104E+00  5.57243E+03 -1.22104E+00  5.57243E+03 -1.22104E+00
    9.9436E+00  5.57243E+03 -1.22104E+00  5.57243E+03 -1.22104E+00  5.57243E+03 -1.22104E+00
    9.9970E+00  5.57243E+03 -1.22104E+00  5.57243E+03 -1.22104E+00  5.57243E+03 -1.22104E+00
    1.0050E+01  5.57243E+03 -1.22104E+00  5.57243E+03 -1.22104E+00  5.57243E+03 -1.22104E+00
    1.0104E+01  5.57396E+03 -1.22510E+00  5.57396E+03 -1.22510E+00  5.57396E+03 -1.22510E+00
    1.0157E+01  5.57501E+03 -1.22802E+00  5.57501E+03 -1.22802E+00  5.57501E+03 -1.22802E+00
    1.0211E+01  5.57501E+03 -1.22802E+00  5.57501E+03 -1.22802E+00  5.57501E+03 -1.22802E+00
    1.0264E+01  5.57806E+03 -1.23389E+00  5.57806E+03 -1.23389E+00  5.57806E+03 -1.23389E+00
    1.0318E+01  5.57806E+03 -1.23389E+00  5.57806E+03 -1.23389E+00  5.57806E+03 -1.23389E+00
    1.0371E+01  5.57825E+03 -1.23446E+00  5.57825E+03 -1.23446E+00  5.57825E+03 -1.23446E+00
    1.0425E+01  5.58318E+03 -1.24690E+00  5.58318E+03 -1.24690E+00  5.58318E+03 -1.24690E+00
    1.0478E+01  5.59110E+03 -1.26593E+00  5.59110E+03 -1.26593E+00  5.59110E+03 -1.26593E+00
    1.0532E+01  5.59160E+03 -1.26740E+00  5.59160E+03 -1.26740E+00  5.59160E+03 -1.26740E+00
    1.0585E+01  5.59160E+03 -1.26740E+00  5.59160E+03 -1.26740E+00  5.59160E+03 -1.26740E+00
    1.0639E+01  5.59160E+03 -1.26740E+00  5.59160E+03 -1.26740E+00  5.59160E+03 -1.26740E+00
    1.0692E+01  5.59163E+03 -1.26749E+00  5.59163E+03 -1.26749E+00  5.59163E+03 -1.26749E+00
    1.0745E+01  5.59163E+03 -1.26749E+00  5.59163E+03 -1.26749E+00  5.59163E+03 -1.26749E+00
    1.0799E+01  5.60101E+03 -1.28983E+00  5.60101E+03 -1.28983E+00  5.60101E+03 -1.28983E+00
    1.0852E+01  5.60106E+03 -1.28999E+00  5.60106E+03 -1.28999E+00  5.60106E+03 -1.28999E+00
    1.0906E+01  5.60106E+03 -1.28999E+00  5.60106E+03 -1.28999E+00  5.60106E+03 -1.28999E+00
    1.0959E+01  5.61387E+03 -1.31819E+00  5.61387E+03 -1.31819E+00  5.61387E+03 -1.31819E+00
    1.1013E+01  5.61406E+03 -1.31881E+00  5.61406E+03 -1.31881E+00  5.61406E+03 -1.31881E+00
    1.1066E+01  5.63076E+03 -1.35406E+00  5.63076E+03 -1.35406E+00  5.63076E+03 -1.35406E+00
    1.1120E+01  5.63076E+03 -1.35406E+00  5.63076E+03 -1.35406E+00  5.63076E+03 -1.35406E+00
    1.1173E+01  5.63164E+03 -1.35656E+00  5.63164E+03 -1.35656E+00  5.63164E+03 -1.35656E+00
    1.1227E+01  5.63164E+03 -1.35656E+00  5.63164E+03 -1.35656E+00  5.63164E+03 -1.35656E+00
    1.1280E+01  5.63447E+03 -1.36338E+00  5.63447E+03 -1.36338E+00  5.63447E+03 -1.36338E+00
    1.1334E+01  5.69859E+03 -1.44877E+00  5.69859E+03 -1.44877E+00  5.69859E+03 -1.44877E+00
    1.1387E+01  5.75959E+03 -1.53083E+00  5.75959E+03 -1.53083E+00  5.75959E+03 -1.53083E+00
    1.1440E+01  5.76099E+03 -1.53446E+00  5.76099E+03 -1.53446E+00  5.76099E+03 -1.53446E+00
    1.1494E+01  5.84180E+03 -1.65847E+00  5.84180E+03 -1.65847E+00  5.84180E+03 -1.65847E+00
    1.1547E+01  5.84180E+03 -1.65847E+00  5.84180E+03 -1.65847E+00  5.84180E+03 -1.65847E+00
    1.1601E+01  5.84180E+03 -1.65847E+00  5.84180E+03 -1.65847E+00  5.84180E+03 -1.65847E+00
    1.1654E+01  5.85641E+03 -1.69064E+00  5.85641E+03 -1.69064E+00  5.85641E+03 -1.69064E+00
    1.1708E+01  5.85641E+03 -1.69064E+00  5.85641E+03 -1.69064E+00  5.85641E+03 -1.69064E+00
    1.1761E+01  5.87818E+03 -1.73114E+00  5.87818E+03 -1.73114E+00  5.87818E+03 -1.73114E+00
    1.1815E+01  5.94900E+03 -1.86658E+00  5.94900E+03 -1.86658E+00  5.94900E+03 -1.86658E+00
    1.1868E+01  5.96844E+03 -1.90691E+00  5.96844E+03 -1.90691E+00  5.96844E+03 -1.90691E+00
    1.1922E+01  5.96844E+03 -1.90691E+00  5.96844E+03 -1.90691E+00  5.96844E+03 -1.90691E+00
    1.1975E+01  5.96844E+03 -1.90691E+00  5.96844E+03 -1.90691E+00  5.96844E+03 -1.90691E+00
    1.2029E+01  5.99886E+03 -1.94786E+00  5.99886E+03 -1.94786E+00  5.99886E+03 -1.94786E+00
    1.2082E+01  6.00933E+03 -1.97149E+00  6.00933E+03 -1.97149E+00  6.00933E+03 -1.97149E+00
    1.2135E+01  6.00933E+03 -1.97149E+00  6.00933E+03 -1.97149E+00  6.00933E+03 -1.97149E+00
    1.2189E+01  6.00981E+03 -1.97285E+00  6.00981E+03 -1.97285E+00  6.00981E+03 -1.97285E+00
    1.2242E+01  6.00981E+03 -1.97285E+00  6.00981E+03 -1.97285E+00  6.00981E+03 -1.97285E+00
    1.2296E+01  6.00981E+03 -1.97285E+00  6.00981E+03 -1.97285E+00  6.00981E+03 -1.97285E+00
    1.2349E+01  6.00981E+03 -1.97285E+00  6.00981E+03 -1.97285E+00  6.00981E+03 -1.97285E+00
    1.2403E+01  6.02614E+03 -1.99883E+00  6.02614E+03 -1.99883E+00  6.02614E+03 -1.99883E+00
    1.2456E+01  6.02614E+03 -1.99883E+00  6.02614E+03 -1.99883E+00  6.02614E+03 -1.99883E+00
    1.2510E+01  6.02614E+03 -1.99883E+00  6.02614E+03 -1.99883E+00  6.02614E+03 -1.99883E+00
    1.2563E+01  6.02614E+03 -1.99883E+00  6.02614E+03 -1.99883E+00  6.02614E+03 -1.99883E+00
    1.2617E+01  6.02622E+03 -1.99910E+00  6.02622E+03 -1.99910E+00  6.02622E+03 -1.99910E+00
    1.2670E+01  6.04799E+03 -2.04075E+00  6.04799E+03 -2.04075E+00  6.04799E+03 -2.04075E+00
    1.2723E+01  6.04799E+03 -2.04075E+00  6.04799E+03 -2.04075E+00  6.04799E+03 -2.04075E+00
    1.2777E+01  6.14787E+03 -2.20812E+00  6.14787E+03 -2.20812E+00  6.14787E+03 -2.20812E+00
    1.2830E+01  6.14787E+03 -2.20812E+00  6.14787E+03 -2.20812E+00  6.14787E+03 -2.20812E+00
    1.2884E+01  6.14793E+03 -2.20833E+00  6.14793E+03 -2.20833E+00  6.14793E+03 -2.20833E+00
    1.2937E+01  6.21727E+03 -2.32004E+00  6.21727E+03 -2.32004E+00  6.21727E+03 -2.32004E+00
    1.2991E+01  6.70242E+03 -2.78668E+00  6.70242E+03 -2.78668E+00  6.70242E+03 -2.78668E+00
    1.3044E+01  6.70242E+03 -2.78668E+00  6.70242E+03 -2.78668E+00  6.70242E+03 -2.78668E+00
    1.3098E+01  6.70242E+03 -2.78668E+00  6.70242E+03 -2.78668E+00  6.70242E+03 -2.78668E+00
    1.3151E+01  6.74190E+03 -2.85516E+00  6.74190E+03 -2.85516E+00  6.74190E+03 -2.85516E+00
    1.3205E+01  6.74190E+03 -2.85516E+00  6.74190E+03 -2.85516E+00  6.74190E+03 -2.85516E+00
    1.3258E+01  6.85230E+03 -3.04090E+00  6.85230E+03 -3.04090E+00  6.85230E+03 -3.04090E+00
    1.3312E+01  6.85557E+03 -3.04828E+00  6.85557E+03 -3.04828E+00  6.85557E+03 -3.04828E+00
    1.3365E+01  6.85703E+03 -3.05209E+00  6.85703E+03 -3.05209E+00  6.85703E+03 -3.05209E+00
    1.3418E+01  6.85703E+03 -3.05209E+00  6.85703E+03 -3.05209E+00  6.85703E+03 -3.05209E+00
    1.3472E+01  6.86676E+03 -3.07297E+00  6.86676E+03 -3.07297E+00  6.86676E+03 -3.07297E+00
    1.3525E+01  6.86684E+03 -3.07323E+00  6.86684E+03 -3.07323E+00  6.86684E+03 -3.07323E+00
    1.3579E+01  6.96943E+03 -3.24882E+00  6.96943E+03 -3.24882E+00  6.96943E+03 -3.24882E+00
    1.3632E+01  7.06542E+03 -3.39487E+00  7.06542E+03 -3.39487E+00  7.06542E+03 -3.39487E+00
    1.3686E+01  7.06542E+03 -3.39487E+00  7.06542E+03 -3.39487E+00  7.06542E+03 -3.39487E+00
    1.3739E+01  7.06542E+03 -3.39487E+00  7.06542E+03 -3.39487E+00  7.06542E+03 -3.39487E+00
    1.3793E+01  7.06542E+03 -3.39487E+00  7.06542E+03 -3.39487E+00  7.06542E+03 -3.39487E+00
    1.3846E+01  7.06542E+03 -3.39487E+00  7.06542E+03 -3.39487E+00  7.06542E+03 -3.39487E+00
    1.3900E+01  7.06723E+03 -3.39994E+00  7.06723E+03 -3.39994E+00  7.06723E+03 -3.39994E+00
    1.3953E+01  7.06798E+03 -3.40206E+00  7.06798E+03 -3.40206E+00  7.06798E+03 -3.40206E+00
    1.4007E+01  7.06798E+03 -3.40206E+00  7.06798E+03 -3.40206E+00  7.06798E+03 -3.40206E+00
    1.4060E+01  7.07033E+03 -3.40841E+00  7.07033E+03 -3.40841E+00  7.07033E+03 -3.40841E+00
    1.4113E+01  7.18583E+03 -3.60169E+00  7.18583E+03 -3.60169E+00  7.18583E+03 -3.60169E+00
    1.4167E+01  7.18621E+03 -3.60283E+00  7.18621E+03 -3.60283E+00  7.18621E+03 -3.60283E+00
    1.4220E+01  7.18621E+03 -3.60283E+00  7.18621E+03 -3.60283E+00  7.18621E+03 -3.60283E+00
    1.4274E+01  7.27428E+03 -3.76015E+00  7.27428E+03 -3.76015E+00  7.27428E+03 -3.76015E+00
    1.4327E+01  7.27428E+03 -3.76015E+00  7.27428E+03 -3.76015E+00  7.27428E+03 -3.76015E+00
    1.4381E+01  7.40114E+03 -3.94895E+00  7.40114E+03 -3.94895E+00  7.40114E+03 -3.94895E+00
    1.4434E+01  7.59062E+03 -4.11050E+00  7.59062E+03 -4.11050E+00  7.59062E+03 -4.11050E+00
    1.4488E+01  7.59062E+03 -4.11050E+00  7.59062E+03 -4.11050E+00  7.59062E+03 -4.11050E+00
    1.4541E+01  7.59062E+03 -4.11050E+00  7.59062E+03 -4.11050E+00  7.59062E+03 -4.11050E+00
    1.4595E+01  7.85802E+03 -4.50103E+00  7.85802E+03 -4.50103E+00  7.85802E+03 -4.50103E+00
    1.4648E+01  7.85802E+03 -4.50103E+00  7.85802E+03 -4.50103E+00  7.85802E+03 -4.50103E+00
    1.4702E+01  7.85802E+03 -4.50103E+00  7.85802E+03 -4.50103E+00  7.85802E+03 -4.50103E+00
    1.4755E+01  7.85802E+03 -4.50103E+00  7.85802E+03 -4.50103E+00  7.85802E+03 -4.50103E+00
    1.4808E+01  7.91357E+03 -4.60186E+00  7.91357E+03 -4.60186E+00  7.91357E+03 -4.60186E+00
    1.4862E+01  7.91357E+03 -4.60186E+00  7.91357E+03 -4.60186E+00  7.91357E+03 -4.60186E+00
    1.4915E+01  7.91357E+03 -4.60186E+00  7.91357E+03 -4.60186E+00  7.91357E+03 -4.60186E+00
    1.4969E+01  7.91357E+03 -4.60186E+00  7.91357E+03 -4.60186E+00  7.91357E+03 -4.60186E+00
    1.5022E+01  8.44783E+03 -5.15132E+00  8.44783E+03 -5.15132E+00  8.44783E+03 -5.15132E+00
    1.5076E+01  8.44939E+03 -5.15577E+00  8.44939E+03 -5.15577E+00  8.44939E+03 -5.15577E+00
    1.5129E+01  8.44939E+03 -5.15577E+00  8.44939E+03 -5.15577E+00  8.44939E+03 -5.15577E+00
    1.5183E+01  8.44939E+03 -5.15577E+00  8.44939E+03 -5.15577E+00  8.44939E+03 -5.15577E+00
    1.5236E+01  8.44939E+03 -5.15577E+00  8.44939E+03 -5.15577E+00  8.44939E+03 -5.15577E+00
    1.5290E+01  1.54971E+04 -7.92116E+00  1.54971E+04 -7.92116E+00  1.54971E+04 -7.92116E+00
    1.5343E+01  1.54971E+04 -7.92116E+00  1.54971E+04 -7.92116E+00  1.54971E+04 -7.92116E+00
    1.5396E+01  1.54971E+04 -7.92116E+00  1.54971E+04 -7.92116E+00  1.54971E+04 -7.92116E+00
    1.5450E+01  1.54972E+04 -7.92129E+00  1.54972E+04 -7.92129E+00  1.54972E+04 -7.92129E+00
    1.5503E+01  1.54977E+04 -7.92295E+00  1.54977E+04 -7.92295E+00  1.54977E+04 -7.92295E+00
    1.5557E+01  1.54977E+04 -7.92295E+00  1.54977E+04 -7.92295E+00  1.54977E+04 -7.92295E+00
    1.5610E+01  1.54977E+04 -7.92295E+00  1.54977E+04 -7.92295E+00  1.54977E+04 -7.92295E+00
    1.5664E+01  1.59585E+04 -8.54204E+00  1.59585E+04 -8.54204E+00  1.59585E+04 -8.54204E+00
    1.5717E+01  1.59585E+04 -8.54204E+00  1.59585E+04 -8.54204E+00  1.59585E+04 -8.54204E+00
    1.5771E+01  1.59585E+04 -8.54204E+00  1.59585E+04 -8.54204E+00  1.59585E+04 -8.54204E+00
    1.5824E+01  1.59585E+04 -8.54204E+00  1.59585E+04 -8.54204E+00  1.59585E+04 -8.54204E+00
    1.5878E+01  1.59585E+04 -8.54204E+00  1.59585E+04 -8.54204E+00  1.59585E+04 -8.54204E+00
    1.5931E+01  1.59585E+04 -8.54204E+00  1.59585E+04 -8.54204E+00  1.59585E+04 -8.54204E+00
    1.5985E+01  1.59585E+04 -8.54204E+00  1.59585E+04 -8.54204E+00  1.59585E+04 -8.54204E+00
    1.6038E+01  1.59595E+04 -8.54510E+00  1.59595E+04 -8.54510E+00  1.59595E+04 -8.54510E+00
    1.6091E+01  1.59595E+04 -8.54510E+00  1.59595E+04 -8.54510E+00  1.59595E+04 -8.54510E+00
    1.6145E+01  1.59647E+04 -8.55951E+00  1.59647E+04 -8.55951E+00  1.59647E+04 -8.55951E+00
    1.6198E+01  1.59861E+04 -8.61055E+00  1.59861E+04 -8.61055E+00  1.59861E+04 -8.61055E+00
    1.6252E+01  2.32138E+04 -1.18394E+01  2.32138E+04 -1.18394E+01  2.32138E+04 -1.18394E+01
    1.6305E+01  2.32138E+04 -1.18394E+01  2.32138E+04 -1.18394E+01  2.32138E+04 -1.18394E+01
    1.6359E+01  3.39796E+04 -1.38148E+01  3.39796E+04 -1.38148E+01  3.39796E+04 -1.38148E+01
    1.6412E+01  3.39796E+04 -1.38148E+01  3.39796E+04 -1.38148E+01  3.39796E+04 -1.38148E+01
    1.6466E+01  3.39805E+04 -1.38175E+01  3.39805E+04 -1.38175E+01  3.39805E+04 -1.38175E+01
    1.6519E+01  3.39805E+04 -1.38175E+01  3.39805E+04 -1.38175E+01  3.39805E+04 -1.38175E+01
    1.6573E+01  3.39805E+04 -1.38175E+01  3.39805E+04 -1.38175E+01  3.39805E+04 -1.38175E+01
    1.6626E+01  3.40243E+04 -1.39072E+01  3.40243E+04 -1.39072E+01  3.40243E+04 -1.39072E+01
    1.6680E+01  3.40454E+04 -1.39595E+01  3.40454E+04 -1.39595E+01  3.40454E+04 -1.39595E+01
    1.6733E+01  3.40454E+04 -1.39595E+01  3.40454E+04 -1.39595E+01  3.40454E+04 -1.39595E+01
    1.6786E+01  3.40454E+04 -1.39595E+01  3.40454E+04 -1.39595E+01  3.40454E+04 -1.39595E+01
    1.6840E+01  3.40461E+04 -1.39616E+01  3.40461E+04 -1.39616E+01  3.40461E+04 -1.39616E+01
    1.6893E+01  3.40644E+04 -1.40070E+01  3.40644E+04 -1.40070E+01  3.40644E+04 -1.40070E+01
    1.6947E+01  3.40910E+04 -1.40646E+01  3.40910E+04 -1.40646E+01  3.40910E+04 -1.40646E+01
    1.7000E+01  3.42139E+04 -1.42546E+01  3.42139E+04 -1.42546E+01  3.42139E+04 -1.42546E+01
    1.7054E+01  3.42146E+04 -1.42569E+01  3.42146E+04 -1.42569E+01  3.42146E+04 -1.42569E+01
    1.7107E+01  3.55190E+04 -1.55116E+01  3.55190E+04 -1.55116E+01  3.55190E+04 -1.55116E+01
    1.7161E+01  4.44938E+04 -1.87793E+01  4.44938E+04 -1.87793E+01  4.44938E+04 -1.87793E+01
    1.7214E+01  4.44938E+04 -1.87793E+01  4.44938E+04 -1.87793E+01  4.44938E+04 -1.87793E+01
    1.7268E+01  4.44942E+04 -1.87806E+01  4.44942E+04 -1.87806E+01  4.44942E+04 -1.87806E+01
    1.7321E+01  4.59368E+04 -2.02714E+01  4.59368E+04 -2.02714E+01  4.59368E+04 -2.02714E+01
    1.7375E+01  4.59368E+04 -2.02714E+01  4.59368E+04 -2.02714E+01  4.59368E+04 -2.02714E+01
    1.7428E+01  4.70083E+04 -2.12486E+01  4.70083E+04 -2.12486E+01  4.70083E+04 -2.12486E+01
    1.7481E+01  4.70404E+04 -2.13177E+01  4.70404E+04 -2.13177E+01  4.70404E+04 -2.13177E+01
    1.7535E+01  4.70475E+04 -2.13357E+01  4.70475E+04 -2.13357E+01  4.70475E+04 -2.13357E+01
    1.7588E+01  4.76143E+04 -2.20944E+01  4.76143E+04 -2.20944E+01  4.76143E+04 -2.20944E+01
    1.7642E+01  4.76143E+04 -2.20944E+01  4.76143E+04 -2.20944E+01  4.76143E+04 -2.20944E+01
    1.7695E+01  4.76143E+04 -2.20944E+01  4.76143E+04 -2.20944E+01  4.76143E+04 -2.20944E+01
    1.7749E+01  4.88526E+04 -2.33338E+01  4.88526E+04 -2.33338E+01  4.88526E+04 -2.33338E+01
    1.7802E+01  4.88526E+04 -2.33338E+01  4.88526E+04 -2.33338E+01  4.88526E+04 -2.33338E+01
    1.7856E+01  4.89117E+04 -2.34395E+01  4.89117E+04 -2.34395E+01  4.89117E+04 -2.34395E+01
    1.7909E+01  4.89117E+04 -2.34395E+01  4.89117E+04 -2.34395E+01  4.89117E+04 -2.34395E+01
    1.7963E+01  4.89117E+04 -2.34395E+01  4.89117E+04 -2.34395E+01  4.89117E+04 -2.34395E+01
    1.8016E+01  4.89730E+04 -2.35504E+01  4.89730E+04 -2.35504E+01  4.89730E+04 -2.35504E+01
    1.8069E+01  4.89730E+04 -2.35504E+01  4.89730E+04 -2.35504E+01  4.89730E+04 -2.35504E+01
    1.8123E+01  4.89730E+04 -2.35504E+01  4.89730E+04 -2.35504E+01  4.89730E+04 -2.35504E+01
    1.8176E+01  4.89730E+04 -2.35504E+01  4.89730E+04 -2.35504E+01  4.89730E+04 -2.35504E+01
    1.8230E+01  4.89730E+04 -2.35504E+01  4.89730E+04 -2.35504E+01  4.89730E+04 -2.35504E+01
    1.8283E+01  4.89730E+04 -2.35504E+01  4.89730E+04 -2.35504E+01  4.89730E+04 -2.35504E+01
    1.8337E+01  4.89745E+04 -2.35550E+01  4.89745E+04 -2.35550E+01  4.89745E+04 -2.35550E+01
    1.8390E+01  4.89745E+04 -2.35550E+01  4.89745E+04 -2.35550E+01  4.89745E+04 -2.35550E+01
    1.8444E+01  4.89761E+04 -2.35592E+01  4.89761E+04 -2.35592E+01  4.89761E+04 -2.35592E+01
    1.8497E+01  4.89762E+04 -2.35597E+01  4.89762E+04 -2.35597E+01  4.89762E+04 -2.35597E+01
    1.8551E+01  4.89766E+04 -2.35610E+01  4.89766E+04 -2.35610E+01  4.89766E+04 -2.35610E+01
    1.8604E+01  4.90093E+04 -2.36256E+01  4.90093E+04 -2.36256E+01  4.90093E+04 -2.36256E+01
    1.8658E+01  4.90124E+04 -2.36338E+01  4.90124E+04 -2.36338E+01  4.90124E+04 -2.36338E+01
    1.8711E+01  6.22659E+04 -2.49417E+01  6.22659E+04 -2.49417E+01  6.22659E+04 -2.49417E+01
    1.8764E+01  6.29784E+04 -2.52529E+01  6.29784E+04 -2.52529E+01  6.29784E+04 -2.52529E+01
    1.8818E+01  6.29784E+04 -2.52529E+01  6.29784E+04 -2.52529E+01  6.29784E+04 -2.52529E+01
    1.8871E+01  6.38622E+04 -2.62672E+01  6.38622E+04 -2.62672E+01  6.38622E+04 -2.62672E+01
    1.8925E+01  6.38626E+04 -2.62684E+01  6.38626E+04 -2.62684E+01  6.38626E+04 -2.62684E+01
    1.8978E+01  6.39491E+04 -2.64438E+01  6.39491E+04 -2.64438E+01  6.39491E+04 -2.64438E+01
    1.9032E+01  6.39491E+04 -2.64438E+01  6.39491E+04 -2.64438E+01  6.39491E+04 -2.64438E+01
    1.9085E+01  6.39491E+04 -2.64438E+01  6.39491E+04 -2.64438E+01  6.39491E+04 -2.64438E+01
    1.9139E+01  6.39493E+04 -2.64444E+01  6.39493E+04 -2.64444E+01  6.39493E+04 -2.64444E+01
    1.9192E+01  6.39521E+04 -2.64519E+01  6.39521E+04 -2.64519E+01  6.39521E+04 -2.64519E+01
    1.9246E+01  6.39521E+04 -2.64519E+01  6.39521E+04 -2.64519E+01  6.39521E+04 -2.64519E+01
    1.9299E+01  6.39527E+04 -2.64538E+01  6.39527E+04 -2.64538E+01  6.39527E+04 -2.64538E+01
    1.9353E+01  6.39766E+04 -2.65080E+01  6.39766E+04 -2.65080E+01  6.39766E+04 -2.65080E+01
    1.9406E+01  6.39766E+04 -2.65080E+01  6.39766E+04 -2.65080E+01  6.39766E+04 -2.65080E+01
    1.9459E+01  6.39843E+04 -2.65275E+01  6.39843E+04 -2.65275E+01  6.39843E+04 -2.65275E+01
    1.9513E+01  6.39843E+04 -2.65275E+01  6.39843E+04 -2.65275E+01  6.39843E+04 -2.65275E+01
    1.9566E+01  6.39843E+04 -2.65275E+01  6.39843E+04 -2.65275E+01  6.39843E+04 -2.65275E+01
    1.9620E+01  6.39983E+04 -2.65588E+01  6.39983E+04 -2.65588E+01  6.39983E+04 -2.65588E+01
    1.9673E+01  6.40223E+04 -2.66086E+01  6.40223E+04 -2.66086E+01  6.40223E+04 -2.66086E+01
    1.9727E+01  6.40237E+04 -2.66130E+01  6.40237E+04 -2.66130E+01  6.40237E+04 -2.66130E+01
    1.9780E+01  6.40237E+04 -2.66130E+01  6.40237E+04 -2.66130E+01  6.40237E+04 -2.66130E+01
    1.9834E+01  6.40284E+04 -2.66249E+01  6.40284E+04 -2.66249E+01  6.40284E+04 -2.66249E+01
    1.9887E+01  6.40284E+04 -2.66249E+01  6.40284E+04 -2.66249E+01  6.40284E+04 -2.66249E+01
    1.9941E+01  6.40336E+04 -2.66388E+01  6.40336E+04 -2.66388E+01  6.40336E+04 -2.66388E+01
    1.9994E+01  6.40336E+04 -2.66388E+01  6.40336E+04 -2.66388E+01  6.40336E+04 -2.66388E+01
    2.0048E+01  6.51272E+04 -2.79776E+01  6.51272E+04 -2.79776E+01  6.51272E+04 -2.79776E+01
    2.0101E+01  6.51314E+04 -2.79885E+01  6.51314E+04 -2.79885E+01  6.51314E+04 -2.79885E+01
    2.0154E+01  6.51314E+04 -2.79885E+01  6.51314E+04 -2.79885E+01  6.51314E+04 -2.79885E+01
    2.0208E+01  6.51314E+04 -2.79885E+01  6.51314E+04 -2.79885E+01  6.51314E+04 -2.79885E+01
    2.0261E+01  6.67753E+04 -2.99056E+01  6.67753E+04 -2.99056E+01  6.67753E+04 -2.99056E+01
    2.0315E+01  6.67753E+04 -2.99056E+01  6.67753E+04 -2.99056E+01  6.67753E+04 -2.99056E+01
    2.0368E+01  7.62215E+04 -3.35197E+01  7.62215E+04 -3.35197E+01  7.62215E+04 -3.35197E+01
    2.0422E+01  7.62215E+04 -3.35197E+01  7.62215E+04 -3.35197E+01  7.62215E+04 -3.35197E+01
    2.0475E+01  7.62215E+04 -3.35197E+01  7.62215E+04 -3.35197E+01  7.62215E+04 -3.35197E+01
    2.0529E+01  7.64226E+04 -3.38717E+01  7.64226E+04 -3.38717E+01  7.64226E+04 -3.38717E+01
    2.0582E+01  8.84193E+04 -3.56259E+01  8.84193E+04 -3.56259E+01  8.84193E+04 -3.56259E+01
    2.0636E+01  8.84193E+04 -3.56259E+01  8.84193E+04 -3.56259E+01  8.84193E+04 -3.56259E+01
    2.0689E+01  9.86553E+04 -4.25808E+01  9.86553E+04 -4.25808E+01  9.86553E+04 -4.25808E+01
    2.0742E+01  9.88747E+04 -4.29622E+01  9.88747E+04 -4.29622E+01  9.88747E+04 -4.29622E+01
    2.0796E+01  9.90242E+04 -4.32378E+01  9.90242E+04 -4.32378E+01  9.90242E+04 -4.32378E+01
    2.0849E+01  9.98325E+04 -4.43689E+01  9.98325E+04 -4.43689E+01  9.98325E+04 -4.43689E+01
    2.0903E+01  9.98325E+04 -4.43689E+01  9.98325E+04 -4.43689E+01  9.98325E+04 -4.43689E+01
    2.0956E+01  9.98325E+04 -4.43689E+01  9.98325E+04 -4.43689E+01  9.98325E+04 -4.43689E+01
    2.1010E+01  9.98325E+04 -4.43689E+01  9.98325E+04 -4.43689E+01  9.98325E+04 -4.43689E+01
    2.1063E+01  9.98325E+04 -4.43689E+01  9.98325E+04 -4.43689E+01  9.98325E+04 -4.43689E+01
    2.1117E+01  1.01429E+05 -4.62274E+01  1.01429E+05 -4.62274E+01  1.01429E+05 -4.62274E+01
    2.1170E+01  1.01611E+05 -4.65544E+01  1.01611E+05 -4.65544E+01  1.01611E+05 -4.65544E+01
    2.1224E+01  1.01611E+05 -4.65544E+01  1.01611E+05 -4.65544E+01  1.01611E+05 -4.65544E+01
    2.1277E+01  1.01611E+05 -4.65544E+01  1.01611E+05 -4.65544E+01  1.01611E+05 -4.65544E+01
    2.1331E+01  1.01611E+05 -4.65551E+01  1.01611E+05 -4.65551E+01  1.01611E+05 -4.65551E+01
    2.1384E+01  1.01611E+05 -4.65551E+01  1.01611E+05 -4.65551E+01  1.01611E+05 -4.65551E+01
    2.1437E+01  1.01893E+05 -4.70152E+01  1.01893E+05 -4.70152E+01  1.01893E+05 -4.70152E+01
    2.1491E+01  1.01893E+05 -4.70152E+01  1.01893E+05 -4.70152E+01  1.01893E+05 -4.70152E+01
    2.1544E+01  1.01893E+05 -4.70152E+01  1.01893E+05 -4.70152E+01  1.01893E+05 -4.70152E+01
    2.1598E+01  1.01893E+05 -4.70152E+01  1.01893E+05 -4.70152E+01  1.01893E+05 -4.70152E+01
    2.1651E+01  1.01977E+05 -4.71814E+01  1.01977E+05 -4.71814E+01  1.01977E+05 -4.71814E+01
    2.1705E+01  1.01977E+05 -4.71814E+01  1.01977E+05 -4.71814E+01  1.01977E+05 -4.71814E+01
    2.1758E+01  1.01977E+05 -4.71814E+01  1.01977E+05 -4.71814E+01  1.01977E+05 -4.71814E+01
    2.1812E+01  1.01982E+05 -4.71926E+01  1.01982E+05 -4.71926E+01  1.01982E+05 -4.71926E+01
    2.1865E+01  1.17552E+05 -5.59720E+01  1.17552E+05 -5.59720E+01  1.17552E+05 -5.59720E+01
    2.1919E+01  1.17552E+05 -5.59720E+01  1.17552E+05 -5.59720E+01  1.17552E+05 -5.59720E+01
    2.1972E+01  1.17552E+05 -5.59720E+01  1.17552E+05 -5.59720E+01  1.17552E+05 -5.59720E+01
    2.2026E+01  1.17552E+05 -5.59720E+01  1.17552E+05 -5.59720E+01  1.17552E+05 -5.59720E+01
    2.2079E+01  1.17552E+05 -5.59720E+01  1.17552E+05 -5.59720E+01  1.17552E+05 -5.59720E+01
    2.2132E+01  1.17555E+05 -5.59787E+01  1.17555E+05 -5.59787E+01  1.17555E+05 -5.59787E+01
    2.2186E+01  1.17555E+05 -5.59787E+01  1.17555E+05 -5.59787E+01  1.17555E+05 -5.59787E+01
    2.2239E+01  1.17555E+05 -5.59787E+01  1.17555E+05 -5.59787E+01  1.17555E+05 -5.59787E+01
    2.2293E+01  1.17555E+05 -5.59787E+01  1.17555E+05 -5.59787E+01  1.17555E+05 -5.59787E+01
    2.2346E+01  1.17556E+05 -5.59812E+01  1.17556E+05 -5.59812E+01  1.17556E+05 -5.59812E+01
    2.2400E+01  1.17556E+05 -5.59812E+01  1.17556E+05 -5.59812E+01  1.17556E+05 -5.59812E+01
    2.2453E+01  1.17556E+05 -5.59812E+01  1.17556E+05 -5.59812E+01  1.17556E+05 -5.59812E+01
    2.2507E+01  1.17597E+05 -5.60712E+01  1.17597E+05 -5.60712E+01  1.17597E+05 -5.60712E+01
    2.2560E+01  1.17597E+05 -5.60712E+01  1.17597E+05 -5.60712E+01  1.17597E+05 -5.60712E+01
    2.2614E+01  1.17901E+05 -5.65183E+01  1.17901E+05 -5.65183E+01  1.17901E+05 -5.65183E+01
    2.2667E+01  1.17902E+05 -5.65208E+01  1.17902E+05 -5.65208E+01  1.17902E+05 -5.65208E+01
    2.2721E+01  1.17902E+05 -5.65208E+01  1.17902E+05 -5.65208E+01  1.17902E+05 -5.65208E+01
    2.2774E+01  1.17902E+05 -5.65208E+01  1.17902E+05 -5.65208E+01  1.17902E+05 -5.65208E+01
    2.2827E+01  1.17902E+05 -5.65208E+01  1.17902E+05 -5.65208E+01  1.17902E+05 -5.65208E+01
    2.2881E+01  1.17902E+05 -5.65208E+01  1.17902E+05 -5.65208E+01  1.17902E+05 -5.65208E+01
    2.2934E+01  1.17902E+05 -5.65208E+01  1.17902E+05 -5.65208E+01  1.17902E+05 -5.65208E+01
    2.2988E+01  1.17902E+05 -5.65208E+01  1.17902E+05 -5.65208E+01  1.17902E+05 -5.65208E+01
    2.3041E+01  1.17902E+05 -5.65208E+01  1.17902E+05 -5.65208E+01  1.17902E+05 -5.65208E+01
    2.3095E+01  1.20208E+05 -5.89592E+01  1.20208E+05 -5.89592E+01  1.20208E+05 -5.89592E+01
    2.3148E+01  1.20208E+05 -5.89592E+01  1.20208E+05 -5.89592E+01  1.20208E+05 -5.89592E+01
    2.3202E+01  1.20208E+05 -5.89592E+01  1.20208E+05 -5.89592E+01  1.20208E+05 -5.89592E+01
    2.3255E+01  1.20208E+05 -5.89592E+01  1.20208E+05 -5.89592E+01  1.20208E+05 -5.89592E+01
    2.3309E+01  1.20208E+05 -5.89592E+01  1.20208E+05 -5.89592E+01  1.20208E+05 -5.89592E+01
    2.3362E+01  1.20357E+05 -5.92069E+01  1.20357E+05 -5.92069E+01  1.20357E+05 -5.92069E+01
    2.3415E+01  1.20357E+05 -5.92069E+01  1.20357E+05 -5.92069E+01  1.20357E+05 -5.92069E+01
    2.3469E+01  1.20357E+05 -5.92069E+01  1.20357E+05 -5.92069E+01  1.20357E+05 -5.92069E+01
    2.3522E+01  1.20357E+05 -5.92069E+01  1.20357E+05 -5.92069E+01  1.20357E+05 -5.92069E+01
    2.3576E+01  1.20357E+05 -5.92076E+01  1.20357E+05 -5.92076E+01  1.20357E+05 -5.92076E+01
    2.3629E+01  1.21439E+05 -6.03581E+01  1.21439E+05 -6.03581E+01  1.21439E+05 -6.03581E+01
    2.3683E+01  1.22445E+05 -6.15643E+01  1.22445E+05 -6.15643E+01  1.22445E+05 -6.15643E+01
    2.3736E+01  1.22554E+05 -6.17565E+01  1.22554E+05 -6.17565E+01  1.22554E+05 -6.17565E+01
    2.3790E+01  1.22554E+05 -6.17565E+01  1.22554E+05 -6.17565E+01  1.22554E+05 -6.17565E+01
    2.3843E+01  1.22554E+05 -6.17565E+01  1.22554E+05 -6.17565E+01  1.22554E+05 -6.17565E+01
    2.3897E+01  1.22555E+05 -6.17573E+01  1.22555E+05 -6.17573E+01  1.22555E+05 -6.17573E+01
    2.3950E+01  1.22555E+05 -6.17573E+01  1.22555E+05 -6.17573E+01  1.22555E+05 -6.17573E+01
    2.4004E+01  1.22673E+05 -6.19871E+01  1.22673E+05 -6.19871E+01  1.22673E+05 -6.19871E+01
    2.4057E+01  1.22673E+05 -6.19871E+01  1.22673E+05 -6.19871E+01  1.22673E+05 -6.19871E+01
    2.4110E+01  1.22673E+05 -6.19871E+01  1.22673E+05 -6.19871E+01  1.22673E+05 -6.19871E+01
    2.4164E+01  1.22673E+05 -6.19871E+01  1.22673E+05 -6.19871E+01  1.22673E+05 -6.19871E+01
    2.4217E+01  1.23205E+05 -6.26794E+01  1.23205E+05 -6.26794E+01  1.23205E+05 -6.26794E+01
    2.4271E+01  1.23205E+05 -6.26804E+01  1.23205E+05 -6.26804E+01  1.23205E+05 -6.26804E+01
    2.4324E+01  1.23205E+05 -6.26804E+01  1.23205E+05 -6.26804E+01  1.23205E+05 -6.26804E+01
    2.4378E+01  1.23205E+05 -6.26804E+01  1.23205E+05 -6.26804E+01  1.23205E+05 -6.26804E+01
    2.4431E+01  1.23206E+05 -6.26811E+01  1.23206E+05 -6.26811E+01  1.23206E+05 -6.26811E+01
    2.4485E+01  1.23206E+05 -6.26811E+01  1.23206E+05 -6.26811E+01  1.23206E+05 -6.26811E+01
    2.4538E+01  1.23206E+05 -6.26811E+01  1.23206E+05 -6.26811E+01  1.23206E+05 -6.26811E+01
    2.4592E+01  1.23206E+05 -6.26811E+01  1.23206E+05 -6.26811E+01  1.23206E+05 -6.26811E+01
    2.4645E+01  1.24891E+05 -6.44903E+01  1.24891E+05 -6.44903E+01  1.24891E+05 -6.44903E+01
    2.4699E+01  1.24891E+05 -6.44903E+01  1.24891E+05 -6.44903E+01  1.24891E+05 -6.44903E+01
    2.4752E+01  1.24891E+05 -6.44903E+01  1.24891E+05 -6.44903E+01  1.24891E+05 -6.44903E+01
    2.4805E+01  1.24891E+05 -6.44903E+01  1.24891E+05 -6.44903E+01  1.24891E+05 -6.44903E+01
    2.4859E+01  1.24891E+05 -6.44903E+01  1.24891E+05 -6.44903E+01  1.24891E+05 -6.44903E+01
    2.4912E+01  1.24891E+05 -6.44903E+01  1.24891E+05 -6.44903E+01  1.24891E+05 -6.44903E+01
    2.4966E+01  1.24891E+05 -6.44903E+01  1.24891E+05 -6.44903E+01  1.24891E+05 -6.44903E+01
    2.5019E+01  1.27720E+05 -6.66150E+01  1.27720E+05 -6.66150E+01  1.27720E+05 -6.66150E+01
    2.5073E+01  1.27720E+05 -6.66150E+01  1.27720E+05 -6.66150E+01  1.27720E+05 -6.66150E+01
    2.5126E+01  1.28104E+05 -6.72399E+01  1.28104E+05 -6.72399E+01  1.28104E+05 -6.72399E+01
    2.5180E+01  1.28104E+05 -6.72399E+01  1.28104E+05 -6.72399E+01  1.28104E+05 -6.72399E+01
    2.5233E+01  1.28104E+05 -6.72399E+01  1.28104E+05 -6.72399E+01  1.28104E+05 -6.72399E+01
    2.5287E+01  1.28104E+05 -6.72399E+01  1.28104E+05 -6.72399E+01  1.28104E+05 -6.72399E+01
    2.5340E+01  1.28104E+05 -6.72399E+01  1.28104E+05 -6.72399E+01  1.28104E+05 -6.72399E+01
    2.5394E+01  1.28104E+05 -6.72409E+01  1.28104E+05 -6.72409E+01  1.28104E+05 -6.72409E+01
    2.5447E+01  1.28104E+05 -6.72409E+01  1.28104E+05 -6.72409E+01  1.28104E+05 -6.72409E+01
    2.5500E+01  1.28104E+05 -6.72409E+01  1.28104E+05 -6.72409E+01  1.28104E+05 -6.72409E+01
    2.5554E+01  1.28104E+05 -6.72409E+01  1.28104E+05 -6.72409E+01  1.28104E+05 -6.72409E+01
    2.5607E+01  1.28104E+05 -6.72414E+01  1.28104E+05 -6.72414E+01  1.28104E+05 -6.72414E+01
    2.5661E+01  1.28104E+05 -6.72414E+01  1.28104E+05 -6.72414E+01  1.28104E+05 -6.72414E+01
    2.5714E+01  1.35995E+05 -7.11744E+01  1.35995E+05 -7.11744E+01  1.35995E+05 -7.11744E+01
    2.5768E+01  1.54776E+05 -8.14407E+01  1.54776E+05 -8.14407E+01  1.54776E+05 -8.14407E+01
    2.5821E+01  1.54776E+05 -8.14407E+01  1.54776E+05 -8.14407E+01  1.54776E+05 -8.14407E+01
    2.5875E+01  1.54776E+05 -8.14407E+01  1.54776E+05 -8.14407E+01  1.54776E+05 -8.14407E+01
    2.5928E+01  1.54776E+05 -8.14407E+01  1.54776E+05 -8.14407E+01  1.54776E+05 -8.14407E+01
    2.5982E+01  1.57297E+05 -8.36227E+01  1.57297E+05 -8.36227E+01  1.57297E+05 -8.36227E+01
    2.6035E+01  1.57297E+05 -8.36227E+01  1.57297E+05 -8.36227E+01  1.57297E+05 -8.36227E+01
    2.6089E+01  1.57297E+05 -8.36227E+01  1.57297E+05 -8.36227E+01  1.57297E+05 -8.36227E+01
    2.6142E+01  1.57297E+05 -8.36227E+01  1.57297E+05 -8.36227E+01  1.57297E+05 -8.36227E+01
    2.6195E+01  1.57297E+05 -8.36227E+01  1.57297E+05 -8.36227E+01  1.57297E+05 -8.36227E+01
    2.6249E+01  1.57297E+05 -8.36227E+01  1.57297E+05 -8.36227E+01  1.57297E+05 -8.36227E+01
    2.6302E+01  1.57297E+05 -8.36227E+01  1.57297E+05 -8.36227E+01  1.57297E+05 -8.36227E+01
    2.6356E+01  1.57297E+05 -8.36227E+01  1.57297E+05 -8.36227E+01  1.57297E+05 -8.36227E+01
    2.6409E+01  1.57297E+05 -8.36227E+01  1.57297E+05 -8.36227E+01  1.57297E+05 -8.36227E+01
    2.6463E+01  1.59322E+05 -8.57293E+01  1.59322E+05 -8.57293E+01  1.59322E+05 -8.57293E+01
    2.6516E+01  1.59322E+05 -8.57293E+01  1.59322E+05 -8.57293E+01  1.59322E+05 -8.57293E+01
    2.6570E+01  1.59322E+05 -8.57293E+01  1.59322E+05 -8.57293E+01  1.59322E+05 -8.57293E+01
    2.6623E+01  1.59322E+05 -8.57293E+01  1.59322E+05 -8.57293E+01  1.59322E+05 -8.57293E+01
    2.6677E+01  1.62956E+05 -8.82846E+01  1.62956E+05 -8.82846E+01  1.62956E+05 -8.82846E+01
    2.6730E+01  1.64291E+05 -8.90151E+01  1.64291E+05 -8.90151E+01  1.64291E+05 -8.90151E+01
    2.6783E+01  1.64291E+05 -8.90151E+01  1.64291E+05 -8.90151E+01  1.64291E+05 -8.90151E+01
    2.6837E+01  1.64291E+05 -8.90151E+01  1.64291E+05 -8.90151E+01  1.64291E+05 -8.90151E+01
    2.6890E+01  1.64291E+05 -8.90151E+01  1.64291E+05 -8.90151E+01  1.64291E+05 -8.90151E+01
    2.6944E+01  1.64291E+05 -8.90151E+01  1.64291E+05 -8.90151E+01  1.64291E+05 -8.90151E+01
    2.6997E+01  1.64291E+05 -8.90151E+01  1.64291E+05 -8.90151E+01  1.64291E+05 -8.90151E+01
    2.7051E+01  1.64291E+05 -8.90151E+01  1.64291E+05 -8.90151E+01  1.64291E+05 -8.90151E+01
    2.7104E+01  1.64291E+05 -8.90151E+01  1.64291E+05 -8.90151E+01  1.64291E+05 -8.90151E+01
    2.7158E+01  1.64291E+05 -8.90151E+01  1.64291E+05 -8.90151E+01  1.64291E+05 -8.90151E+01
    2.7211E+01  1.64291E+05 -8.90151E+01  1.64291E+05 -8.90151E+01  1.64291E+05 -8.90151E+01
    2.7265E+01  1.64291E+05 -8.90151E+01  1.64291E+05 -8.90151E+01  1.64291E+05 -8.90151E+01
    2.7318E+01  1.64291E+05 -8.90151E+01  1.64291E+05 -8.90151E+01  1.64291E+05 -8.90151E+01
    2.7372E+01  1.64291E+05 -8.90151E+01  1.64291E+05 -8.90151E+01  1.64291E+05 -8.90151E+01
    2.7425E+01  1.64291E+05 -8.90151E+01  1.64291E+05 -8.90151E+01  1.64291E+05 -8.90151E+01
    2.7478E+01  1.64871E+05 -8.97972E+01  1.64871E+05 -8.97972E+01  1.64871E+05 -8.97972E+01
    2.7532E+01  1.64871E+05 -8.97972E+01  1.64871E+05 -8.97972E+01  1.64871E+05 -8.97972E+01
    2.7585E+01  1.64871E+05 -8.97972E+01  1.64871E+05 -8.97972E+01  1.64871E+05 -8.97972E+01
    2.7639E+01  1.64871E+05 -8.97972E+01  1.64871E+05 -8.97972E+01  1.64871E+05 -8.97972E+01
    2.7692E+01  1.64871E+05 -8.97981E+01  1.64871E+05 -8.97981E+01  1.64871E+05 -8.97981E+01
    2.7746E+01  1.64871E+05 -8.97981E+01  1.64871E+05 -8.97981E+01  1.64871E+05 -8.97981E+01
    2.7799E+01  1.64871E+05 -8.97981E+01  1.64871E+05 -8.97981E+01  1.64871E+05 -8.97981E+01
    2.7853E+01  1.64871E+05 -8.97981E+01  1.64871E+05 -8.97981E+01  1.64871E+05 -8.97981E+01
    2.7906E+01  1.64871E+05 -8.97981E+01  1.64871E+05 -8.97981E+01  1.64871E+05 -8.97981E+01
    2.7960E+01  1.64871E+05 -8.97981E+01  1.64871E+05 -8.97981E+01  1.64871E+05 -8.97981E+01
    2.8013E+01  1.64871E+05 -8.97981E+01  1.64871E+05 -8.97981E+01  1.64871E+05 -8.97981E+01
    2.8067E+01  1.64871E+05 -8.97981E+01  1.64871E+05 -8.97981E+01  1.64871E+05 -8.97981E+01
    2.8120E+01  1.64871E+05 -8.97981E+01  1.64871E+05 -8.97981E+01  1.64871E+05 -8.97981E+01
    2.8173E+01  1.64871E+05 -8.97981E+01  1.64871E+05 -8.97981E+01  1.64871E+05 -8.97981E+01
    2.8227E+01  1.65854E+05 -9.10104E+01  1.65854E+05 -9.10104E+01  1.65854E+05 -9.10104E+01
    2.8280E+01  1.65854E+05 -9.10104E+01  1.65854E+05 -9.10104E+01  1.65854E+05 -9.10104E+01
    2.8334E+01  1.65854E+05 -9.10104E+01  1.65854E+05 -9.10104E+01  1.65854E+05 -9.10104E+01
    2.8387E+01  1.65854E+05 -9.10104E+01  1.65854E+05 -9.10104E+01  1.65854E+05 -9.10104E+01
    2.8441E+01  1.65854E+05 -9.10104E+01  1.65854E+05 -9.10104E+01  1.65854E+05 -9.10104E+01
    2.8494E+01  1.65854E+05 -9.10104E+01  1.65854E+05 -9.10104E+01  1.65854E+05 -9.10104E+01
    2.8548E+01  1.65854E+05 -9.10104E+01  1.65854E+05 -9.10104E+01  1.65854E+05 -9.10104E+01
    2.8601E+01  1.65854E+05 -9.10104E+01  1.65854E+05 -9.10104E+01  1.65854E+05 -9.10104E+01
    2.8655E+01  1.65854E+05 -9.10104E+01  1.65854E+05 -9.10104E+01  1.65854E+05 -9.10104E+01
    2.8708E+01  1.67616E+05 -9.29356E+01  1.67616E+05 -9.29356E+01  1.67616E+05 -9.29356E+01
    2.8762E+01  1.67616E+05 -9.29356E+01  1.67616E+05 -9.29356E+01  1.67616E+05 -9.29356E+01
    2.8815E+01  1.67616E+05 -9.29356E+01  1.67616E+05 -9.29356E+01  1.67616E+05 -9.29356E+01
    2.8868E+01  1.67616E+05 -9.29356E+01  1.67616E+05 -9.29356E+01  1.67616E+05 -9.29356E+01
    2.8922E+01  1.67616E+05 -9.29356E+01  1.67616E+05 -9.29356E+01  1.67616E+05 -9.29356E+01
    2.8975E+01  1.67616E+05 -9.29356E+01  1.67616E+05 -9.29356E+01  1.67616E+05 -9.29356E+01
    2.9029E+01  1.67616E+05 -9.29356E+01  1.67616E+05 -9.29356E+01  1.67616E+05 -9.29356E+01
    2.9082E+01  1.69607E+05 -9.53487E+01  1.69607E+05 -9.53487E+01  1.69607E+05 -9.53487E+01
    2.9136E+01  1.69607E+05 -9.53487E+01  1.69607E+05 -9.53487E+01  1.69607E+05 -9.53487E+01
    2.9189E+01  1.70120E+05 -9.60787E+01  1.70120E+05 -9.60787E+01  1.70120E+05 -9.60787E+01
    2.9243E+01  1.70120E+05 -9.60787E+01  1.70120E+05 -9.60787E+01  1.70120E+05 -9.60787E+01
    2.9296E+01  1.70120E+05 -9.60787E+01  1.70120E+05 -9.60787E+01  1.70120E+05 -9.60787E+01
    2.9350E+01  1.70120E+05 -9.60787E+01  1.70120E+05 -9.60787E+01  1.70120E+05 -9.60787E+01
    2.9403E+01  1.70120E+05 -9.60787E+01  1.70120E+05 -9.60787E+01  1.70120E+05 -9.60787E+01
    2.9456E+01  1.70120E+05 -9.60787E+01  1.70120E+05 -9.60787E+01  1.70120E+05 -9.60787E+01
    2.9510E+01  1.70120E+05 -9.60787E+01  1.70120E+05 -9.60787E+01  1.70120E+05 -9.60787E+01
    2.9563E+01  1.70120E+05 -9.60787E+01  1.70120E+05 -9.60787E+01  1.70120E+05 -9.60787E+01
    2.9617E+01  1.70120E+05 -9.60787E+01  1.70120E+05 -9.60787E+01  1.70120E+05 -9.60787E+01
    2.9670E+01  1.70120E+05 -9.60787E+01  1.70120E+05 -9.60787E+01  1.70120E+05 -9.60787E+01
    2.9724E+01  1.70120E+05 -9.60787E+01  1.70120E+05 -9.60787E+01  1.70120E+05 -9.60787E+01
    2.9777E+01  1.90727E+05 -9.86453E+01  1.90727E+05 -9.86453E+01  1.90727E+05 -9.86453E+01
    2.9831E+01  1.90727E+05 -9.86453E+01  1.90727E+05 -9.86453E+01  1.90727E+05 -9.86453E+01
    2.9884E+01  1.90727E+05 -9.86453E+01  1.90727E+05 -9.86453E+01  1.90727E+05 -9.86453E+01
    2.9938E+01  1.90727E+05 -9.86453E+01  1.90727E+05 -9.86453E+01  1.90727E+05 -9.86453E+01
    2.9991E+01  1.90727E+05 -9.86453E+01  1.90727E+05 -9.86453E+01  1.90727E+05 -9.86453E+01
    3.0045E+01  1.90727E+05 -9.86453E+01  1.90727E+05 -9.86453E+01  1.90727E+05 -9.86453E+01
    3.0098E+01  1.90727E+05 -9.86453E+01  1.90727E+05 -9.86453E+01  1.90727E+05 -9.86453E+01
    3.0151E+01  1.90727E+05 -9.86453E+01  1.90727E+05 -9.86453E+01  1.90727E+05 -9.86453E+01
    3.0205E+01  1.90727E+05 -9.86453E+01  1.90727E+05 -9.86453E+01  1.90727E+05 -9.86453E+01
    3.0258E+01  1.90727E+05 -9.86453E+01  1.90727E+05 -9.86453E+01  1.90727E+05 -9.86453E+01
    3.0312E+01  1.90727E+05 -9.86453E+01  1.90727E+05 -9.86453E+01  1.90727E+05 -9.86453E+01
    3.0365E+01  1.90727E+05 -9.86453E+01  1.90727E+05 -9.86453E+01  1.90727E+05 -9.86453E+01
    3.0419E+01  1.90727E+05 -9.86453E+01  1.90727E+05 -9.86453E+01  1.90727E+05 -9.86453E+01
    3.0472E+01  1.90727E+05 -9.86453E+01  1.90727E+05 -9.86453E+01  1.90727E+05 -9.86453E+01
    3.0526E+01  1.90727E+05 -9.86453E+01  1.90727E+05 -9.86453E+01  1.90727E+05 -9.86453E+01
    3.0579E+01  1.90727E+05 -9.86453E+01  1.90727E+05 -9.86453E+01  1.90727E+05 -9.86453E+01
    3.0633E+01  1.90727E+05 -9.86453E+01  1.90727E+05 -9.86453E+01  1.90727E+05 -9.86453E+01
    3.0686E+01  1.90727E+05 -9.86453E+01  1.90727E+05 -9.86453E+01  1.90727E+05 -9.86453E+01
    3.0740E+01  1.90727E+05 -9.86453E+01  1.90727E+05 -9.86453E+01  1.90727E+05 -9.86453E+01
    3.0793E+01  1.90727E+05 -9.86453E+01  1.90727E+05 -9.86453E+01  1.90727E+05 -9.86453E+01
    3.0846E+01  1.90727E+05 -9.86453E+01  1.90727E+05 -9.86453E+01  1.90727E+05 -9.86453E+01
    3.0900E+01  1.90727E+05 -9.86453E+01  1.90727E+05 -9.86453E+01  1.90727E+05 -9.86453E+01
    3.0953E+01  1.90727E+05 -9.86453E+01  1.90727E+05 -9.86453E+01  1.90727E+05 -9.86453E+01
    3.1007E+01  1.90727E+05 -9.86453E+01  1.90727E+05 -9.86453E+01  1.90727E+05 -9.86453E+01
    3.1060E+01  1.90727E+05 -9.86453E+01  1.90727E+05 -9.86453E+01  1.90727E+05 -9.86453E+01
    3.1114E+01  1.90727E+05 -9.86453E+01  1.90727E+05 -9.86453E+01  1.90727E+05 -9.86453E+01
    3.1167E+01  1.90727E+05 -9.86453E+01  1.90727E+05 -9.86453E+01  1.90727E+05 -9.86453E+01
    3.1221E+01  1.90727E+05 -9.86453E+01  1.90727E+05 -9.86453E+01  1.90727E+05 -9.86453E+01
    3.1274E+01  1.90727E+05 -9.86453E+01  1.90727E+05 -9.86453E+01  1.90727E+05 -9.86453E+01
    3.1328E+01  1.90727E+05 -9.86453E+01  1.90727E+05 -9.86453E+01  1.90727E+05 -9.86453E+01
    3.1381E+01  1.90727E+05 -9.86453E+01  1.90727E+05 -9.86453E+01  1.90727E+05 -9.86453E+01
    3.1435E+01  1.90727E+05 -9.86453E+01  1.90727E+05 -9.86453E+01  1.90727E+05 -9.86453E+01
    3.1488E+01  1.90727E+05 -9.86453E+01  1.90727E+05 -9.86453E+01  1.90727E+05 -9.86453E+01
    3.1541E+01  2.07863E+05 -1.09357E+02  2.07863E+05 -1.09357E+02  2.07863E+05 -1.09357E+02
    3.1595E+01  2.07863E+05 -1.09357E+02  2.07863E+05 -1.09357E+02  2.07863E+05 -1.09357E+02
    3.1648E+01  2.07863E+05 -1.09357E+02  2.07863E+05 -1.09357E+02  2.07863E+05 -1.09357E+02
    3.1702E+01  2.07863E+05 -1.09357E+02  2.07863E+05 -1.09357E+02  2.07863E+05 -1.09357E+02
    3.1755E+01  2.07863E+05 -1.09357E+02  2.07863E+05 -1.09357E+02  2.07863E+05 -1.09357E+02
    3.1809E+01  2.07863E+05 -1.09357E+02  2.07863E+05 -1.09357E+02  2.07863E+05 -1.09357E+02
    3.1862E+01  2.07863E+05 -1.09357E+02  2.07863E+05 -1.09357E+02  2.07863E+05 -1.09357E+02
    3.1916E+01  2.07863E+05 -1.09357E+02  2.07863E+05 -1.09357E+02  2.07863E+05 -1.09357E+02
    3.1969E+01  2.16097E+05 -1.13494E+02  2.16097E+05 -1.13494E+02  2.16097E+05 -1.13494E+02
    3.2023E+01  2.16097E+05 -1.13494E+02  2.16097E+05 -1.13494E+02  2.16097E+05 -1.13494E+02
    3.2076E+01  2.16097E+05 -1.13494E+02  2.16097E+05 -1.13494E+02  2.16097E+05 -1.13494E+02
    3.2129E+01  2.16097E+05 -1.13494E+02  2.16097E+05 -1.13494E+02  2.16097E+05 -1.13494E+02
    3.2183E+01  2.16097E+05 -1.13494E+02  2.16097E+05 -1.13494E+02  2.16097E+05 -1.13494E+02
    3.2236E+01  2.16097E+05 -1.13494E+02  2.16097E+05 -1.13494E+02  2.16097E+05 -1.13494E+02
    3.2290E+01  2.16097E+05 -1.13494E+02  2.16097E+05 -1.13494E+02  2.16097E+05 -1.13494E+02
    3.2343E+01  2.16097E+05 -1.13494E+02  2.16097E+05 -1.13494E+02  2.16097E+05 -1.13494E+02
    3.2397E+01  2.16097E+05 -1.13494E+02  2.16097E+05 -1.13494E+02  2.16097E+05 -1.13494E+02
    3.2450E+01  2.16097E+05 -1.13494E+02  2.16097E+05 -1.13494E+02  2.16097E+05 -1.13494E+02
    3.2504E+01  2.16097E+05 -1.13494E+02  2.16097E+05 -1.13494E+02  2.16097E+05 -1.13494E+02
    3.2557E+01  2.16097E+05 -1.13494E+02  2.16097E+05 -1.13494E+02  2.16097E+05 -1.13494E+02
    3.2611E+01  2.16097E+05 -1.13494E+02  2.16097E+05 -1.13494E+02  2.16097E+05 -1.13494E+02
    3.2664E+01  2.16097E+05 -1.13494E+02  2.16097E+05 -1.13494E+02  2.16097E+05 -1.13494E+02
    3.2718E+01  2.16097E+05 -1.13494E+02  2.16097E+05 -1.13494E+02  2.16097E+05 -1.13494E+02
    3.2771E+01  2.16097E+05 -1.13494E+02  2.16097E+05 -1.13494E+02  2.16097E+05 -1.13494E+02
    3.2824E+01  2.16097E+05 -1.13494E+02  2.16097E+05 -1.13494E+02  2.16097E+05 -1.13494E+02
    3.2878E+01  2.16097E+05 -1.13494E+02  2.16097E+05 -1.13494E+02  2.16097E+05 -1.13494E+02
    3.2931E+01  2.16097E+05 -1.13494E+02  2.16097E+05 -1.13494E+02  2.16097E+05 -1.13494E+02
    3.2985E+01  2.16097E+05 -1.13494E+02  2.16097E+05 -1.13494E+02  2.16097E+05 -1.13494E+02
    3.3038E+01  2.16097E+05 -1.13494E+02  2.16097E+05 -1.13494E+02  2.16097E+05 -1.13494E+02
    3.3092E+01  2.16097E+05 -1.13494E+02  2.16097E+05 -1.13494E+02  2.16097E+05 -1.13494E+02
    3.3145E+01  2.16097E+05 -1.13494E+02  2.16097E+05 -1.13494E+02  2.16097E+05 -1.13494E+02
    3.3199E+01  2.16097E+05 -1.13494E+02  2.16097E+05 -1.13494E+02  2.16097E+05 -1.13494E+02
    3.3252E+01  2.16097E+05 -1.13494E+02  2.16097E+05 -1.13494E+02  2.16097E+05 -1.13494E+02
    3.3306E+01  2.16097E+05 -1.13494E+02  2.16097E+05 -1.13494E+02  2.16097E+05 -1.13494E+02
    3.3359E+01  2.16097E+05 -1.13494E+02  2.16097E+05 -1.13494E+02  2.16097E+05 -1.13494E+02
    3.3413E+01  2.16097E+05 -1.13494E+02  2.16097E+05 -1.13494E+02  2.16097E+05 -1.13494E+02
    3.3466E+01  2.16097E+05 -1.13494E+02  2.16097E+05 -1.13494E+02  2.16097E+05 -1.13494E+02
    3.3519E+01  2.16097E+05 -1.13494E+02  2.16097E+05 -1.13494E+02  2.16097E+05 -1.13494E+02
    3.3573E+01  2.16097E+05 -1.13494E+02  2.16097E+05 -1.13494E+02  2.16097E+05 -1.13494E+02
    3.3626E+01  2.16097E+05 -1.13494E+02  2.16097E+05 -1.13494E+02  2.16097E+05 -1.13494E+02
    3.3680E+01  2.16097E+05 -1.13494E+02  2.16097E+05 -1.13494E+02  2.16097E+05 -1.13494E+02
    3.3733E+01  2.16097E+05 -1.13494E+02  2.16097E+05 -1.13494E+02  2.16097E+05 -1.13494E+02
    3.3787E+01  2.16097E+05 -1.13494E+02  2.16097E+05 -1.13494E+02  2.16097E+05 -1.13494E+02
    3.3840E+01  2.16097E+05 -1.13494E+02  2.16097E+05 -1.13494E+02  2.16097E+05 -1.13494E+02
    3.3894E+01  2.16097E+05 -1.13494E+02  2.16097E+05 -1.13494E+02  2.16097E+05 -1.13494E+02
    3.3947E+01  2.16097E+05 -1.13494E+02  2.16097E+05 -1.13494E+02  2.16097E+05 -1.13494E+02
    3.4001E+01  2.16097E+05 -1.13494E+02  2.16097E+05 -1.13494E+02  2.16097E+05 -1.13494E+02
    3.4054E+01  2.16097E+05 -1.13494E+02  2.16097E+05 -1.13494E+02  2.16097E+05 -1.13494E+02
    3.4108E+01  2.16097E+05 -1.13494E+02  2.16097E+05 -1.13494E+02  2.16097E+05 -1.13494E+02
    3.4161E+01  2.16097E+05 -1.13494E+02  2.16097E+05 -1.13494E+02  2.16097E+05 -1.13494E+02
    3.4214E+01  2.16097E+05 -1.13494E+02  2.16097E+05 -1.13494E+02  2.16097E+05 -1.13494E+02
    3.4268E+01  2.16097E+05 -1.13494E+02  2.16097E+05 -1.13494E+02  2.16097E+05 -1.13494E+02
    3.4321E+01  2.19349E+05 -1.16478E+02  2.19349E+05 -1.16478E+02  2.19349E+05 -1.16478E+02
    3.4375E+01  2.19349E+05 -1.16478E+02  2.19349E+05 -1.16478E+02  2.19349E+05 -1.16478E+02
    3.4428E+01  2.29099E+05 -1.24256E+02  2.29099E+05 -1.24256E+02  2.29099E+05 -1.24256E+02
    3.4482E+01  2.29099E+05 -1.24256E+02  2.29099E+05 -1.24256E+02  2.29099E+05 -1.24256E+02
    3.4535E+01  2.29099E+05 -1.24256E+02  2.29099E+05 -1.24256E+02  2.29099E+05 -1.24256E+02
    3.4589E+01  2.29099E+05 -1.24256E+02  2.29099E+05 -1.24256E+02  2.29099E+05 -1.24256E+02
    3.4642E+01  2.29099E+05 -1.24256E+02  2.29099E+05 -1.24256E+02  2.29099E+05 -1.24256E+02
    3.4696E+01  2.29099E+05 -1.24256E+02  2.29099E+05 -1.24256E+02  2.29099E+05 -1.24256E+02
    3.4749E+01  2.29099E+05 -1.24256E+02  2.29099E+05 -1.24256E+02  2.29099E+05 -1.24256E+02
    3.4802E+01  2.29099E+05 -1.24256E+02  2.29099E+05 -1.24256E+02  2.29099E+05 -1.24256E+02
    3.4856E+01  2.29099E+05 -1.24256E+02  2.29099E+05 -1.24256E+02  2.29099E+05 -1.24256E+02
    3.4909E+01  2.29099E+05 -1.24256E+02  2.29099E+05 -1.24256E+02  2.29099E+05 -1.24256E+02
    3.4963E+01  2.29099E+05 -1.24256E+02  2.29099E+05 -1.24256E+02  2.29099E+05 -1.24256E+02
    3.5016E+01  2.29099E+05 -1.24256E+02  2.29099E+05 -1.24256E+02  2.29099E+05 -1.24256E+02
    3.5070E+01  2.29099E+05 -1.24256E+02  2.29099E+05 -1.24256E+02  2.29099E+05 -1.24256E+02
    3.5123E+01  2.29099E+05 -1.24256E+02  2.29099E+05 -1.24256E+02  2.29099E+05 -1.24256E+02
    3.5177E+01  2.29099E+05 -1.24256E+02  2.29099E+05 -1.24256E+02  2.29099E+05 -1.24256E+02
    3.5230E+01  2.29099E+05 -1.24256E+02  2.29099E+05 -1.24256E+02  2.29099E+05 -1.24256E+02
    3.5284E+01  2.29099E+05 -1.24256E+02  2.29099E+05 -1.24256E+02  2.29099E+05 -1.24256E+02
    3.5337E+01  2.29099E+05 -1.24256E+02  2.29099E+05 -1.24256E+02  2.29099E+05 -1.24256E+02
    3.5391E+01  2.29099E+05 -1.24256E+02  2.29099E+05 -1.24256E+02  2.29099E+05 -1.24256E+02
    3.5444E+01  2.29099E+05 -1.24256E+02  2.29099E+05 -1.24256E+02  2.29099E+05 -1.24256E+02
    3.5497E+01  2.29099E+05 -1.24256E+02  2.29099E+05 -1.24256E+02  2.29099E+05 -1.24256E+02
    3.5551E+01  2.29099E+05 -1.24256E+02  2.29099E+05 -1.24256E+02  2.29099E+05 -1.24256E+02
    3.5604E+01  2.29099E+05 -1.24256E+02  2.29099E+05 -1.24256E+02  2.29099E+05 -1.24256E+02
    3.5658E+01  2.29099E+05 -1.24256E+02  2.29099E+05 -1.24256E+02  2.29099E+05 -1.24256E+02
    3.5711E+01  2.29099E+05 -1.24256E+02  2.29099E+05 -1.24256E+02  2.29099E+05 -1.24256E+02
    3.5765E+01  2.29099E+05 -1.24256E+02  2.29099E+05 -1.24256E+02  2.29099E+05 -1.24256E+02
    3.5818E+01  2.29099E+05 -1.24256E+02  2.29099E+05 -1.24256E+02  2.29099E+05 -1.24256E+02
    3.5872E+01  2.29099E+05 -1.24256E+02  2.29099E+05 -1.24256E+02  2.29099E+05 -1.24256E+02
    3.5925E+01  2.29099E+05 -1.24256E+02  2.29099E+05 -1.24256E+02  2.29099E+05 -1.24256E+02
    3.5979E+01  2.29099E+05 -1.24256E+02  2.29099E+05 -1.24256E+02  2.29099E+05 -1.24256E+02
    3.6032E+01  2.29099E+05 -1.24256E+02  2.29099E+05 -1.24256E+02  2.29099E+05 -1.24256E+02
    3.6086E+01  2.29099E+05 -1.24256E+02  2.29099E+05 -1.24256E+02  2.29099E+05 -1.24256E+02
    3.6139E+01  2.29099E+05 -1.24256E+02  2.29099E+05 -1.24256E+02  2.29099E+05 -1.24256E+02
    3.6192E+01  2.29099E+05 -1.24256E+02  2.29099E+05 -1.24256E+02  2.29099E+05 -1.24256E+02
    3.6246E+01  2.29099E+05 -1.24256E+02  2.29099E+05 -1.24256E+02  2.29099E+05 -1.24256E+02
    3.6299E+01  2.29099E+05 -1.24256E+02  2.29099E+05 -1.24256E+02  2.29099E+05 -1.24256E+02
    3.6353E+01  2.29099E+05 -1.24256E+02  2.29099E+05 -1.24256E+02  2.29099E+05 -1.24256E+02
    3.6406E+01  2.32435E+05 -1.24860E+02  2.32435E+05 -1.24860E+02  2.32435E+05 -1.24860E+02
    3.6460E+01  2.32435E+05 -1.24860E+02  2.32435E+05 -1.24860E+02  2.32435E+05 -1.24860E+02
    3.6513E+01  2.32435E+05 -1.24860E+02  2.32435E+05 -1.24860E+02  2.32435E+05 -1.24860E+02
    3.6567E+01  2.32435E+05 -1.24860E+02  2.32435E+05 -1.24860E+02  2.32435E+05 -1.24860E+02
    3.6620E+01  2.32435E+05 -1.24860E+02  2.32435E+05 -1.24860E+02  2.32435E+05 -1.24860E+02
    3.6674E+01  2.50227E+05 -1.28407E+02  2.50227E+05 -1.28407E+02  2.50227E+05 -1.28407E+02
    3.6727E+01  2.50227E+05 -1.28407E+02  2.50227E+05 -1.28407E+02  2.50227E+05 -1.28407E+02
    3.6781E+01  2.50227E+05 -1.28407E+02  2.50227E+05 -1.28407E+02  2.50227E+05 -1.28407E+02
    3.6834E+01  2.50227E+05 -1.28407E+02  2.50227E+05 -1.28407E+02  2.50227E+05 -1.28407E+02
    3.6887E+01  2.50227E+05 -1.28407E+02  2.50227E+05 -1.28407E+02  2.50227E+05 -1.28407E+02
    3.6941E+01  2.50227E+05 -1.28407E+02  2.50227E+05 -1.28407E+02  2.50227E+05 -1.28407E+02
    3.6994E+01  2.50227E+05 -1.28407E+02  2.50227E+05 -1.28407E+02  2.50227E+05 -1.28407E+02
    3.7048E+01  2.50227E+05 -1.28407E+02  2.50227E+05 -1.28407E+02  2.50227E+05 -1.28407E+02
    3.7101E+01  2.50227E+05 -1.28407E+02  2.50227E+05 -1.28407E+02  2.50227E+05 -1.28407E+02
    3.7155E+01  2.50227E+05 -1.28407E+02  2.50227E+05 -1.28407E+02  2.50227E+05 -1.28407E+02
    3.7208E+01  2.50227E+05 -1.28407E+02  2.50227E+05 -1.28407E+02  2.50227E+05 -1.28407E+02
    3.7262E+01  2.50227E+05 -1.28407E+02  2.50227E+05 -1.28407E+02  2.50227E+05 -1.28407E+02
    3.7315E+01  2.50227E+05 -1.28407E+02  2.50227E+05 -1.28407E+02  2.50227E+05 -1.28407E+02
    3.7369E+01  2.57258E+05 -1.33138E+02  2.57258E+05 -1.33138E+02  2.57258E+05 -1.33138E+02
    3.7422E+01  2.57258E+05 -1.33138E+02  2.57258E+05 -1.33138E+02  2.57258E+05 -1.33138E+02
    3.7475E+01  2.57258E+05 -1.33138E+02  2.57258E+05 -1.33138E+02  2.57258E+05 -1.33138E+02
    3.7529E+01  2.57258E+05 -1.33138E+02  2.57258E+05 -1.33138E+02  2.57258E+05 -1.33138E+02
    3.7582E+01  2.57258E+05 -1.33138E+02  2.57258E+05 -1.33138E+02  2.57258E+05 -1.33138E+02
    3.7636E+01  2.57258E+05 -1.33138E+02  2.57258E+05 -1.33138E+02  2.57258E+05 -1.33138E+02
    3.7689E+01  2.57258E+05 -1.33138E+02  2.57258E+05 -1.33138E+02  2.57258E+05 -1.33138E+02
    3.7743E+01  2.57258E+05 -1.33138E+02  2.57258E+05 -1.33138E+02  2.57258E+05 -1.33138E+02
    3.7796E+01  2.57258E+05 -1.33138E+02  2.57258E+05 -1.33138E+02  2.57258E+05 -1.33138E+02
    3.7850E+01  2.57258E+05 -1.33138E+02  2.57258E+05 -1.33138E+02  2.57258E+05 -1.33138E+02
    3.7903E+01  2.57258E+05 -1.33138E+02  2.57258E+05 -1.33138E+02  2.57258E+05 -1.33138E+02
    3.7957E+01  2.57258E+05 -1.33138E+02  2.57258E+05 -1.33138E+02  2.57258E+05 -1.33138E+02
    3.8010E+01  2.57258E+05 -1.33138E+02  2.57258E+05 -1.33138E+02  2.57258E+05 -1.33138E+02
    3.8064E+01  2.57258E+05 -1.33138E+02  2.57258E+05 -1.33138E+02  2.57258E+05 -1.33138E+02
    3.8117E+01  2.57258E+05 -1.33138E+02  2.57258E+05 -1.33138E+02  2.57258E+05 -1.33138E+02
    3.8170E+01  2.57258E+05 -1.33138E+02  2.57258E+05 -1.33138E+02  2.57258E+05 -1.33138E+02
    3.8224E+01  2.57258E+05 -1.33138E+02  2.57258E+05 -1.33138E+02  2.57258E+05 -1.33138E+02
    3.8277E+01  2.57258E+05 -1.33138E+02  2.57258E+05 -1.33138E+02  2.57258E+05 -1.33138E+02
    3.8331E+01  2.57258E+05 -1.33138E+02  2.57258E+05 -1.33138E+02  2.57258E+05 -1.33138E+02
    3.8384E+01  2.57258E+05 -1.33138E+02  2.57258E+05 -1.33138E+02  2.57258E+05 -1.33138E+02
    3.8438E+01  2.57258E+05 -1.33138E+02  2.57258E+05 -1.33138E+02  2.57258E+05 -1.33138E+02
    3.8491E+01  2.57258E+05 -1.33138E+02  2.57258E+05 -1.33138E+02  2.57258E+05 -1.33138E+02
    3.8545E+01  2.57258E+05 -1.33138E+02  2.57258E+05 -1.33138E+02  2.57258E+05 -1.33138E+02
    3.8598E+01  2.57258E+05 -1.33138E+02  2.57258E+05 -1.33138E+02  2.57258E+05 -1.33138E+02
    3.8652E+01  2.57258E+05 -1.33138E+02  2.57258E+05 -1.33138E+02  2.57258E+05 -1.33138E+02
    3.8705E+01  2.57258E+05 -1.33138E+02  2.57258E+05 -1.33138E+02  2.57258E+05 -1.33138E+02
    3.8759E+01  2.57258E+05 -1.33138E+02  2.57258E+05 -1.33138E+02  2.57258E+05 -1.33138E+02
    3.8812E+01  2.57258E+05 -1.33138E+02  2.57258E+05 -1.33138E+02  2.57258E+05 -1.33138E+02
    3.8865E+01  2.57258E+05 -1.33138E+02  2.57258E+05 -1.33138E+02  2.57258E+05 -1.33138E+02
    3.8919E+01  2.57258E+05 -1.33138E+02  2.57258E+05 -1.33138E+02  2.57258E+05 -1.33138E+02
    3.8972E+01  2.57258E+05 -1.33138E+02  2.57258E+05 -1.33138E+02  2.57258E+05 -1.33138E+02
    3.9026E+01  2.57258E+05 -1.33138E+02  2.57258E+05 -1.33138E+02  2.57258E+05 -1.33138E+02
    3.9079E+01  2.57258E+05 -1.33138E+02  2.57258E+05 -1.33138E+02  2.57258E+05 -1.33138E+02
    3.9133E+01  2.57258E+05 -1.33138E+02  2.57258E+05 -1.33138E+02  2.57258E+05 -1.33138E+02
    3.9186E+01  2.57258E+05 -1.33138E+02  2.57258E+05 -1.33138E+02  2.57258E+05 -1.33138E+02
    3.9240E+01  2.57258E+05 -1.33138E+02  2.57258E+05 -1.33138E+02  2.57258E+05 -1.33138E+02
    3.9293E+01  2.57258E+05 -1.33138E+02  2.57258E+05 -1.33138E+02  2.57258E+05 -1.33138E+02
    3.9347E+01  2.57258E+05 -1.33138E+02  2.57258E+05 -1.33138E+02  2.57258E+05 -1.33138E+02
    3.9400E+01  2.66290E+05 -1.41222E+02  2.66290E+05 -1.41222E+02  2.66290E+05 -1.41222E+02
    3.9454E+01  2.66290E+05 -1.41222E+02  2.66290E+05 -1.41222E+02  2.66290E+05 -1.41222E+02
    3.9507E+01  2.66290E+05 -1.41222E+02  2.66290E+05 -1.41222E+02  2.66290E+05 -1.41222E+02
    3.9560E+01  2.66290E+05 -1.41222E+02  2.66290E+05 -1.41222E+02  2.66290E+05 -1.41222E+02
    3.9614E+01  2.66290E+05 -1.41222E+02  2.66290E+05 -1.41222E+02  2.66290E+05 -1.41222E+02
    3.9667E+01  2.66290E+05 -1.41222E+02  2.66290E+05 -1.41222E+02  2.66290E+05 -1.41222E+02
    3.9721E+01  2.66290E+05 -1.41222E+02  2.66290E+05 -1.41222E+02  2.66290E+05 -1.41222E+02
    3.9774E+01  2.66290E+05 -1.41222E+02  2.66290E+05 -1.41222E+02  2.66290E+05 -1.41222E+02
    3.9828E+01  2.66290E+05 -1.41222E+02  2.66290E+05 -1.41222E+02  2.66290E+05 -1.41222E+02
    3.9881E+01  2.66290E+05 -1.41222E+02  2.66290E+05 -1.41222E+02  2.66290E+05 -1.41222E+02
    3.9935E+01  2.66290E+05 -1.41222E+02  2.66290E+05 -1.41222E+02  2.66290E+05 -1.41222E+02
    3.9988E+01  2.66290E+05 -1.41222E+02  2.66290E+05 -1.41222E+02  2.66290E+05 -1.41222E+02
    4.0042E+01  2.79691E+05 -1.46431E+02  2.79691E+05 -1.46431E+02  2.79691E+05 -1.46431E+02
    4.0095E+01  2.79691E+05 -1.46431E+02  2.79691E+05 -1.46431E+02  2.79691E+05 -1.46431E+02
    4.0148E+01  2.79691E+05 -1.46431E+02  2.79691E+05 -1.46431E+02  2.79691E+05 -1.46431E+02
    4.0202E+01  2.79691E+05 -1.46431E+02  2.79691E+05 -1.46431E+02  2.79691E+05 -1.46431E+02
    4.0255E+01  2.79691E+05 -1.46431E+02  2.79691E+05 -1.46431E+02  2.79691E+05 -1.46431E+02
    4.0309E+01  2.79691E+05 -1.46431E+02  2.79691E+05 -1.46431E+02  2.79691E+05 -1.46431E+02
    4.0362E+01  2.79691E+05 -1.46431E+02  2.79691E+05 -1.46431E+02  2.79691E+05 -1.46431E+02
    4.0416E+01  2.79691E+05 -1.46431E+02  2.79691E+05 -1.46431E+02  2.79691E+05 -1.46431E+02
    4.0469E+01  2.79691E+05 -1.46431E+02  2.79691E+05 -1.46431E+02  2.79691E+05 -1.46431E+02
    4.0523E+01  2.79691E+05 -1.46431E+02  2.79691E+05 -1.46431E+02  2.79691E+05 -1.46431E+02
    4.0576E+01  2.79691E+05 -1.46431E+02  2.79691E+05 -1.46431E+02  2.79691E+05 -1.46431E+02
    4.0630E+01  2.79691E+05 -1.46431E+02  2.79691E+05 -1.46431E+02  2.79691E+05 -1.46431E+02
    4.0683E+01  2.79691E+05 -1.46431E+02  2.79691E+05 -1.46431E+02  2.79691E+05 -1.46431E+02
    4.0737E+01  2.79691E+05 -1.46431E+02  2.79691E+05 -1.46431E+02  2.79691E+05 -1.46431E+02
    4.0790E+01  2.79691E+05 -1.46431E+02  2.79691E+05 -1.46431E+02  2.79691E+05 -1.46431E+02
    4.0843E+01  2.79691E+05 -1.46431E+02  2.79691E+05 -1.46431E+02  2.79691E+05 -1.46431E+02
    4.0897E+01  2.79691E+05 -1.46431E+02  2.79691E+05 -1.46431E+02  2.79691E+05 -1.46431E+02
    4.0950E+01  2.79691E+05 -1.46431E+02  2.79691E+05 -1.46431E+02  2.79691E+05 -1.46431E+02
    4.1004E+01  2.79691E+05 -1.46431E+02  2.79691E+05 -1.46431E+02  2.79691E+05 -1.46431E+02
    4.1057E+01  2.79691E+05 -1.46431E+02  2.79691E+05 -1.46431E+02  2.79691E+05 -1.46431E+02
    4.1111E+01  2.79691E+05 -1.46431E+02  2.79691E+05 -1.46431E+02  2.79691E+05 -1.46431E+02
    4.1164E+01  2.92982E+05 -1.53173E+02  2.92982E+05 -1.53173E+02  2.92982E+05 -1.53173E+02
    4.1218E+01  2.92982E+05 -1.53173E+02  2.92982E+05 -1.53173E+02  2.92982E+05 -1.53173E+02
    4.1271E+01  2.92982E+05 -1.53173E+02  2.92982E+05 -1.53173E+02  2.92982E+05 -1.53173E+02
    4.1325E+01  2.92982E+05 -1.53173E+02  2.92982E+05 -1.53173E+02  2.92982E+05 -1.53173E+02
    4.1378E+01  2.92982E+05 -1.53173E+02  2.92982E+05 -1.53173E+02  2.92982E+05 -1.53173E+02
    4.1432E+01  2.92982E+05 -1.53173E+02  2.92982E+05 -1.53173E+02  2.92982E+05 -1.53173E+02
    4.1485E+01  2.92982E+05 -1.53173E+02  2.92982E+05 -1.53173E+02  2.92982E+05 -1.53173E+02
    4.1538E+01  2.92982E+05 -1.53173E+02  2.92982E+05 -1.53173E+02  2.92982E+05 -1.53173E+02
    4.1592E+01  2.92982E+05 -1.53173E+02  2.92982E+05 -1.53173E+02  2.92982E+05 -1.53173E+02
    4.1645E+01  2.92982E+05 -1.53173E+02  2.92982E+05 -1.53173E+02  2.92982E+05 -1.53173E+02
    4.1699E+01  2.92982E+05 -1.53173E+02  2.92982E+05 -1.53173E+02  2.92982E+05 -1.53173E+02
    4.1752E+01  2.92982E+05 -1.53173E+02  2.92982E+05 -1.53173E+02  2.92982E+05 -1.53173E+02
    4.1806E+01  2.92982E+05 -1.53173E+02  2.92982E+05 -1.53173E+02  2.92982E+05 -1.53173E+02
    4.1859E+01  2.92982E+05 -1.53173E+02  2.92982E+05 -1.53173E+02  2.92982E+05 -1.53173E+02
    4.1913E+01  2.92982E+05 -1.53173E+02  2.92982E+05 -1.53173E+02  2.92982E+05 -1.53173E+02
    4.1966E+01  2.92982E+05 -1.53173E+02  2.92982E+05 -1.53173E+02  2.92982E+05 -1.53173E+02
    4.2020E+01  2.92982E+05 -1.53173E+02  2.92982E+05 -1.53173E+02  2.92982E+05 -1.53173E+02
    4.2073E+01  2.92982E+05 -1.53173E+02  2.92982E+05 -1.53173E+02  2.92982E+05 -1.53173E+02
    4.2127E+01  2.92982E+05 -1.53173E+02  2.92982E+05 -1.53173E+02  2.92982E+05 -1.53173E+02
    4.2180E+01  2.92982E+05 -1.53173E+02  2.92982E+05 -1.53173E+02  2.92982E+05 -1.53173E+02
    4.2233E+01  2.92982E+05 -1.53173E+02  2.92982E+05 -1.53173E+02  2.92982E+05 -1.53173E+02
    4.2287E+01  2.92982E+05 -1.53173E+02  2.92982E+05 -1.53173E+02  2.92982E+05 -1.53173E+02
    4.2340E+01  2.92982E+05 -1.53173E+02  2.92982E+05 -1.53173E+02  2.92982E+05 -1.53173E+02
    4.2394E+01  2.92982E+05 -1.53173E+02  2.92982E+05 -1.53173E+02  2.92982E+05 -1.53173E+02
    4.2447E+01  2.92982E+05 -1.53173E+02  2.92982E+05 -1.53173E+02  2.92982E+05 -1.53173E+02
    4.2501E+01  2.92982E+05 -1.53173E+02  2.92982E+05 -1.53173E+02  2.92982E+05 -1.53173E+02
    4.2554E+01  2.92982E+05 -1.53173E+02  2.92982E+05 -1.53173E+02  2.92982E+05 -1.53173E+02
    4.2608E+01  2.92982E+05 -1.53173E+02  2.92982E+05 -1.53173E+02  2.92982E+05 -1.53173E+02
    4.2661E+01  2.92982E+05 -1.53173E+02  2.92982E+05 -1.53173E+02  2.92982E+05 -1.53173E+02
    4.2715E+01  2.92982E+05 -1.53173E+02  2.92982E+05 -1.53173E+02  2.92982E+05 -1.53173E+02
    4.2768E+01  2.92982E+05 -1.53173E+02  2.92982E+05 -1.53173E+02  2.92982E+05 -1.53173E+02
    4.2821E+01  2.92982E+05 -1.53173E+02  2.92982E+05 -1.53173E+02  2.92982E+05 -1.53173E+02
    4.2875E+01  2.92982E+05 -1.53173E+02  2.92982E+05 -1.53173E+02  2.92982E+05 -1.53173E+02
    4.2928E+01  2.92982E+05 -1.53173E+02  2.92982E+05 -1.53173E+02  2.92982E+05 -1.53173E+02
    4.2982E+01  2.92982E+05 -1.53173E+02  2.92982E+05 -1.53173E+02  2.92982E+05 -1.53173E+02
    4.3035E+01  2.92982E+05 -1.53173E+02  2.92982E+05 -1.53173E+02  2.92982E+05 -1.53173E+02
    4.3089E+01  2.92982E+05 -1.53173E+02  2.92982E+05 -1.53173E+02  2.92982E+05 -1.53173E+02
    4.3142E+01  2.92982E+05 -1.53173E+02  2.92982E+05 -1.53173E+02  2.92982E+05 -1.53173E+02
    4.3196E+01  2.92982E+05 -1.53173E+02  2.92982E+05 -1.53173E+02  2.92982E+05 -1.53173E+02
    4.3249E+01  2.92982E+05 -1.53173E+02  2.92982E+05 -1.53173E+02  2.92982E+05 -1.53173E+02
    4.3303E+01  2.92982E+05 -1.53173E+02  2.92982E+05 -1.53173E+02  2.92982E+05 -1.53173E+02
    4.3356E+01  2.92982E+05 -1.53173E+02  2.92982E+05 -1.53173E+02  2.92982E+05 -1.53173E+02
    4.3410E+01  2.92982E+05 -1.53173E+02  2.92982E+05 -1.53173E+02  2.92982E+05 -1.53173E+02
    4.3463E+01  2.92982E+05 -1.53173E+02  2.92982E+05 -1.53173E+02  2.92982E+05 -1.53173E+02
    4.3516E+01  2.92982E+05 -1.53173E+02  2.92982E+05 -1.53173E+02  2.92982E+05 -1.53173E+02
    4.3570E+01  2.92982E+05 -1.53173E+02  2.92982E+05 -1.53173E+02  2.92982E+05 -1.53173E+02
    4.3623E+01  2.92982E+05 -1.53173E+02  2.92982E+05 -1.53173E+02  2.92982E+05 -1.53173E+02
    4.3677E+01  2.92982E+05 -1.53173E+02  2.92982E+05 -1.53173E+02  2.92982E+05 -1.53173E+02
    4.3730E+01  2.92982E+05 -1.53173E+02  2.92982E+05 -1.53173E+02  2.92982E+05 -1.53173E+02
    4.3784E+01  2.92982E+05 -1.53173E+02  2.92982E+05 -1.53173E+02  2.92982E+05 -1.53173E+02
    4.3837E+01  2.92982E+05 -1.53173E+02  2.92982E+05 -1.53173E+02  2.92982E+05 -1.53173E+02
    4.3891E+01  2.92982E+05 -1.53173E+02  2.92982E+05 -1.53173E+02  2.92982E+05 -1.53173E+02
    4.3944E+01  2.92982E+05 -1.53173E+02  2.92982E+05 -1.53173E+02  2.92982E+05 -1.53173E+02
    4.3998E+01  2.92982E+05 -1.53173E+02  2.92982E+05 -1.53173E+02  2.92982E+05 -1.53173E+02
    4.4051E+01  2.92982E+05 -1.53173E+02  2.92982E+05 -1.53173E+02  2.92982E+05 -1.53173E+02
    4.4105E+01  2.92982E+05 -1.53173E+02  2.92982E+05 -1.53173E+02  2.92982E+05 -1.53173E+02
    4.4158E+01  2.92982E+05 -1.53173E+02  2.92982E+05 -1.53173E+02  2.92982E+05 -1.53173E+02
    4.4211E+01  2.92982E+05 -1.53173E+02  2.92982E+05 -1.53173E+02  2.92982E+05 -1.53173E+02
    4.4265E+01  2.92982E+05 -1.53173E+02  2.92982E+05 -1.53173E+02  2.92982E+05 -1.53173E+02
    4.4318E+01  2.92982E+05 -1.53173E+02  2.92982E+05 -1.53173E+02  2.92982E+05 -1.53173E+02
    4.4372E+01  2.92982E+05 -1.53173E+02  2.92982E+05 -1.53173E+02  2.92982E+05 -1.53173E+02
    4.4425E+01  2.92982E+05 -1.53173E+02  2.92982E+05 -1.53173E+02  2.92982E+05 -1.53173E+02
    4.4479E+01  2.92982E+05 -1.53173E+02  2.92982E+05 -1.53173E+02  2.92982E+05 -1.53173E+02
    4.4532E+01  2.92982E+05 -1.53173E+02  2.92982E+05 -1.53173E+02  2.92982E+05 -1.53173E+02
    4.4586E+01  2.92982E+05 -1.53173E+02  2.92982E+05 -1.53173E+02  2.92982E+05 -1.53173E+02
    4.4639E+01  2.92982E+05 -1.53173E+02  2.92982E+05 -1.53173E+02  2.92982E+05 -1.53173E+02
    4.4693E+01  2.92982E+05 -1.53173E+02  2.92982E+05 -1.53173E+02  2.92982E+05 -1.53173E+02
    4.4746E+01  2.92982E+05 -1.53173E+02  2.92982E+05 -1.53173E+02  2.92982E+05 -1.53173E+02
    4.4800E+01  2.92982E+05 -1.53173E+02  2.92982E+05 -1.53173E+02  2.92982E+05 -1.53173E+02
    4.4853E+01  2.92982E+05 -1.53173E+02  2.92982E+05 -1.53173E+02  2.92982E+05 -1.53173E+02
    4.4906E+01  2.92982E+05 -1.53173E+02  2.92982E+05 -1.53173E+02  2.92982E+05 -1.53173E+02
    4.4960E+01  2.92982E+05 -1.53173E+02  2.92982E+05 -1.53173E+02  2.92982E+05 -1.53173E+02
    4.5013E+01  2.92982E+05 -1.53173E+02  2.92982E+05 -1.53173E+02  2.92982E+05 -1.53173E+02
    4.5067E+01  2.92982E+05 -1.53173E+02  2.92982E+05 -1.53173E+02  2.92982E+05 -1.53173E+02
    4.5120E+01  2.92982E+05 -1.53173E+02  2.92982E+05 -1.53173E+02  2.92982E+05 -1.53173E+02
    4.5174E+01  2.92982E+05 -1.53173E+02  2.92982E+05 -1.53173E+02  2.92982E+05 -1.53173E+02
    4.5227E+01  2.92982E+05 -1.53173E+02  2.92982E+05 -1.53173E+02  2.92982E+05 -1.53173E+02
    4.5281E+01  2.92982E+05 -1.53173E+02  2.92982E+05 -1.53173E+02  2.92982E+05 -1.53173E+02
    4.5334E+01  2.92982E+05 -1.53173E+02  2.92982E+05 -1.53173E+02  2.92982E+05 -1.53173E+02
    4.5388E+01  2.92982E+05 -1.53173E+02  2.92982E+05 -1.53173E+02  2.92982E+05 -1.53173E+02
    4.5441E+01  2.92982E+05 -1.53173E+02  2.92982E+05 -1.53173E+02  2.92982E+05 -1.53173E+02
    4.5494E+01  2.92982E+05 -1.53173E+02  2.92982E+05 -1.53173E+02  2.92982E+05 -1.53173E+02
    4.5548E+01  2.92982E+05 -1.53173E+02  2.92982E+05 -1.53173E+02  2.92982E+05 -1.53173E+02
    4.5601E+01  2.92982E+05 -1.53173E+02  2.92982E+05 -1.53173E+02  2.92982E+05 -1.53173E+02
    4.5655E+01  2.92982E+05 -1.53173E+02  2.92982E+05 -1.53173E+02  2.92982E+05 -1.53173E+02
    4.5708E+01  2.92982E+05 -1.53173E+02  2.92982E+05 -1.53173E+02  2.92982E+05 -1.53173E+02
    4.5762E+01  2.92982E+05 -1.53173E+02  2.92982E+05 -1.53173E+02  2.92982E+05 -1.53173E+02
    4.5815E+01  2.92982E+05 -1.53173E+02  2.92982E+05 -1.53173E+02  2.92982E+05 -1.53173E+02
    4.5869E+01  2.92982E+05 -1.53173E+02  2.92982E+05 -1.53173E+02  2.92982E+05 -1.53173E+02
    4.5922E+01  2.92982E+05 -1.53173E+02  2.92982E+05 -1.53173E+02  2.92982E+05 -1.53173E+02
    4.5976E+01  2.92982E+05 -1.53173E+02  2.92982E+05 -1.53173E+02  2.92982E+05 -1.53173E+02
    4.6029E+01  2.92982E+05 -1.53173E+02  2.92982E+05 -1.53173E+02  2.92982E+05 -1.53173E+02
    4.6083E+01  2.92982E+05 -1.53173E+02  2.92982E+05 -1.53173E+02  2.92982E+05 -1.53173E+02
    4.6136E+01  2.92982E+05 -1.53173E+02  2.92982E+05 -1.53173E+02  2.92982E+05 -1.53173E+02
    4.6189E+01  2.92982E+05 -1.53173E+02  2.92982E+05 -1.53173E+02  2.92982E+05 -1.53173E+02
    4.6243E+01  2.92982E+05 -1.53173E+02  2.92982E+05 -1.53173E+02  2.92982E+05 -1.53173E+02
    4.6296E+01  2.92982E+05 -1.53173E+02  2.92982E+05 -1.53173E+02  2.92982E+05 -1.53173E+02
    4.6350E+01  2.92982E+05 -1.53173E+02  2.92982E+05 -1.53173E+02  2.92982E+05 -1.53173E+02
    4.6403E+01  2.92982E+05 -1.53173E+02  2.92982E+05 -1.53173E+02  2.92982E+05 -1.53173E+02
    4.6457E+01  2.92982E+05 -1.53173E+02  2.92982E+05 -1.53173E+02  2.92982E+05 -1.53173E+02
    4.6510E+01  2.92982E+05 -1.53173E+02  2.92982E+05 -1.53173E+02  2.92982E+05 -1.53173E+02
    4.6564E+01  2.92982E+05 -1.53173E+02  2.92982E+05 -1.53173E+02  2.92982E+05 -1.53173E+02
    4.6617E+01  2.92982E+05 -1.53173E+02  2.92982E+05 -1.53173E+02  2.92982E+05 -1.53173E+02
    4.6671E+01  2.92982E+05 -1.53173E+02  2.92982E+05 -1.53173E+02  2.92982E+05 -1.53173E+02
    4.6724E+01  2.92982E+05 -1.53173E+02  2.92982E+05 -1.53173E+02  2.92982E+05 -1.53173E+02
    4.6778E+01  2.92982E+05 -1.53173E+02  2.92982E+05 -1.53173E+02  2.92982E+05 -1.53173E+02
    4.6831E+01  2.92982E+05 -1.53173E+02  2.92982E+05 -1.53173E+02  2.92982E+05 -1.53173E+02
    4.6884E+01  2.92982E+05 -1.53173E+02  2.92982E+05 -1.53173E+02  2.92982E+05 -1.53173E+02
    4.6938E+01  2.92982E+05 -1.53173E+02  2.92982E+05 -1.53173E+02  2.92982E+05 -1.53173E+02
    4.6991E+01  2.92982E+05 -1.53173E+02  2.92982E+05 -1.53173E+02  2.92982E+05 -1.53173E+02
    4.7045E+01  2.92982E+05 -1.53173E+02  2.92982E+05 -1.53173E+02  2.92982E+05 -1.53173E+02
    4.7098E+01  2.92982E+05 -1.53173E+02  2.92982E+05 -1.53173E+02  2.92982E+05 -1.53173E+02
    4.7152E+01  2.92982E+05 -1.53173E+02  2.92982E+05 -1.53173E+02  2.92982E+05 -1.53173E+02
    4.7205E+01  2.92982E+05 -1.53173E+02  2.92982E+05 -1.53173E+02  2.92982E+05 -1.53173E+02
    4.7259E+01  2.92982E+05 -1.53173E+02  2.92982E+05 -1.53173E+02  2.92982E+05 -1.53173E+02
    4.7312E+01  3.05258E+05 -1.60924E+02  3.05258E+05 -1.60924E+02  3.05258E+05 -1.60924E+02
    4.7366E+01  3.05258E+05 -1.60924E+02  3.05258E+05 -1.60924E+02  3.05258E+05 -1.60924E+02
    4.7419E+01  3.05258E+05 -1.60924E+02  3.05258E+05 -1.60924E+02  3.05258E+05 -1.60924E+02
    4.7473E+01  3.05258E+05 -1.60924E+02  3.05258E+05 -1.60924E+02  3.05258E+05 -1.60924E+02
    4.7526E+01  3.05258E+05 -1.60924E+02  3.05258E+05 -1.60924E+02  3.05258E+05 -1.60924E+02
    4.7579E+01  3.05258E+05 -1.60924E+02  3.05258E+05 -1.60924E+02  3.05258E+05 -1.60924E+02
    4.7633E+01  3.05258E+05 -1.60924E+02  3.05258E+05 -1.60924E+02  3.05258E+05 -1.60924E+02
    4.7686E+01  3.05258E+05 -1.60924E+02  3.05258E+05 -1.60924E+02  3.05258E+05 -1.60924E+02
    4.7740E+01  3.05258E+05 -1.60924E+02  3.05258E+05 -1.60924E+02  3.05258E+05 -1.60924E+02
    4.7793E+01  3.05258E+05 -1.60924E+02  3.05258E+05 -1.60924E+02  3.05258E+05 -1.60924E+02
    4.7847E+01  3.05258E+05 -1.60924E+02  3.05258E+05 -1.60924E+02  3.05258E+05 -1.60924E+02
    4.7900E+01  3.05258E+05 -1.60924E+02  3.05258E+05 -1.60924E+02  3.05258E+05 -1.60924E+02
    4.7954E+01  3.05258E+05 -1.60924E+02  3.05258E+05 -1.60924E+02  3.05258E+05 -1.60924E+02
    4.8007E+01  3.05258E+05 -1.60924E+02  3.05258E+05 -1.60924E+02  3.05258E+05 -1.60924E+02
    4.8061E+01  3.05258E+05 -1.60924E+02  3.05258E+05 -1.60924E+02  3.05258E+05 -1.60924E+02
    4.8114E+01  3.05258E+05 -1.60924E+02  3.05258E+05 -1.60924E+02  3.05258E+05 -1.60924E+02
    4.8167E+01  3.05258E+05 -1.60924E+02  3.05258E+05 -1.60924E+02  3.05258E+05 -1.60924E+02
    4.8221E+01  3.05258E+05 -1.60924E+02  3.05258E+05 -1.60924E+02  3.05258E+05 -1.60924E+02
    4.8274E+01  3.05258E+05 -1.60924E+02  3.05258E+05 -1.60924E+02  3.05258E+05 -1.60924E+02
    4.8328E+01  3.05258E+05 -1.60924E+02  3.05258E+05 -1.60924E+02  3.05258E+05 -1.60924E+02
    4.8381E+01  3.05258E+05 -1.60924E+02  3.05258E+05 -1.60924E+02  3.05258E+05 -1.60924E+02
    4.8435E+01  3.05258E+05 -1.60924E+02  3.05258E+05 -1.60924E+02  3.05258E+05 -1.60924E+02
    4.8488E+01  3.05258E+05 -1.60924E+02  3.05258E+05 -1.60924E+02  3.05258E+05 -1.60924E+02
    4.8542E+01  3.05258E+05 -1.60924E+02  3.05258E+05 -1.60924E+02  3.05258E+05 -1.60924E+02
    4.8595E+01  3.05258E+05 -1.60924E+02  3.05258E+05 -1.60924E+02  3.05258E+05 -1.60924E+02
    4.8649E+01  3.05258E+05 -1.60924E+02  3.05258E+05 -1.60924E+02  3.05258E+05 -1.60924E+02
    4.8702E+01  3.05258E+05 -1.60924E+02  3.05258E+05 -1.60924E+02  3.05258E+05 -1.60924E+02
    4.8756E+01  3.05258E+05 -1.60924E+02  3.05258E+05 -1.60924E+02  3.05258E+05 -1.60924E+02
    4.8809E+01  3.05258E+05 -1.60924E+02  3.05258E+05 -1.60924E+02  3.05258E+05 -1.60924E+02
    4.8862E+01  3.05258E+05 -1.60924E+02  3.05258E+05 -1.60924E+02  3.05258E+05 -1.60924E+02
    4.8916E+01  3.05258E+05 -1.60924E+02  3.05258E+05 -1.60924E+02  3.05258E+05 -1.60924E+02
    4.8969E+01  3.05258E+05 -1.60924E+02  3.05258E+05 -1.60924E+02  3.05258E+05 -1.60924E+02
    4.9023E+01  3.05258E+05 -1.60924E+02  3.05258E+05 -1.60924E+02  3.05258E+05 -1.60924E+02
    4.9076E+01  3.05258E+05 -1.60924E+02  3.05258E+05 -1.60924E+02  3.05258E+05 -1.60924E+02
    4.9130E+01  3.05258E+05 -1.60924E+02  3.05258E+05 -1.60924E+02  3.05258E+05 -1.60924E+02
    4.9183E+01  3.05258E+05 -1.60924E+02  3.05258E+05 -1.60924E+02  3.05258E+05 -1.60924E+02
    4.9237E+01  3.05258E+05 -1.60924E+02  3.05258E+05 -1.60924E+02  3.05258E+05 -1.60924E+02
    4.9290E+01  3.05258E+05 -1.60924E+02  3.05258E+05 -1.60924E+02  3.05258E+05 -1.60924E+02
    4.9344E+01  3.05258E+05 -1.60924E+02  3.05258E+05 -1.60924E+02  3.05258E+05 -1.60924E+02
    4.9397E+01  3.05258E+05 -1.60924E+02  3.05258E+05 -1.60924E+02  3.05258E+05 -1.60924E+02
    4.9451E+01  3.05258E+05 -1.60924E+02  3.05258E+05 -1.60924E+02  3.05258E+05 -1.60924E+02
    4.9504E+01  3.05258E+05 -1.60924E+02  3.05258E+05 -1.60924E+02  3.05258E+05 -1.60924E+02
    4.9557E+01  3.05258E+05 -1.60924E+02  3.05258E+05 -1.60924E+02  3.05258E+05 -1.60924E+02
    4.9611E+01  3.05258E+05 -1.60924E+02  3.05258E+05 -1.60924E+02  3.05258E+05 -1.60924E+02
    4.9664E+01  3.05258E+05 -1.60924E+02  3.05258E+05 -1.60924E+02  3.05258E+05 -1.60924E+02
    4.9718E+01  3.05258E+05 -1.60924E+02  3.05258E+05 -1.60924E+02  3.05258E+05 -1.60924E+02
    4.9771E+01  3.05258E+05 -1.60924E+02  3.05258E+05 -1.60924E+02  3.05258E+05 -1.60924E+02
    4.9825E+01  3.05258E+05 -1.60924E+02  3.05258E+05 -1.60924E+02  3.05258E+05 -1.60924E+02
    4.9878E+01  3.05258E+05 -1.60924E+02  3.05258E+05 -1.60924E+02  3.05258E+05 -1.60924E+02
    4.9932E+01  3.05258E+05 -1.60924E+02  3.05258E+05 -1.60924E+02  3.05258E+05 -1.60924E+02
    4.9985E+01  3.05258E+05 -1.60924E+02  3.05258E+05 -1.60924E+02  3.05258E+05 -1.60924E+02
    5.0039E+01  3.05258E+05 -1.60924E+02  3.05258E+05 -1.60924E+02  3.05258E+05 -1.60924E+02
    5.0092E+01  3.05258E+05 -1.60924E+02  3.05258E+05 -1.60924E+02  3.05258E+05 -1.60924E+02
    5.0146E+01  3.05258E+05 -1.60924E+02  3.05258E+05 -1.60924E+02  3.05258E+05 -1.60924E+02
    5.0199E+01  3.05258E+05 -1.60924E+02  3.05258E+05 -1.60924E+02  3.05258E+05 -1.60924E+02
    5.0252E+01  3.05258E+05 -1.60924E+02  3.05258E+05 -1.60924E+02  3.05258E+05 -1.60924E+02
    5.0306E+01  3.05258E+05 -1.60924E+02  3.05258E+05 -1.60924E+02  3.05258E+05 -1.60924E+02
    5.0359E+01  3.05258E+05 -1.60924E+02  3.05258E+05 -1.60924E+02  3.05258E+05 -1.60924E+02
    5.0413E+01  3.05258E+05 -1.60924E+02  3.05258E+05 -1.60924E+02  3.05258E+05 -1.60924E+02
    5.0466E+01  3.05258E+05 -1.60924E+02  3.05258E+05 -1.60924E+02  3.05258E+05 -1.60924E+02
    5.0520E+01  3.05258E+05 -1.60924E+02  3.05258E+05 -1.60924E+02  3.05258E+05 -1.60924E+02
    5.0573E+01  3.05258E+05 -1.60924E+02  3.05258E+05 -1.60924E+02  3.05258E+05 -1.60924E+02
    5.0627E+01  3.05258E+05 -1.60924E+02  3.05258E+05 -1.60924E+02  3.05258E+05 -1.60924E+02
    5.0680E+01  3.05258E+05 -1.60924E+02  3.05258E+05 -1.60924E+02  3.05258E+05 -1.60924E+02
    5.0734E+01  3.05258E+05 -1.60924E+02  3.05258E+05 -1.60924E+02  3.05258E+05 -1.60924E+02
    5.0787E+01  3.05258E+05 -1.60924E+02  3.05258E+05 -1.60924E+02  3.05258E+05 -1.60924E+02
    5.0841E+01  3.05258E+05 -1.60924E+02  3.05258E+05 -1.60924E+02  3.05258E+05 -1.60924E+02
    5.0894E+01  3.05258E+05 -1.60924E+02  3.05258E+05 -1.60924E+02  3.05258E+05 -1.60924E+02
    5.0947E+01  3.05258E+05 -1.60924E+02  3.05258E+05 -1.60924E+02  3.05258E+05 -1.60924E+02
    5.1001E+01  3.05258E+05 -1.60924E+02  3.05258E+05 -1.60924E+02  3.05258E+05 -1.60924E+02
    5.1054E+01  3.05258E+05 -1.60924E+02  3.05258E+05 -1.60924E+02  3.05258E+05 -1.60924E+02
    5.1108E+01  3.05258E+05 -1.60924E+02  3.05258E+05 -1.60924E+02  3.05258E+05 -1.60924E+02
    5.1161E+01  3.05258E+05 -1.60924E+02  3.05258E+05 -1.60924E+02  3.05258E+05 -1.60924E+02
    5.1215E+01  3.05258E+05 -1.60924E+02  3.05258E+05 -1.60924E+02  3.05258E+05 -1.60924E+02
    5.1268E+01  3.05258E+05 -1.60924E+02  3.05258E+05 -1.60924E+02  3.05258E+05 -1.60924E+02
    5.1322E+01  3.05258E+05 -1.60924E+02  3.05258E+05 -1.60924E+02  3.05258E+05 -1.60924E+02
    5.1375E+01  3.05258E+05 -1.60924E+02  3.05258E+05 -1.60924E+02  3.05258E+05 -1.60924E+02
    5.1429E+01  3.05258E+05 -1.60924E+02  3.05258E+05 -1.60924E+02  3.05258E+05 -1.60924E+02
    5.1482E+01  3.05258E+05 -1.60924E+02  3.05258E+05 -1.60924E+02  3.05258E+05 -1.60924E+02
    5.1535E+01  3.05258E+05 -1.60924E+02  3.05258E+05 -1.60924E+02  3.05258E+05 -1.60924E+02
    5.1589E+01  3.05258E+05 -1.60924E+02  3.05258E+05 -1.60924E+02  3.05258E+05 -1.60924E+02
    5.1642E+01  3.05258E+05 -1.60924E+02  3.05258E+05 -1.60924E+02  3.05258E+05 -1.60924E+02
    5.1696E+01  3.05258E+05 -1.60924E+02  3.05258E+05 -1.60924E+02  3.05258E+05 -1.60924E+02
    5.1749E+01  3.05258E+05 -1.60924E+02  3.05258E+05 -1.60924E+02  3.05258E+05 -1.60924E+02
    5.1803E+01  3.05258E+05 -1.60924E+02  3.05258E+05 -1.60924E+02  3.05258E+05 -1.60924E+02
    5.1856E+01  3.05258E+05 -1.60924E+02  3.05258E+05 -1.60924E+02  3.05258E+05 -1.60924E+02
    5.1910E+01  3.05258E+05 -1.60924E+02  3.05258E+05 -1.60924E+02  3.05258E+05 -1.60924E+02
    5.1963E+01  3.05258E+05 -1.60924E+02  3.05258E+05 -1.60924E+02  3.05258E+05 -1.60924E+02
    5.2017E+01  3.05258E+05 -1.60924E+02  3.05258E+05 -1.60924E+02  3.05258E+05 -1.60924E+02
    5.2070E+01  3.05258E+05 -1.60924E+02  3.05258E+05 -1.60924E+02  3.05258E+05 -1.60924E+02
    5.2124E+01  3.05258E+05 -1.60924E+02  3.05258E+05 -1.60924E+02  3.05258E+05 -1.60924E+02
    5.2177E+01  3.05258E+05 -1.60924E+02  3.05258E+05 -1.60924E+02  3.05258E+05 -1.60924E+02
    5.2230E+01  3.05258E+05 -1.60924E+02  3.05258E+05 -1.60924E+02  3.05258E+05 -1.60924E+02
    5.2284E+01  3.05258E+05 -1.60924E+02  3.05258E+05 -1.60924E+02  3.05258E+05 -1.60924E+02
    5.2337E+01  3.05258E+05 -1.60924E+02  3.05258E+05 -1.60924E+02  3.05258E+05 -1.60924E+02
    5.2391E+01  3.05258E+05 -1.60924E+02  3.05258E+05 -1.60924E+02  3.05258E+05 -1.60924E+02
    5.2444E+01  3.05258E+05 -1.60924E+02  3.05258E+05 -1.60924E+02  3.05258E+05 -1.60924E+02
    5.2498E+01  3.05258E+05 -1.60924E+02  3.05258E+05 -1.60924E+02  3.05258E+05 -1.60924E+02
    5.2551E+01  3.05258E+05 -1.60924E+02  3.05258E+05 -1.60924E+02  3.05258E+05 -1.60924E+02
    5.2605E+01  3.05258E+05 -1.60924E+02  3.05258E+05 -1.60924E+02  3.05258E+05 -1.60924E+02
    5.2658E+01  3.05258E+05 -1.60924E+02  3.05258E+05 -1.60924E+02  3.05258E+05 -1.60924E+02
    5.2712E+01  3.05258E+05 -1.60924E+02  3.05258E+05 -1.60924E+02  3.05258E+05 -1.60924E+02
    5.2765E+01  3.05258E+05 -1.60924E+02  3.05258E+05 -1.60924E+02  3.05258E+05 -1.60924E+02
    5.2819E+01  3.05258E+05 -1.60924E+02  3.05258E+05 -1.60924E+02  3.05258E+05 -1.60924E+02
    5.2872E+01  3.05258E+05 -1.60924E+02  3.05258E+05 -1.60924E+02  3.05258E+05 -1.60924E+02
    5.2925E+01  3.05258E+05 -1.60924E+02  3.05258E+05 -1.60924E+02  3.05258E+05 -1.60924E+02
    5.2979E+01  3.05258E+05 -1.60924E+02  3.05258E+05 -1.60924E+02  3.05258E+05 -1.60924E+02
    5.3032E+01  3.05258E+05 -1.60924E+02  3.05258E+05 -1.60924E+02  3.05258E+05 -1.60924E+02
    5.3086E+01  3.05258E+05 -1.60924E+02  3.05258E+05 -1.60924E+02  3.05258E+05 -1.60924E+02
    5.3139E+01  3.05258E+05 -1.60924E+02  3.05258E+05 -1.60924E+02  3.05258E+05 -1.60924E+02
    5.3193E+01  3.05258E+05 -1.60924E+02  3.05258E+05 -1.60924E+02  3.05258E+05 -1.60924E+02
    5.3246E+01  3.05258E+05 -1.60924E+02  3.05258E+05 -1.60924E+02  3.05258E+05 -1.60924E+02
    5.3300E+01  3.05258E+05 -1.60924E+02  3.05258E+05 -1.60924E+02  3.05258E+05 -1.60924E+02
    5.3353E+01  3.05258E+05 -1.60924E+02  3.05258E+05 -1.60924E+02  3.05258E+05 -1.60924E+02
    5.3407E+01  3.31561E+05 -1.67771E+02  3.21722E+05 -1.65210E+02  3.28586E+05 -1.66997E+02
