    0.0000E+00  0.00000E+00  0.00000E+00  0.00000E+00  0.00000E+00
    5.3460E-02  0.00000E+00  0.00000E+00  0.00000E+00  0.00000E+00
    1.0692E-01  0.00000E+00  0.00000E+00  0.00000E+00  0.00000E+00
    1.6038E-01  0.00000E+00  0.00000E+00  0.00000E+00  0.00000E+00
    2.1384E-01  0.00000E+00  0.00000E+00  0.00000E+00  0.00000E+00
    2.6730E-01  0.00000E+00  0.00000E+00  0.00000E+00  0.00000E+00
    3.2076E-01  0.00000E+00  0.00000E+00  0.00000E+00  0.00000E+00
    3.7422E-01  0.00000E+00  0.00000E+00  0.00000E+00  0.00000E+00
    4.2768E-01  0.00000E+00  0.00000E+00  0.00000E+00  0.00000E+00
    4.8114E-01  0.00000E+00  0.00000E+00  0.00000E+00  0.00000E+00
    5.3460E-01  0.00000E+00  0.00000E+00  0.00000E+00  0.00000E+00
    5.8806E-01  0.00000E+00  0.00000E+00  0.00000E+00  0.00000E+00
    6.4152E-01  0.00000E+00  0.00000E+00  0.00000E+00  0.00000E+00
    6.9498E-01  0.00000E+00  0.00000E+00  0.00000E+00  0.00000E+00
    7.4844E-01  0.00000E+00  0.00000E+00  0.00000E+00  0.00000E+00
    8.0190E-01  0.00000E+00  0.00000E+00  0.00000E+00  0.00000E+00
    8.5536E-01  1.23638E-04  1.23638E-04  0.00000E+00  0.00000E+00
    9.0882E-01  1.23638E-04  1.23638E-04  0.00000E+00  0.00000E+00
    9.6228E-01  1.23638E-04  1.23638E-04  0.00000E+00  0.00000E+00
    1.0157E+00  1.23638E-04  1.23638E-04  0.00000E+00  0.00000E+00
    1.0692E+00  1.23638E-04  1.23638E-04  0.00000E+00  0.00000E+00
    1.1227E+00  1.23638E-04  1.23638E-04  0.00000E+00  0.00000E+00
    1.1761E+00  1.23638E-04  1.23638E-04  0.00000E+00  0.00000E+00
    1.2296E+00  1.23638E-04  1.23638E-04  0.00000E+00  0.00000E+00
    1.2830E+00  1.23638E-04  1.23638E-04  0.00000E+00  0.00000E+00
    1.3365E+00  1.23638E-04  1.23638E-04  0.00000E+00  0.00000E+00
    1.3900E+00  1.23638E-04  1.23638E-04  0.00000E+00  0.00000E+00
    1.4434E+00  1.23638E-04  1.23638E-04  0.00000E+00  0.00000E+00
    1.4969E+00  1.23638E-04  1.23638E-04  0.00000E+00  0.00000E+00
    1.5503E+00  1.23638E-04  1.23638E-04  0.00000E+00  0.00000E+00
    1.6038E+00  1.23638E-04  1.23638E-04  0.00000E+00  0.00000E+00
    1.6573E+00  1.23638E-04  1.23638E-04  0.00000E+00  0.00000E+00
    1.7107E+00  1.23638E-04  1.23638E-04  0.00000E+00  0.00000E+00
    1.7642E+00  1.23638E-04  1.23638E-04  0.00000E+00  0.00000E+00
    1.8176E+00  1.23638E-04  1.23638E-04  0.00000E+00  0.00000E+00
    1.8711E+00  1.23638E-04  1.23638E-04  0.00000E+00  0.00000E+00
    1.9246E+00  1.23638E-04  1.23638E-04  0.00000E+00  0.00000E+00
    1.9780E+00  1.23638E-04  1.23638E-04  0.00000E+00  0.00000E+00
    2.0315E+00  1.23638E-04  1.23638E-04  0.00000E+00  0.00000E+00
    2.0849E+00  1.23638E-04  1.23638E-04  0.00000E+00  0.00000E+00
    2.1384E+00  1.23638E-04  1.23638E-04  0.00000E+00  0.00000E+00
    2.1919E+00  1.23638E-04  1.23638E-04  0.00000E+00  0.00000E+00
    2.2453E+00  1.23638E-04  1.23638E-04  0.00000E+00  0.00000E+00
    2.2988E+00  1.23638E-04  1.23638E-04  0.00000E+00  0.00000E+00
    2.3522E+00  1.23638E-04  1.23638E-04  0.00000E+00  0.00000E+00
    2.4057E+00  1.23638E-04  1.23638E-04  0.00000E+00  0.00000E+00
    2.4592E+00  1.23638E-04  1.23638E-04  0.00000E+00  0.00000E+00
    2.5126E+00  1.23638E-04  1.23638E-04  0.00000E+00  0.00000E+00
    2.5661E+00  1.23638E-04  1.23638E-04  0.00000E+00  0.00000E+00
    2.6195E+00  1.23638E-04  1.23638E-04  0.00000E+00  0.00000E+00
    2.6730E+00  1.23638E-04  1.23638E-04  0.00000E+00  0.00000E+00
    2.7265E+00  1.23638E-04  1.23638E-04  0.00000E+00  0.00000E+00
    2.7799E+00  1.23638E-04  1.23638E-04  0.00000E+00  0.00000E+00
    2.8334E+00  1.23638E-04  1.23638E-04  0.00000E+00  0.00000E+00
    2.8868E+00  1.23638E-04  1.23638E-04  0.00000E+00  0.00000E+00
    2.9403E+00  1.23638E-04  1.23638E-04  0.00000E+00  0.00000E+00
    2.9938E+00  1.23638E-04  1.23638E-04  0.00000E+00  0.00000E+00
    3.0472E+00  1.23638E-04  1.23638E-04  0.00000E+00  0.00000E+00
    3.1007E+00  1.23638E-04  1.23638E-04  0.00000E+00  0.00000E+00
    3.1541E+00 -9.81517E-03  1.23638E-04  0.00000E+00  0.00000E+00
    3.2076E+00 -9.81517E-03  1.23638E-04  0.00000E+00  0.00000E+00
    3.2611E+00 -9.81517E-03  1.23638E-04  0.00000E+00  0.00000E+00
    3.3145E+00 -9.81517E-03  1.23638E-04  0.00000E+00  0.00000E+00
    3.3680E+00 -9.81517E-03  1.23638E-04  0.00000E+00  0.00000E+00
    3.4214E+00 -9.81517E-03  1.23638E-04  0.00000E+00  0.00000E+00
    3.4749E+00 -9.81517E-03  1.23638E-04  0.00000E+00  0.00000E+00
    3.5284E+00 -9.81517E-03  1.23638E-04  0.00000E+00  0.00000E+00
    3.5818E+00 -9.81517E-03  1.23638E-04  0.00000E+00  0.00000E+00
    3.6353E+00 -9.81517E-03  1.23638E-04  0.00000E+00  0.00000E+00
    3.6887E+00 -9.81517E-03  1.23638E-04  0.00000E+00  0.00000E+00
    3.7422E+00 -9.81517E-03  1.23638E-04  0.00000E+00  0.00000E+00
    3.7957E+00 -9.81517E-03  1.23638E-04  0.00000E+00  0.00000E+00
    3.8491E+00 -9.81517E-03  1.23638E-04  0.00000E+00  0.00000E+00
    3.9026E+00 -9.81517E-03  1.23638E-04  0.00000E+00  0.00000E+00
    3.9560E+00 -9.81517E-03  1.23638E-04  0.00000E+00  0.00000E+00
    4.0095E+00 -9.81517E-03  1.23638E-04  0.00000E+00  0.00000E+00
    4.0630E+00 -9.81517E-03  1.23638E-04  0.00000E+00  0.00000E+00
    4.1164E+00 -9.81517E-03  1.23638E-04  0.00000E+00  0.00000E+00
    4.1699E+00 -9.81517E-03  1.23638E-04  0.00000E+00  0.00000E+00
    4.2233E+00 -9.81517E-03  1.23638E-04  0.00000E+00  0.00000E+00
    4.2768E+00 -9.81517E-03  1.23638E-04  0.00000E+00  0.00000E+00
    4.3303E+00 -3.13293E-02 -2.13905E-02  0.00000E+00  0.00000E+00
    4.3837E+00 -3.13293E-02 -2.13905E-02  0.00000E+00  0.00000E+00
    4.4372E+00 -3.13293E-02 -2.13905E-02  0.00000E+00  0.00000E+00
    4.4906E+00 -3.13293E-02 -2.13905E-02  0.00000E+00  0.00000E+00
    4.5441E+00 -1.93304E-02 -9.39163E-03  0.00000E+00  0.00000E+00
    4.5976E+00 -1.93304E-02 -9.39163E-03  0.00000E+00  0.00000E+00
    4.6510E+00 -1.93304E-02 -9.39163E-03  0.00000E+00  0.00000E+00
    4.7045E+00 -1.93304E-02 -9.39163E-03  0.00000E+00  0.00000E+00
    4.7579E+00 -1.93304E-02 -9.39163E-03  0.00000E+00  0.00000E+00
    4.8114E+00 -1.93304E-02 -9.39163E-03  0.00000E+00  0.00000E+00
    4.8649E+00 -1.93304E-02 -9.39163E-03  0.00000E+00  0.00000E+00
    4.9183E+00 -1.93304E-02 -9.39163E-03  0.00000E+00  0.00000E+00
    4.9718E+00 -1.93304E-02 -9.39163E-03  0.00000E+00  0.00000E+00
    5.0252E+00 -1.93304E-02 -9.39163E-03  0.00000E+00  0.00000E+00
    5.0787E+00 -3.31245E-02 -9.39163E-03  0.00000E+00  0.00000E+00
    5.1322E+00 -7.44129E-02 -9.39163E-03  0.00000E+00  0.00000E+00
    5.1856E+00 -7.44129E-02 -9.39163E-03  0.00000E+00  0.00000E+00
    5.2391E+00 -7.44129E-02 -9.39163E-03  0.00000E+00  0.00000E+00
    5.2925E+00 -7.44129E-02 -9.39163E-03  0.00000E+00  0.00000E+00
    5.3460E+00 -7.44129E-02 -9.39163E-03  0.00000E+00  0.00000E+00
    5.3995E+00 -7.44129E-02 -9.39163E-03  0.00000E+00  0.00000E+00
    5.4529E+00 -7.44129E-02 -9.39163E-03  0.00000E+00  0.00000E+00
    5.5064E+00 -7.44129E-02 -9.39163E-03  0.00000E+00  0.00000E+00
    5.5598E+00 -7.44129E-02 -9.39163E-03  0.00000E+00  0.00000E+00
    5.6133E+00 -7.44129E-02 -9.39163E-03  0.00000E+00  0.00000E+00
    5.6668E+00 -7.44129E-02 -9.39163E-03  0.00000E+00  0.00000E+00
    5.7202E+00 -7.44129E-02 -9.39163E-03  0.00000E+00  0.00000E+00
    5.7737E+00 -7.44129E-02 -9.39163E-03  0.00000E+00  0.00000E+00
    5.8271E+00 -9.51657E-02 -9.39163E-03  0.00000E+00  0.00000E+00
    5.8806E+00 -1.31767E-01 -9.39163E-03  0.00000E+00  0.00000E+00
    5.9341E+00 -1.37570E-01 -9.39163E-03  0.00000E+00  0.00000E+00
    5.9875E+00 -1.37570E-01 -9.39163E-03  0.00000E+00  0.00000E+00
    6.0410E+00 -1.37570E-01 -9.39163E-03  0.00000E+00  0.00000E+00
    6.0944E+00 -1.53618E-01 -9.39163E-03  0.00000E+00  0.00000E+00
    6.1479E+00 -1.54577E-01 -9.39163E-03  0.00000E+00  0.00000E+00
    6.2014E+00 -1.54577E-01 -9.39163E-03  0.00000E+00  0.00000E+00
    6.2548E+00 -1.56267E-01 -9.39163E-03  0.00000E+00  0.00000E+00
    6.3083E+00 -1.60909E-01 -9.39163E-03  0.00000E+00  0.00000E+00
    6.3617E+00 -1.60909E-01 -9.39163E-03  0.00000E+00  0.00000E+00
    6.4152E+00 -1.82793E-01 -9.39163E-03  0.00000E+00  0.00000E+00
    6.4687E+00 -1.82793E-01 -9.39163E-03  0.00000E+00  0.00000E+00
    6.5221E+00 -1.91476E-01 -9.39163E-03  0.00000E+00  0.00000E+00
    6.5756E+00 -1.92593E-01 -9.39163E-03  0.00000E+00  0.00000E+00
    6.6290E+00 -1.93012E-01 -9.39163E-03  0.00000E+00  0.00000E+00
    6.6825E+00 -1.95495E-01 -9.39163E-03  0.00000E+00  0.00000E+00
    6.7360E+00 -1.95495E-01 -9.39163E-03  0.00000E+00  0.00000E+00
    6.7894E+00 -1.95495E-01 -9.39163E-03  0.00000E+00  0.00000E+00
    6.8429E+00 -1.95495E-01 -9.39163E-03  0.00000E+00  0.00000E+00
    6.8963E+00 -1.95495E-01 -9.39163E-03  0.00000E+00  0.00000E+00
    6.9498E+00 -1.95495E-01 -9.39163E-03  0.00000E+00  0.00000E+00
    7.0033E+00 -1.95565E-01 -9.39163E-03  0.00000E+00  0.00000E+00
    7.0567E+00 -2.01585E-01 -9.39163E-03  0.00000E+00  0.00000E+00
    7.1102E+00 -2.02660E-01 -9.39163E-03  0.00000E+00  0.00000E+00
    7.1636E+00 -2.02660E-01 -9.39163E-03  0.00000E+00  0.00000E+00
    7.2171E+00 -2.02660E-01 -9.39163E-03  0.00000E+00  0.00000E+00
    7.2706E+00 -2.02785E-01 -9.39163E-03  0.00000E+00  0.00000E+00
    7.3240E+00 -2.24466E-01 -9.39163E-03  0.00000E+00  0.00000E+00
    7.3775E+00 -2.24466E-01 -9.39163E-03  0.00000E+00  0.00000E+00
    7.4309E+00 -2.24466E-01 -9.39163E-03  0.00000E+00  0.00000E+00
    7.4844E+00 -2.24466E-01 -9.39163E-03  0.00000E+00  0.00000E+00
    7.5379E+00 -2.24466E-01 -9.39163E-03  0.00000E+00  0.00000E+00
    7.5913E+00 -2.24466E-01 -9.39163E-03  0.00000E+00  0.00000E+00
    7.6448E+00 -2.24466E-01 -9.39163E-03  0.00000E+00  0.00000E+00
    7.6982E+00 -2.24466E-01 -9.39163E-03  0.00000E+00  0.00000E+00
    7.7517E+00 -2.27143E-01 -9.39163E-03  0.00000E+00  0.00000E+00
    7.8052E+00 -2.27143E-01 -9.39163E-03  0.00000E+00  0.00000E+00
    7.8586E+00 -2.27143E-01 -9.39163E-03  0.00000E+00  0.00000E+00
    7.9121E+00 -2.27143E-01 -9.39163E-03  0.00000E+00  0.00000E+00
    7.9655E+00 -2.91911E-01 -9.39163E-03  0.00000E+00  0.00000E+00
    8.0190E+00 -2.91911E-01 -9.39163E-03  0.00000E+00  0.00000E+00
    8.0725E+00 -2.91999E-01 -9.39163E-03  0.00000E+00  0.00000E+00
    8.1259E+00 -2.92341E-01 -9.39163E-03  0.00000E+00  0.00000E+00
    8.1794E+00 -2.92513E-01 -9.39163E-03  0.00000E+00  0.00000E+00
    8.2328E+00 -2.92513E-01 -9.39163E-03  0.00000E+00  0.00000E+00
    8.2863E+00 -2.92513E-01 -9.39163E-03  0.00000E+00  0.00000E+00
    8.3398E+00 -2.92513E-01 -9.39163E-03  0.00000E+00  0.00000E+00
    8.3932E+00 -2.92513E-01 -9.39163E-03  0.00000E+00  0.00000E+00
    8.4467E+00 -2.92513E-01 -9.39163E-03  0.00000E+00  0.00000E+00
    8.5001E+00 -3.10344E-01 -9.39163E-03  0.00000E+00  0.00000E+00
    8.5536E+00 -3.10344E-01 -9.39163E-03  0.00000E+00  0.00000E+00
    8.6071E+00 -3.10344E-01 -9.39163E-03  0.00000E+00  0.00000E+00
    8.6605E+00 -3.10344E-01 -9.39163E-03  0.00000E+00  0.00000E+00
    8.7140E+00 -3.10437E-01 -9.39163E-03  0.00000E+00  0.00000E+00
    8.7674E+00 -3.22503E-01 -1.49018E-02  0.00000E+00  0.00000E+00
    8.8209E+00 -3.22503E-01 -1.49018E-02  0.00000E+00  0.00000E+00
    8.8744E+00 -3.22503E-01 -1.49018E-02  0.00000E+00  0.00000E+00
    8.9278E+00 -3.22503E-01 -1.49018E-02  0.00000E+00  0.00000E+00
    8.9813E+00 -3.22503E-01 -1.49018E-02  0.00000E+00  0.00000E+00
    9.0347E+00 -3.22503E-01 -1.49018E-02  0.00000E+00  0.00000E+00
    9.0882E+00 -3.22503E-01 -1.49018E-02  0.00000E+00  0.00000E+00
    9.1417E+00 -3.22503E-01 -1.49018E-02  0.00000E+00  0.00000E+00
    9.1951E+00 -3.22503E-01 -1.49018E-02  0.00000E+00  0.00000E+00
    9.2486E+00 -3.22503E-01 -1.49018E-02  0.00000E+00  0.00000E+00
    9.3020E+00 -3.22503E-01 -1.49018E-02  0.00000E+00  0.00000E+00
    9.3555E+00 -3.22503E-01 -1.49018E-02  0.00000E+00  0.00000E+00
    9.4090E+00 -3.22977E-01 -1.49018E-02  0.00000E+00  0.00000E+00
    9.4624E+00 -3.22977E-01 -1.49018E-02  0.00000E+00  0.00000E+00
    9.5159E+00 -3.22977E-01 -1.49018E-02  0.00000E+00  0.00000E+00
    9.5693E+00 -3.22977E-01 -1.49018E-02  0.00000E+00  0.00000E+00
    9.6228E+00 -3.22977E-01 -1.49018E-02  0.00000E+00  0.00000E+00
    9.6763E+00 -9.34019E-01 -6.25944E-01  0.00000E+00  0.00000E+00
    9.7297E+00 -1.11246E+00 -6.70554E-01  0.00000E+00  0.00000E+00
    9.7832E+00 -1.20892E+00 -7.18781E-01  0.00000E+00  0.00000E+00
    9.8366E+00 -1.20892E+00 -7.18781E-01  0.00000E+00  0.00000E+00
    9.8901E+00 -1.20892E+00 -7.18781E-01  0.00000E+00  0.00000E+00
    9.9436E+00 -1.20892E+00 -7.18781E-01  0.00000E+00  0.00000E+00
    9.9970E+00 -1.20892E+00 -7.18781E-01  0.00000E+00  0.00000E+00
    1.0050E+01 -1.20892E+00 -7.18781E-01  0.00000E+00  0.00000E+00
    1.0104E+01 -1.21298E+00 -7.18781E-01  0.00000E+00  0.00000E+00
    1.0157E+01 -1.21589E+00 -7.18781E-01  0.00000E+00  0.00000E+00
    1.0211E+01 -1.21589E+00 -7.18781E-01  0.00000E+00  0.00000E+00
    1.0264E+01 -1.22176E+00 -7.18781E-01  0.00000E+00  0.00000E+00
    1.0318E+01 -1.22176E+00 -7.18781E-01  0.00000E+00  0.00000E+00
    1.0371E+01 -1.22234E+00 -7.18781E-01  0.00000E+00  0.00000E+00
    1.0425E+01 -1.23478E+00 -7.21131E-01  0.00000E+00  0.00000E+00
    1.0478E+01 -1.25381E+00 -7.21131E-01  0.00000E+00  0.00000E+00
    1.0532E+01 -1.25528E+00 -7.21131E-01  0.00000E+00  0.00000E+00
    1.0585E+01 -1.25528E+00 -7.21131E-01  0.00000E+00  0.00000E+00
    1.0639E+01 -1.25528E+00 -7.21131E-01  0.00000E+00  0.00000E+00
    1.0692E+01 -1.25537E+00 -7.21131E-01  0.00000E+00  0.00000E+00
    1.0745E+01 -1.25537E+00 -7.21131E-01  0.00000E+00  0.00000E+00
    1.0799E+01 -1.27770E+00 -7.21131E-01  0.00000E+00  0.00000E+00
    1.0852E+01 -1.27786E+00 -7.21269E-01  0.00000E+00  0.00000E+00
    1.0906E+01 -1.27786E+00 -7.21269E-01  0.00000E+00  0.00000E+00
    1.0959E+01 -1.30607E+00 -7.22770E-01  0.00000E+00  0.00000E+00
    1.1013E+01 -1.30668E+00 -7.22770E-01  0.00000E+00  0.00000E+00
    1.1066E+01 -1.34193E+00 -7.22770E-01  0.00000E+00  0.00000E+00
    1.1120E+01 -1.34193E+00 -7.22770E-01  0.00000E+00  0.00000E+00
    1.1173E+01 -1.34444E+00 -7.22770E-01  0.00000E+00  0.00000E+00
    1.1227E+01 -1.34444E+00 -7.22770E-01  0.00000E+00  0.00000E+00
    1.1280E+01 -1.35126E+00 -7.22770E-01  0.00000E+00  0.00000E+00
    1.1334E+01 -1.43665E+00 -7.22770E-01  0.00000E+00  0.00000E+00
    1.1387E+01 -1.51871E+00 -7.22770E-01  0.00000E+00  0.00000E+00
    1.1440E+01 -1.52234E+00 -7.24583E-01  0.00000E+00  0.00000E+00
    1.1494E+01 -1.64635E+00 -7.82662E-01  0.00000E+00  0.00000E+00
    1.1547E+01 -1.64635E+00 -7.82662E-01  0.00000E+00  0.00000E+00
    1.1601E+01 -1.64635E+00 -7.82662E-01  0.00000E+00  0.00000E+00
    1.1654E+01 -1.67852E+00 -7.90704E-01  0.00000E+00  0.00000E+00
    1.1708E+01 -1.67852E+00 -7.90704E-01  0.00000E+00  0.00000E+00
    1.1761E+01 -1.71902E+00 -7.90704E-01  0.00000E+00  0.00000E+00
    1.1815E+01 -1.85446E+00 -7.90704E-01  0.00000E+00  0.00000E+00
    1.1868E+01 -1.89478E+00 -7.90704E-01  0.00000E+00  0.00000E+00
    1.1922E+01 -1.70353E+00 -5.99454E-01  0.00000E+00  0.00000E+00
    1.1975E+01 -1.70353E+00 -5.99454E-01  0.00000E+00  0.00000E+00
    1.2029E+01 -1.74448E+00 -5.99454E-01  0.00000E+00  0.00000E+00
    1.2082E+01 -1.76812E+00 -6.05293E-01  0.00000E+00  0.00000E+00
    1.2135E+01 -1.76812E+00 -6.05293E-01  0.00000E+00  0.00000E+00
    1.2189E+01 -1.76948E+00 -6.05293E-01  0.00000E+00  0.00000E+00
    1.2242E+01 -1.76948E+00 -6.05293E-01  0.00000E+00  0.00000E+00
    1.2296E+01 -1.76948E+00 -6.05293E-01  0.00000E+00  0.00000E+00
    1.2349E+01 -1.76948E+00 -6.05293E-01  0.00000E+00  0.00000E+00
    1.2403E+01 -1.79546E+00 -6.05293E-01  0.00000E+00  0.00000E+00
    1.2456E+01 -1.79546E+00 -6.05293E-01  0.00000E+00  0.00000E+00
    1.2510E+01 -1.79546E+00 -6.05293E-01  0.00000E+00  0.00000E+00
    1.2563E+01 -1.79546E+00 -6.05293E-01  0.00000E+00  0.00000E+00
    1.2617E+01 -1.79573E+00 -6.05293E-01  0.00000E+00  0.00000E+00
    1.2670E+01 -1.83738E+00 -6.05293E-01  0.00000E+00  0.00000E+00
    1.2723E+01 -1.83738E+00 -6.05293E-01  0.00000E+00  0.00000E+00
    1.2777E+01 -2.00474E+00 -6.05293E-01  0.00000E+00  0.00000E+00
    1.2830E+01 -2.00474E+00 -6.05293E-01  0.00000E+00  0.00000E+00
    1.2884E+01 -2.00496E+00 -6.05293E-01  0.00000E+00  0.00000E+00
    1.2937E+01 -2.11667E+00 -6.61147E-01  0.00000E+00  0.00000E+00
    1.2991E+01 -2.58330E+00 -6.61147E-01  0.00000E+00  0.00000E+00
    1.3044E+01 -2.58330E+00 -6.61147E-01  0.00000E+00  0.00000E+00
    1.3098E+01 -2.58330E+00 -6.61147E-01  0.00000E+00  0.00000E+00
    1.3151E+01 -2.65178E+00 -6.61147E-01  0.00000E+00  0.00000E+00
    1.3205E+01 -2.65178E+00 -6.61147E-01  0.00000E+00  0.00000E+00
    1.3258E+01 -2.83752E+00 -6.61147E-01  0.00000E+00  0.00000E+00
    1.3312E+01 -2.84491E+00 -6.61147E-01  0.00000E+00  0.00000E+00
    1.3365E+01 -2.84871E+00 -6.61147E-01  0.00000E+00  0.00000E+00
    1.3418E+01 -2.84871E+00 -6.61147E-01  0.00000E+00  0.00000E+00
    1.3472E+01 -2.86960E+00 -6.61375E-01  0.00000E+00  0.00000E+00
    1.3525E+01 -2.86986E+00 -6.61375E-01  0.00000E+00  0.00000E+00
    1.3579E+01 -3.04545E+00 -7.49169E-01  0.00000E+00  0.00000E+00
    1.3632E+01 -3.19150E+00 -7.49169E-01  0.00000E+00  0.00000E+00
    1.3686E+01 -3.19150E+00 -7.49169E-01  0.00000E+00  0.00000E+00
    1.3739E+01 -3.19150E+00 -7.49169E-01  0.00000E+00  0.00000E+00
    1.3793E+01 -3.19150E+00 -7.49169E-01  0.00000E+00  0.00000E+00
    1.3846E+01 -3.19150E+00 -7.49169E-01  0.00000E+00  0.00000E+00
    1.3900E+01 -3.19656E+00 -7.50435E-01  0.00000E+00  0.00000E+00
    1.3953E+01 -3.19869E+00 -7.50435E-01  0.00000E+00  0.00000E+00
    1.4007E+01 -3.19869E+00 -7.50435E-01  0.00000E+00  0.00000E+00
    1.4060E+01 -3.20504E+00 -7.50435E-01  0.00000E+00  0.00000E+00
    1.4113E+01 -3.39831E+00 -7.98754E-01  0.00000E+00  0.00000E+00
    1.4167E+01 -3.39946E+00 -7.99040E-01  0.00000E+00  0.00000E+00
    1.4220E+01 -3.39946E+00 -7.99040E-01  0.00000E+00  0.00000E+00
    1.4274E+01 -3.55678E+00 -8.77702E-01  0.00000E+00  0.00000E+00
    1.4327E+01 -3.55678E+00 -8.77702E-01  0.00000E+00  0.00000E+00
    1.4381E+01 -3.74558E+00 -8.77702E-01  0.00000E+00  0.00000E+00
    1.4434E+01 -3.90712E+00 -8.77702E-01  0.00000E+00  0.00000E+00
    1.4488E+01 -3.90712E+00 -8.77702E-01  0.00000E+00  0.00000E+00
    1.4541E+01 -3.90712E+00 -8.77702E-01  0.00000E+00  0.00000E+00
    1.4595E+01 -4.29765E+00 -8.77702E-01  0.00000E+00  0.00000E+00
    1.4648E+01 -4.29765E+00 -8.77702E-01  0.00000E+00  0.00000E+00
    1.4702E+01 -4.29765E+00 -8.77702E-01  0.00000E+00  0.00000E+00
    1.4755E+01 -4.29765E+00 -8.77702E-01  0.00000E+00  0.00000E+00
    1.4808E+01 -4.39849E+00 -9.22731E-01  0.00000E+00  0.00000E+00
    1.4862E+01 -4.39849E+00 -9.22731E-01  0.00000E+00  0.00000E+00
    1.4915E+01 -4.39849E+00 -9.22731E-01  0.00000E+00  0.00000E+00
    1.4969E+01 -4.39849E+00 -9.22731E-01  0.00000E+00  0.00000E+00
    1.5022E+01 -4.94795E+00 -1.33482E+00  0.00000E+00  0.00000E+00
    1.5076E+01 -4.95240E+00 -1.33482E+00  0.00000E+00  0.00000E+00
    1.5129E+01 -4.95240E+00 -1.33482E+00  0.00000E+00  0.00000E+00
    1.5183E+01 -4.95240E+00 -1.33482E+00  0.00000E+00  0.00000E+00
    1.5236E+01 -4.95240E+00 -1.33482E+00  0.00000E+00  0.00000E+00
    1.5290E+01 -7.71779E+00 -2.71220E+00  0.00000E+00  0.00000E+00
    1.5343E+01 -7.71779E+00 -2.71220E+00  0.00000E+00  0.00000E+00
    1.5396E+01 -7.71779E+00 -2.71220E+00  0.00000E+00  0.00000E+00
    1.5450E+01 -7.71792E+00 -2.71220E+00  0.00000E+00  0.00000E+00
    1.5503E+01 -7.71957E+00 -2.71220E+00  0.00000E+00  0.00000E+00
    1.5557E+01 -7.71957E+00 -2.71220E+00  0.00000E+00  0.00000E+00
    1.5610E+01 -7.71957E+00 -2.71220E+00  0.00000E+00  0.00000E+00
    1.5664E+01 -8.33867E+00 -2.71220E+00  0.00000E+00  0.00000E+00
    1.5717E+01 -8.33867E+00 -2.71220E+00  0.00000E+00  0.00000E+00
    1.5771E+01 -8.33867E+00 -2.71220E+00  0.00000E+00  0.00000E+00
    1.5824E+01 -8.33867E+00 -2.71220E+00  0.00000E+00  0.00000E+00
    1.5878E+01 -8.33867E+00 -2.71220E+00  0.00000E+00  0.00000E+00
    1.5931E+01 -8.33867E+00 -2.71220E+00  0.00000E+00  0.00000E+00
    1.5985E+01 -8.33867E+00 -2.71220E+00  0.00000E+00  0.00000E+00
    1.6038E+01 -8.34172E+00 -2.71220E+00  0.00000E+00  0.00000E+00
    1.6091E+01 -8.34172E+00 -2.71220E+00  0.00000E+00  0.00000E+00
    1.6145E+01 -8.35614E+00 -2.71220E+00  0.00000E+00  0.00000E+00
    1.6198E+01 -8.40718E+00 -2.71220E+00  0.00000E+00  0.00000E+00
    1.6252E+01 -1.16360E+01 -5.13082E+00  0.00000E+00  0.00000E+00
    1.6305E+01 -1.16360E+01 -5.13082E+00  0.00000E+00  0.00000E+00
    1.6359E+01 -1.36114E+01 -7.10214E+00  0.00000E+00  0.00000E+00
    1.6412E+01 -1.36114E+01 -7.10214E+00  0.00000E+00  0.00000E+00
    1.6466E+01 -1.36141E+01 -7.10214E+00  0.00000E+00  0.00000E+00
    1.6519E+01 -1.36141E+01 -7.10214E+00  0.00000E+00  0.00000E+00
    1.6573E+01 -1.36141E+01 -7.10214E+00  0.00000E+00  0.00000E+00
    1.6626E+01 -1.37039E+01 -7.12458E+00  0.00000E+00  0.00000E+00
    1.6680E+01 -1.37562E+01 -7.12458E+00  0.00000E+00  0.00000E+00
    1.6733E+01 -1.37562E+01 -7.12458E+00  0.00000E+00  0.00000E+00
    1.6786E+01 -1.37562E+01 -7.12458E+00  0.00000E+00  0.00000E+00
    1.6840E+01 -1.37583E+01 -7.12458E+00  0.00000E+00  0.00000E+00
    1.6893E+01 -1.38036E+01 -7.13591E+00  0.00000E+00  0.00000E+00
    1.6947E+01 -1.38612E+01 -7.13602E+00  0.00000E+00  0.00000E+00
    1.7000E+01 -1.40513E+01 -7.13602E+00  0.00000E+00  0.00000E+00
    1.7054E+01 -1.40535E+01 -7.13602E+00  0.00000E+00  0.00000E+00
    1.7107E+01 -1.53083E+01 -8.35402E+00  0.00000E+00  0.00000E+00
    1.7161E+01 -1.85759E+01 -1.16202E+01  0.00000E+00  0.00000E+00
    1.7214E+01 -1.85759E+01 -1.16202E+01  0.00000E+00  0.00000E+00
    1.7268E+01 -1.85772E+01 -1.16202E+01  0.00000E+00  0.00000E+00
    1.7321E+01 -2.00680E+01 -1.23733E+01  0.00000E+00  0.00000E+00
    1.7375E+01 -2.00680E+01 -1.23733E+01  0.00000E+00  0.00000E+00
    1.7428E+01 -2.10452E+01 -1.23733E+01  0.00000E+00  0.00000E+00
    1.7481E+01 -2.11144E+01 -1.23733E+01  0.00000E+00  0.00000E+00
    1.7535E+01 -2.11324E+01 -1.23778E+01  0.00000E+00  0.00000E+00
    1.7588E+01 -2.18910E+01 -1.27556E+01  0.00000E+00  0.00000E+00
    1.7642E+01 -2.18910E+01 -1.27556E+01  0.00000E+00  0.00000E+00
    1.7695E+01 -2.18910E+01 -1.27556E+01  0.00000E+00  0.00000E+00
    1.7749E+01 -2.31305E+01 -1.36852E+01  0.00000E+00  0.00000E+00
    1.7802E+01 -2.31305E+01 -1.36852E+01  0.00000E+00  0.00000E+00
    1.7856E+01 -2.32361E+01 -1.36852E+01  0.00000E+00  0.00000E+00
    1.7909E+01 -2.32361E+01 -1.36852E+01  0.00000E+00  0.00000E+00
    1.7963E+01 -2.32361E+01 -1.36852E+01  0.00000E+00  0.00000E+00
    1.8016E+01 -2.27301E+01 -1.30682E+01  0.00000E+00  0.00000E+00
    1.8069E+01 -2.27301E+01 -1.30682E+01  0.00000E+00  0.00000E+00
    1.8123E+01 -2.27301E+01 -1.30682E+01  0.00000E+00  0.00000E+00
    1.8176E+01 -2.27301E+01 -1.30682E+01  0.00000E+00  0.00000E+00
    1.8230E+01 -2.27301E+01 -1.30682E+01  0.00000E+00  0.00000E+00
    1.8283E+01 -2.27301E+01 -1.30682E+01  0.00000E+00  0.00000E+00
    1.8337E+01 -2.27346E+01 -1.30682E+01  0.00000E+00  0.00000E+00
    1.8390E+01 -2.27346E+01 -1.30682E+01  0.00000E+00  0.00000E+00
    1.8444E+01 -2.27389E+01 -1.30704E+01  0.00000E+00  0.00000E+00
    1.8497E+01 -2.27394E+01 -1.30704E+01  0.00000E+00  0.00000E+00
    1.8551E+01 -2.27407E+01 -1.30704E+01  0.00000E+00  0.00000E+00
    1.8604E+01 -2.28052E+01 -1.30704E+01  0.00000E+00  0.00000E+00
    1.8658E+01 -2.28135E+01 -1.30704E+01  0.00000E+00  0.00000E+00
    1.8711E+01 -2.41213E+01 -1.43782E+01  0.00000E+00  0.00000E+00
    1.8764E+01 -2.44326E+01 -1.43782E+01  0.00000E+00  0.00000E+00
    1.8818E+01 -2.44326E+01 -1.43782E+01  0.00000E+00  0.00000E+00
    1.8871E+01 -2.54468E+01 -1.51183E+01  0.00000E+00  0.00000E+00
    1.8925E+01 -2.54481E+01 -1.51183E+01  0.00000E+00  0.00000E+00
    1.8978E+01 -2.56234E+01 -1.51923E+01  0.00000E+00  0.00000E+00
    1.9032E+01 -2.56234E+01 -1.51923E+01  0.00000E+00  0.00000E+00
    1.9085E+01 -2.56234E+01 -1.51923E+01  0.00000E+00  0.00000E+00
    1.9139E+01 -2.56240E+01 -1.51923E+01  0.00000E+00  0.00000E+00
    1.9192E+01 -2.56316E+01 -1.51923E+01  0.00000E+00  0.00000E+00
    1.9246E+01 -2.56316E+01 -1.51923E+01  0.00000E+00  0.00000E+00
    1.9299E+01 -2.56335E+01 -1.51923E+01  0.00000E+00  0.00000E+00
    1.9353E+01 -2.56877E+01 -1.51923E+01  0.00000E+00  0.00000E+00
    1.9406E+01 -2.56877E+01 -1.51923E+01  0.00000E+00  0.00000E+00
    1.9459E+01 -2.57072E+01 -1.51923E+01  0.00000E+00  0.00000E+00
    1.9513E+01 -2.57072E+01 -1.51923E+01  0.00000E+00  0.00000E+00
    1.9566E+01 -2.57072E+01 -1.51923E+01  0.00000E+00  0.00000E+00
    1.9620E+01 -2.57384E+01 -1.51923E+01  0.00000E+00  0.00000E+00
    1.9673E+01 -2.57883E+01 -1.51923E+01  0.00000E+00  0.00000E+00
    1.9727E+01 -2.57927E+01 -1.51923E+01  0.00000E+00  0.00000E+00
    1.9780E+01 -2.57927E+01 -1.51923E+01  0.00000E+00  0.00000E+00
    1.9834E+01 -2.58046E+01 -1.51983E+01  0.00000E+00  0.00000E+00
    1.9887E+01 -2.58046E+01 -1.51983E+01  0.00000E+00  0.00000E+00
    1.9941E+01 -2.58185E+01 -1.51983E+01  0.00000E+00  0.00000E+00
    1.9994E+01 -2.58185E+01 -1.51983E+01  0.00000E+00  0.00000E+00
    2.0048E+01 -2.71573E+01 -1.62024E+01  0.00000E+00  0.00000E+00
    2.0101E+01 -2.71681E+01 -1.62024E+01  0.00000E+00  0.00000E+00
    2.0154E+01 -2.71681E+01 -1.62024E+01  0.00000E+00  0.00000E+00
    2.0208E+01 -2.71681E+01 -1.62024E+01  0.00000E+00  0.00000E+00
    2.0261E+01 -2.90852E+01 -1.76402E+01  0.00000E+00  0.00000E+00
    2.0315E+01 -2.90852E+01 -1.76402E+01  0.00000E+00  0.00000E+00
    2.0368E+01 -3.26993E+01 -2.12543E+01  0.00000E+00  0.00000E+00
    2.0422E+01 -3.26993E+01 -2.12543E+01  0.00000E+00  0.00000E+00
    2.0475E+01 -3.26993E+01 -2.12543E+01  0.00000E+00  0.00000E+00
    2.0529E+01 -3.30514E+01 -2.14303E+01  0.00000E+00  0.00000E+00
    2.0582E+01 -3.48056E+01 -2.27662E+01  0.00000E+00  0.00000E+00
    2.0636E+01 -3.48056E+01 -2.27662E+01  0.00000E+00  0.00000E+00
    2.0689E+01 -4.17604E+01 -2.62422E+01  0.00000E+00  0.00000E+00
    2.0742E+01 -4.21418E+01 -2.64329E+01  0.00000E+00  0.00000E+00
    2.0796E+01 -4.24174E+01 -2.65671E+01  0.00000E+00  0.00000E+00
    2.0849E+01 -4.35486E+01 -2.71221E+01  0.00000E+00  0.00000E+00
    2.0903E+01 -4.35486E+01 -2.71221E+01  0.00000E+00  0.00000E+00
    2.0956E+01 -4.35486E+01 -2.71221E+01  0.00000E+00  0.00000E+00
    2.1010E+01 -4.35486E+01 -2.71221E+01  0.00000E+00  0.00000E+00
    2.1063E+01 -4.35486E+01 -2.71221E+01  0.00000E+00  0.00000E+00
    2.1117E+01 -4.54070E+01 -2.85160E+01  0.00000E+00  0.00000E+00
    2.1170E+01 -4.57340E+01 -2.86795E+01  0.00000E+00  0.00000E+00
    2.1224E+01 -4.57340E+01 -2.86795E+01  0.00000E+00  0.00000E+00
    2.1277E+01 -4.57340E+01 -2.86795E+01  0.00000E+00  0.00000E+00
    2.1331E+01 -4.57348E+01 -2.86795E+01  0.00000E+00  0.00000E+00
    2.1384E+01 -4.57348E+01 -2.86795E+01  0.00000E+00  0.00000E+00
    2.1437E+01 -4.61948E+01 -2.86795E+01  0.00000E+00  0.00000E+00
    2.1491E+01 -4.61948E+01 -2.86795E+01  0.00000E+00  0.00000E+00
    2.1544E+01 -4.61948E+01 -2.86795E+01  0.00000E+00  0.00000E+00
    2.1598E+01 -4.61948E+01 -2.86795E+01  0.00000E+00  0.00000E+00
    2.1651E+01 -4.63611E+01 -2.86795E+01  0.00000E+00  0.00000E+00
    2.1705E+01 -4.63611E+01 -2.86795E+01  0.00000E+00  0.00000E+00
    2.1758E+01 -4.63611E+01 -2.86795E+01  0.00000E+00  0.00000E+00
    2.1812E+01 -4.63722E+01 -2.86795E+01  0.00000E+00  0.00000E+00
    2.1865E+01 -5.51517E+01 -3.74590E+01  0.00000E+00  0.00000E+00
    2.1919E+01 -5.51517E+01 -3.74590E+01  0.00000E+00  0.00000E+00
    2.1972E+01 -5.51517E+01 -3.74590E+01  0.00000E+00  0.00000E+00
    2.2026E+01 -5.51517E+01 -3.74590E+01  0.00000E+00  0.00000E+00
    2.2079E+01 -5.51517E+01 -3.74590E+01  0.00000E+00  0.00000E+00
    2.2132E+01 -5.51584E+01 -3.74590E+01  0.00000E+00  0.00000E+00
    2.2186E+01 -5.51584E+01 -3.74590E+01  0.00000E+00  0.00000E+00
    2.2239E+01 -5.51584E+01 -3.74590E+01  0.00000E+00  0.00000E+00
    2.2293E+01 -5.51584E+01 -3.74590E+01  0.00000E+00  0.00000E+00
    2.2346E+01 -5.51609E+01 -3.74590E+01  0.00000E+00  0.00000E+00
    2.2400E+01 -5.51609E+01 -3.74590E+01  0.00000E+00  0.00000E+00
    2.2453E+01 -5.51609E+01 -3.74590E+01  0.00000E+00  0.00000E+00
    2.2507E+01 -5.52509E+01 -3.74590E+01  0.00000E+00  0.00000E+00
    2.2560E+01 -5.52509E+01 -3.74590E+01  0.00000E+00  0.00000E+00
    2.2614E+01 -5.56980E+01 -3.76825E+01  0.00000E+00  0.00000E+00
    2.2667E+01 -5.57004E+01 -3.76825E+01  0.00000E+00  0.00000E+00
    2.2721E+01 -5.57004E+01 -3.76825E+01  0.00000E+00  0.00000E+00
    2.2774E+01 -5.57004E+01 -3.76825E+01  0.00000E+00  0.00000E+00
    2.2827E+01 -5.57004E+01 -3.76825E+01  0.00000E+00  0.00000E+00
    2.2881E+01 -5.57004E+01 -3.76825E+01  0.00000E+00  0.00000E+00
    2.2934E+01 -5.57004E+01 -3.76825E+01  0.00000E+00  0.00000E+00
    2.2988E+01 -5.57004E+01 -3.76825E+01  0.00000E+00  0.00000E+00
    2.3041E+01 -5.57004E+01 -3.76825E+01  0.00000E+00  0.00000E+00
    2.3095E+01 -5.81388E+01 -3.82921E+01  0.00000E+00  0.00000E+00
    2.3148E+01 -5.81388E+01 -3.82921E+01  0.00000E+00  0.00000E+00
    2.3202E+01 -5.81388E+01 -3.82921E+01  0.00000E+00  0.00000E+00
    2.3255E+01 -5.81388E+01 -3.82921E+01  0.00000E+00  0.00000E+00
    2.3309E+01 -5.81388E+01 -3.82921E+01  0.00000E+00  0.00000E+00
    2.3362E+01 -5.83866E+01 -3.82921E+01  0.00000E+00  0.00000E+00
    2.3415E+01 -5.83866E+01 -3.82921E+01  0.00000E+00  0.00000E+00
    2.3469E+01 -5.83866E+01 -3.82921E+01  0.00000E+00  0.00000E+00
    2.3522E+01 -5.83866E+01 -3.82921E+01  0.00000E+00  0.00000E+00
    2.3576E+01 -5.83872E+01 -3.82921E+01  0.00000E+00  0.00000E+00
    2.3629E+01 -5.95378E+01 -3.82921E+01  0.00000E+00  0.00000E+00
    2.3683E+01 -6.07440E+01 -3.88952E+01  0.00000E+00  0.00000E+00
    2.3736E+01 -6.09361E+01 -3.88952E+01  0.00000E+00  0.00000E+00
    2.3790E+01 -6.09361E+01 -3.88952E+01  0.00000E+00  0.00000E+00
    2.3843E+01 -6.09361E+01 -3.88952E+01  0.00000E+00  0.00000E+00
    2.3897E+01 -6.09370E+01 -3.88952E+01  0.00000E+00  0.00000E+00
    2.3950E+01 -6.09370E+01 -3.88952E+01  0.00000E+00  0.00000E+00
    2.4004E+01 -6.11668E+01 -3.88952E+01  0.00000E+00  0.00000E+00
    2.4057E+01 -6.11668E+01 -3.88952E+01  0.00000E+00  0.00000E+00
    2.4110E+01 -6.11668E+01 -3.88952E+01  0.00000E+00  0.00000E+00
    2.4164E+01 -6.11668E+01 -3.88952E+01  0.00000E+00  0.00000E+00
    2.4217E+01 -6.18590E+01 -3.88952E+01  0.00000E+00  0.00000E+00
    2.4271E+01 -6.18600E+01 -3.88952E+01  0.00000E+00  0.00000E+00
    2.4324E+01 -6.18600E+01 -3.88952E+01  0.00000E+00  0.00000E+00
    2.4378E+01 -6.18600E+01 -3.88952E+01  0.00000E+00  0.00000E+00
    2.4431E+01 -6.18607E+01 -3.88952E+01  0.00000E+00  0.00000E+00
    2.4485E+01 -6.18607E+01 -3.88952E+01  0.00000E+00  0.00000E+00
    2.4538E+01 -6.18607E+01 -3.88952E+01  0.00000E+00  0.00000E+00
    2.4592E+01 -6.18607E+01 -3.88952E+01  0.00000E+00  0.00000E+00
    2.4645E+01 -6.36699E+01 -3.97998E+01  0.00000E+00  0.00000E+00
    2.4699E+01 -6.36699E+01 -3.97998E+01  0.00000E+00  0.00000E+00
    2.4752E+01 -6.36699E+01 -3.97998E+01  0.00000E+00  0.00000E+00
    2.4805E+01 -6.36699E+01 -3.97998E+01  0.00000E+00  0.00000E+00
    2.4859E+01 -6.36699E+01 -3.97998E+01  0.00000E+00  0.00000E+00
    2.4912E+01 -6.36699E+01 -3.97998E+01  0.00000E+00  0.00000E+00
    2.4966E+01 -6.36699E+01 -3.97998E+01  0.00000E+00  0.00000E+00
    2.5019E+01 -6.57947E+01 -3.97998E+01  0.00000E+00  0.00000E+00
    2.5073E+01 -6.57947E+01 -3.97998E+01  0.00000E+00  0.00000E+00
    2.5126E+01 -6.64195E+01 -3.97998E+01  0.00000E+00  0.00000E+00
    2.5180E+01 -6.64195E+01 -3.97998E+01  0.00000E+00  0.00000E+00
    2.5233E+01 -6.64195E+01 -3.97998E+01  0.00000E+00  0.00000E+00
    2.5287E+01 -6.64195E+01 -3.97998E+01  0.00000E+00  0.00000E+00
    2.5340E+01 -6.64195E+01 -3.97998E+01  0.00000E+00  0.00000E+00
    2.5394E+01 -6.64205E+01 -3.97998E+01  0.00000E+00  0.00000E+00
    2.5447E+01 -6.64205E+01 -3.97998E+01  0.00000E+00  0.00000E+00
    2.5500E+01 -6.64205E+01 -3.97998E+01  0.00000E+00  0.00000E+00
    2.5554E+01 -6.64205E+01 -3.97998E+01  0.00000E+00  0.00000E+00
    2.5607E+01 -6.64211E+01 -3.97998E+01  0.00000E+00  0.00000E+00
    2.5661E+01 -6.64211E+01 -3.97998E+01  0.00000E+00  0.00000E+00
    2.5714E+01 -7.03540E+01 -4.27496E+01  0.00000E+00  0.00000E+00
    2.5768E+01 -8.06203E+01 -5.30159E+01  0.00000E+00  0.00000E+00
    2.5821E+01 -8.06203E+01 -5.30159E+01  0.00000E+00  0.00000E+00
    2.5875E+01 -8.06203E+01 -5.30159E+01  0.00000E+00  0.00000E+00
    2.5928E+01 -8.06203E+01 -5.30159E+01  0.00000E+00  0.00000E+00
    2.5982E+01 -8.28023E+01 -5.30159E+01  0.00000E+00  0.00000E+00
    2.6035E+01 -8.28023E+01 -5.30159E+01  0.00000E+00  0.00000E+00
    2.6089E+01 -8.28023E+01 -5.30159E+01  0.00000E+00  0.00000E+00
    2.6142E+01 -8.28023E+01 -5.30159E+01  0.00000E+00  0.00000E+00
    2.6195E+01 -8.28023E+01 -5.30159E+01  0.00000E+00  0.00000E+00
    2.6249E+01 -8.28023E+01 -5.30159E+01  0.00000E+00  0.00000E+00
    2.6302E+01 -8.28023E+01 -5.30159E+01  0.00000E+00  0.00000E+00
    2.6356E+01 -8.28023E+01 -5.30159E+01  0.00000E+00  0.00000E+00
    2.6409E+01 -8.28023E+01 -5.30159E+01  0.00000E+00  0.00000E+00
    2.6463E+01 -8.49090E+01 -5.51225E+01  0.00000E+00  0.00000E+00
    2.6516E+01 -8.49090E+01 -5.51225E+01  0.00000E+00  0.00000E+00
    2.6570E+01 -8.49090E+01 -5.51225E+01  0.00000E+00  0.00000E+00
    2.6623E+01 -8.49090E+01 -5.51225E+01  0.00000E+00  0.00000E+00
    2.6677E+01 -8.74643E+01 -5.57614E+01  0.00000E+00  0.00000E+00
    2.6730E+01 -8.81947E+01 -5.57614E+01  0.00000E+00  0.00000E+00
    2.6783E+01 -8.81947E+01 -5.57614E+01  0.00000E+00  0.00000E+00
    2.6837E+01 -8.81947E+01 -5.57614E+01  0.00000E+00  0.00000E+00
    2.6890E+01 -8.81947E+01 -5.57614E+01  0.00000E+00  0.00000E+00
    2.6944E+01 -8.81947E+01 -5.57614E+01  0.00000E+00  0.00000E+00
    2.6997E+01 -8.80497E+01 -5.56163E+01  0.00000E+00  0.00000E+00
    2.7051E+01 -8.80497E+01 -5.56163E+01  0.00000E+00  0.00000E+00
    2.7104E+01 -8.80497E+01 -5.56163E+01  0.00000E+00  0.00000E+00
    2.7158E+01 -8.80497E+01 -5.56163E+01  0.00000E+00  0.00000E+00
    2.7211E+01 -8.80497E+01 -5.56163E+01  0.00000E+00  0.00000E+00
    2.7265E+01 -8.80497E+01 -5.56163E+01  0.00000E+00  0.00000E+00
    2.7318E+01 -8.80497E+01 -5.56163E+01  0.00000E+00  0.00000E+00
    2.7372E+01 -8.80497E+01 -5.56163E+01  0.00000E+00  0.00000E+00
    2.7425E+01 -8.80497E+01 -5.56163E+01  0.00000E+00  0.00000E+00
    2.7478E+01 -8.88318E+01 -5.58118E+01  0.00000E+00  0.00000E+00
    2.7532E+01 -8.88318E+01 -5.58118E+01  0.00000E+00  0.00000E+00
    2.7585E+01 -8.88318E+01 -5.58118E+01  0.00000E+00  0.00000E+00
    2.7639E+01 -8.88318E+01 -5.58118E+01  0.00000E+00  0.00000E+00
    2.7692E+01 -8.88326E+01 -5.58118E+01  0.00000E+00  0.00000E+00
    2.7746E+01 -8.88326E+01 -5.58118E+01  0.00000E+00  0.00000E+00
    2.7799E+01 -8.88326E+01 -5.58118E+01  0.00000E+00  0.00000E+00
    2.7853E+01 -8.88326E+01 -5.58118E+01  0.00000E+00  0.00000E+00
    2.7906E+01 -8.88326E+01 -5.58118E+01  0.00000E+00  0.00000E+00
    2.7960E+01 -8.88326E+01 -5.58118E+01  0.00000E+00  0.00000E+00
    2.8013E+01 -8.88326E+01 -5.58118E+01  0.00000E+00  0.00000E+00
    2.8067E+01 -8.88326E+01 -5.58118E+01  0.00000E+00  0.00000E+00
    2.8120E+01 -8.88326E+01 -5.58118E+01  0.00000E+00  0.00000E+00
    2.8173E+01 -8.88326E+01 -5.58118E+01  0.00000E+00  0.00000E+00
    2.8227E+01 -9.00450E+01 -5.64180E+01  0.00000E+00  0.00000E+00
    2.8280E+01 -9.00450E+01 -5.64180E+01  0.00000E+00  0.00000E+00
    2.8334E+01 -9.00450E+01 -5.64180E+01  0.00000E+00  0.00000E+00
    2.8387E+01 -9.00450E+01 -5.64180E+01  0.00000E+00  0.00000E+00
    2.8441E+01 -9.00450E+01 -5.64180E+01  0.00000E+00  0.00000E+00
    2.8494E+01 -9.00450E+01 -5.64180E+01  0.00000E+00  0.00000E+00
    2.8548E+01 -9.00450E+01 -5.64180E+01  0.00000E+00  0.00000E+00
    2.8601E+01 -9.00450E+01 -5.64180E+01  0.00000E+00  0.00000E+00
    2.8655E+01 -9.00450E+01 -5.64180E+01  0.00000E+00  0.00000E+00
    2.8708E+01 -9.19702E+01 -5.83433E+01  0.00000E+00  0.00000E+00
    2.8762E+01 -9.19702E+01 -5.83433E+01  0.00000E+00  0.00000E+00
    2.8815E+01 -9.19702E+01 -5.83433E+01  0.00000E+00  0.00000E+00
    2.8868E+01 -9.19702E+01 -5.83433E+01  0.00000E+00  0.00000E+00
    2.8922E+01 -9.19702E+01 -5.83433E+01  0.00000E+00  0.00000E+00
    2.8975E+01 -9.19702E+01 -5.83433E+01  0.00000E+00  0.00000E+00
    2.9029E+01 -9.19702E+01 -5.83433E+01  0.00000E+00  0.00000E+00
    2.9082E+01 -9.43833E+01 -5.83433E+01  0.00000E+00  0.00000E+00
    2.9136E+01 -9.43833E+01 -5.83433E+01  0.00000E+00  0.00000E+00
    2.9189E+01 -9.51133E+01 -5.83433E+01  0.00000E+00  0.00000E+00
    2.9243E+01 -9.51133E+01 -5.83433E+01  0.00000E+00  0.00000E+00
    2.9296E+01 -9.51133E+01 -5.83433E+01  0.00000E+00  0.00000E+00
    2.9350E+01 -9.51133E+01 -5.83433E+01  0.00000E+00  0.00000E+00
    2.9403E+01 -9.51133E+01 -5.83433E+01  0.00000E+00  0.00000E+00
    2.9456E+01 -9.51133E+01 -5.83433E+01  0.00000E+00  0.00000E+00
    2.9510E+01 -9.51133E+01 -5.83433E+01  0.00000E+00  0.00000E+00
    2.9563E+01 -9.51133E+01 -5.83433E+01  0.00000E+00  0.00000E+00
    2.9617E+01 -9.51133E+01 -5.83433E+01  0.00000E+00  0.00000E+00
    2.9670E+01 -9.51133E+01 -5.83433E+01  0.00000E+00  0.00000E+00
    2.9724E+01 -9.51133E+01 -5.83433E+01  0.00000E+00  0.00000E+00
    2.9777E+01 -9.76799E+01 -6.09098E+01  0.00000E+00  0.00000E+00
    2.9831E+01 -9.76799E+01 -6.09098E+01  0.00000E+00  0.00000E+00
    2.9884E+01 -9.76799E+01 -6.09098E+01  0.00000E+00  0.00000E+00
    2.9938E+01 -9.76799E+01 -6.09098E+01  0.00000E+00  0.00000E+00
    2.9991E+01 -9.76799E+01 -6.09098E+01  0.00000E+00  0.00000E+00
    3.0045E+01 -9.76799E+01 -6.09098E+01  0.00000E+00  0.00000E+00
    3.0098E+01 -9.76799E+01 -6.09098E+01  0.00000E+00  0.00000E+00
    3.0151E+01 -9.76799E+01 -6.09098E+01  0.00000E+00  0.00000E+00
    3.0205E+01 -9.76799E+01 -6.09098E+01  0.00000E+00  0.00000E+00
    3.0258E+01 -9.76799E+01 -6.09098E+01  0.00000E+00  0.00000E+00
    3.0312E+01 -9.76799E+01 -6.09098E+01  0.00000E+00  0.00000E+00
    3.0365E+01 -9.76799E+01 -6.09098E+01  0.00000E+00  0.00000E+00
    3.0419E+01 -9.76799E+01 -6.09098E+01  0.00000E+00  0.00000E+00
    3.0472E+01 -9.76799E+01 -6.09098E+01  0.00000E+00  0.00000E+00
    3.0526E+01 -9.76799E+01 -6.09098E+01  0.00000E+00  0.00000E+00
    3.0579E+01 -9.76799E+01 -6.09098E+01  0.00000E+00  0.00000E+00
    3.0633E+01 -9.76799E+01 -6.09098E+01  0.00000E+00  0.00000E+00
    3.0686E+01 -9.76799E+01 -6.09098E+01  0.00000E+00  0.00000E+00
    3.0740E+01 -9.76799E+01 -6.09098E+01  0.00000E+00  0.00000E+00
    3.0793E+01 -9.76799E+01 -6.09098E+01  0.00000E+00  0.00000E+00
    3.0846E+01 -9.76799E+01 -6.09098E+01  0.00000E+00  0.00000E+00
    3.0900E+01 -9.76799E+01 -6.09098E+01  0.00000E+00  0.00000E+00
    3.0953E+01 -9.76799E+01 -6.09098E+01  0.00000E+00  0.00000E+00
    3.1007E+01 -9.76799E+01 -6.09098E+01  0.00000E+00  0.00000E+00
    3.1060E+01 -9.76799E+01 -6.09098E+01  0.00000E+00  0.00000E+00
    3.1114E+01 -9.76799E+01 -6.09098E+01  0.00000E+00  0.00000E+00
    3.1167E+01 -9.76799E+01 -6.09098E+01  0.00000E+00  0.00000E+00
    3.1221E+01 -9.76799E+01 -6.09098E+01  0.00000E+00  0.00000E+00
    3.1274E+01 -9.76799E+01 -6.09098E+01  0.00000E+00  0.00000E+00
    3.1328E+01 -9.76799E+01 -6.09098E+01  0.00000E+00  0.00000E+00
    3.1381E+01 -9.76799E+01 -6.09098E+01  0.00000E+00  0.00000E+00
    3.1435E+01 -9.76799E+01 -6.09098E+01  0.00000E+00  0.00000E+00
    3.1488E+01 -9.76799E+01 -6.09098E+01  0.00000E+00  0.00000E+00
    3.1541E+01 -1.08391E+02 -7.16212E+01  0.00000E+00  0.00000E+00
    3.1595E+01 -1.08391E+02 -7.16212E+01  0.00000E+00  0.00000E+00
    3.1648E+01 -1.08391E+02 -7.16212E+01  0.00000E+00  0.00000E+00
    3.1702E+01 -1.08391E+02 -7.16212E+01  0.00000E+00  0.00000E+00
    3.1755E+01 -1.08391E+02 -7.16212E+01  0.00000E+00  0.00000E+00
    3.1809E+01 -1.08391E+02 -7.16212E+01  0.00000E+00  0.00000E+00
    3.1862E+01 -1.08391E+02 -7.16212E+01  0.00000E+00  0.00000E+00
    3.1916E+01 -1.08391E+02 -7.16212E+01  0.00000E+00  0.00000E+00
    3.1969E+01 -1.12529E+02 -7.26556E+01  0.00000E+00  0.00000E+00
    3.2023E+01 -1.12529E+02 -7.26556E+01  0.00000E+00  0.00000E+00
    3.2076E+01 -1.12529E+02 -7.26556E+01  0.00000E+00  0.00000E+00
    3.2129E+01 -1.12529E+02 -7.26556E+01  0.00000E+00  0.00000E+00
    3.2183E+01 -1.12529E+02 -7.26556E+01  0.00000E+00  0.00000E+00
    3.2236E+01 -1.12529E+02 -7.26556E+01  0.00000E+00  0.00000E+00
    3.2290E+01 -1.12529E+02 -7.26556E+01  0.00000E+00  0.00000E+00
    3.2343E+01 -1.12529E+02 -7.26556E+01  0.00000E+00  0.00000E+00
    3.2397E+01 -1.12529E+02 -7.26556E+01  0.00000E+00  0.00000E+00
    3.2450E+01 -1.12529E+02 -7.26556E+01  0.00000E+00  0.00000E+00
    3.2504E+01 -1.12529E+02 -7.26556E+01  0.00000E+00  0.00000E+00
    3.2557E+01 -1.12529E+02 -7.26556E+01  0.00000E+00  0.00000E+00
    3.2611E+01 -1.12529E+02 -7.26556E+01  0.00000E+00  0.00000E+00
    3.2664E+01 -1.12529E+02 -7.26556E+01  0.00000E+00  0.00000E+00
    3.2718E+01 -1.12529E+02 -7.26556E+01  0.00000E+00  0.00000E+00
    3.2771E+01 -1.12529E+02 -7.26556E+01  0.00000E+00  0.00000E+00
    3.2824E+01 -1.12529E+02 -7.26556E+01  0.00000E+00  0.00000E+00
    3.2878E+01 -1.12529E+02 -7.26556E+01  0.00000E+00  0.00000E+00
    3.2931E+01 -1.12529E+02 -7.26556E+01  0.00000E+00  0.00000E+00
    3.2985E+01 -1.12529E+02 -7.26556E+01  0.00000E+00  0.00000E+00
    3.3038E+01 -1.12529E+02 -7.26556E+01  0.00000E+00  0.00000E+00
    3.3092E+01 -1.12529E+02 -7.26556E+01  0.00000E+00  0.00000E+00
    3.3145E+01 -1.12529E+02 -7.26556E+01  0.00000E+00  0.00000E+00
    3.3199E+01 -1.12529E+02 -7.26556E+01  0.00000E+00  0.00000E+00
    3.3252E+01 -1.12529E+02 -7.26556E+01  0.00000E+00  0.00000E+00
    3.3306E+01 -1.12529E+02 -7.26556E+01  0.00000E+00  0.00000E+00
    3.3359E+01 -1.12529E+02 -7.26556E+01  0.00000E+00  0.00000E+00
    3.3413E+01 -1.12529E+02 -7.26556E+01  0.00000E+00  0.00000E+00
    3.3466E+01 -1.12529E+02 -7.26556E+01  0.00000E+00  0.00000E+00
    3.3519E+01 -1.12529E+02 -7.26556E+01  0.00000E+00  0.00000E+00
    3.3573E+01 -1.12529E+02 -7.26556E+01  0.00000E+00  0.00000E+00
    3.3626E+01 -1.12529E+02 -7.26556E+01  0.00000E+00  0.00000E+00
    3.3680E+01 -1.12529E+02 -7.26556E+01  0.00000E+00  0.00000E+00
    3.3733E+01 -1.12529E+02 -7.26556E+01  0.00000E+00  0.00000E+00
    3.3787E+01 -1.12529E+02 -7.26556E+01  0.00000E+00  0.00000E+00
    3.3840E+01 -1.12529E+02 -7.26556E+01  0.00000E+00  0.00000E+00
    3.3894E+01 -1.12529E+02 -7.26556E+01  0.00000E+00  0.00000E+00
    3.3947E+01 -1.12529E+02 -7.26556E+01  0.00000E+00  0.00000E+00
    3.4001E+01 -1.12529E+02 -7.26556E+01  0.00000E+00  0.00000E+00
    3.4054E+01 -1.12529E+02 -7.26556E+01  0.00000E+00  0.00000E+00
    3.4108E+01 -1.12529E+02 -7.26556E+01  0.00000E+00  0.00000E+00
    3.4161E+01 -1.12529E+02 -7.26556E+01  0.00000E+00  0.00000E+00
    3.4214E+01 -1.12529E+02 -7.26556E+01  0.00000E+00  0.00000E+00
    3.4268E+01 -1.12529E+02 -7.26556E+01  0.00000E+00  0.00000E+00
    3.4321E+01 -1.15512E+02 -7.26556E+01  0.00000E+00  0.00000E+00
    3.4375E+01 -1.15512E+02 -7.26556E+01  0.00000E+00  0.00000E+00
    3.4428E+01 -1.23291E+02 -7.65449E+01  0.00000E+00  0.00000E+00
    3.4482E+01 -1.23291E+02 -7.65449E+01  0.00000E+00  0.00000E+00
    3.4535E+01 -1.23291E+02 -7.65449E+01  0.00000E+00  0.00000E+00
    3.4589E+01 -1.23291E+02 -7.65449E+01  0.00000E+00  0.00000E+00
    3.4642E+01 -1.23291E+02 -7.65449E+01  0.00000E+00  0.00000E+00
    3.4696E+01 -1.23291E+02 -7.65449E+01  0.00000E+00  0.00000E+00
    3.4749E+01 -1.23291E+02 -7.65449E+01  0.00000E+00  0.00000E+00
    3.4802E+01 -1.23291E+02 -7.65449E+01  0.00000E+00  0.00000E+00
    3.4856E+01 -1.23291E+02 -7.65449E+01  0.00000E+00  0.00000E+00
    3.4909E+01 -1.23291E+02 -7.65449E+01  0.00000E+00  0.00000E+00
    3.4963E+01 -1.23291E+02 -7.65449E+01  0.00000E+00  0.00000E+00
    3.5016E+01 -1.23291E+02 -7.65449E+01  0.00000E+00  0.00000E+00
    3.5070E+01 -1.23291E+02 -7.65449E+01  0.00000E+00  0.00000E+00
    3.5123E+01 -1.23291E+02 -7.65449E+01  0.00000E+00  0.00000E+00
    3.5177E+01 -1.23291E+02 -7.65449E+01  0.00000E+00  0.00000E+00
    3.5230E+01 -1.23291E+02 -7.65449E+01  0.00000E+00  0.00000E+00
    3.5284E+01 -1.23291E+02 -7.65449E+01  0.00000E+00  0.00000E+00
    3.5337E+01 -1.23291E+02 -7.65449E+01  0.00000E+00  0.00000E+00
    3.5391E+01 -1.23291E+02 -7.65449E+01  0.00000E+00  0.00000E+00
    3.5444E+01 -1.23291E+02 -7.65449E+01  0.00000E+00  0.00000E+00
    3.5497E+01 -1.23291E+02 -7.65449E+01  0.00000E+00  0.00000E+00
    3.5551E+01 -1.23291E+02 -7.65449E+01  0.00000E+00  0.00000E+00
    3.5604E+01 -1.23291E+02 -7.65449E+01  0.00000E+00  0.00000E+00
    3.5658E+01 -1.23291E+02 -7.65449E+01  0.00000E+00  0.00000E+00
    3.5711E+01 -1.23291E+02 -7.65449E+01  0.00000E+00  0.00000E+00
    3.5765E+01 -1.23291E+02 -7.65449E+01  0.00000E+00  0.00000E+00
    3.5818E+01 -1.23291E+02 -7.65449E+01  0.00000E+00  0.00000E+00
    3.5872E+01 -1.23291E+02 -7.65449E+01  0.00000E+00  0.00000E+00
    3.5925E+01 -1.23291E+02 -7.65449E+01  0.00000E+00  0.00000E+00
    3.5979E+01 -1.23291E+02 -7.65449E+01  0.00000E+00  0.00000E+00
    3.6032E+01 -1.23291E+02 -7.65449E+01  0.00000E+00  0.00000E+00
    3.6086E+01 -1.23291E+02 -7.65449E+01  0.00000E+00  0.00000E+00
    3.6139E+01 -1.23291E+02 -7.65449E+01  0.00000E+00  0.00000E+00
    3.6192E+01 -1.23291E+02 -7.65449E+01  0.00000E+00  0.00000E+00
    3.6246E+01 -1.23291E+02 -7.65449E+01  0.00000E+00  0.00000E+00
    3.6299E+01 -1.23291E+02 -7.65449E+01  0.00000E+00  0.00000E+00
    3.6353E+01 -1.23291E+02 -7.65449E+01  0.00000E+00  0.00000E+00
    3.6406E+01 -1.23895E+02 -7.71489E+01  0.00000E+00  0.00000E+00
    3.6460E+01 -1.23895E+02 -7.71489E+01  0.00000E+00  0.00000E+00
    3.6513E+01 -1.23895E+02 -7.71489E+01  0.00000E+00  0.00000E+00
    3.6567E+01 -1.23895E+02 -7.71489E+01  0.00000E+00  0.00000E+00
    3.6620E+01 -1.23895E+02 -7.71489E+01  0.00000E+00  0.00000E+00
    3.6674E+01 -1.27441E+02 -8.06953E+01  0.00000E+00  0.00000E+00
    3.6727E+01 -1.27441E+02 -8.06953E+01  0.00000E+00  0.00000E+00
    3.6781E+01 -1.27441E+02 -8.06953E+01  0.00000E+00  0.00000E+00
    3.6834E+01 -1.27441E+02 -8.06953E+01  0.00000E+00  0.00000E+00
    3.6887E+01 -1.27441E+02 -8.06953E+01  0.00000E+00  0.00000E+00
    3.6941E+01 -1.27270E+02 -8.05244E+01  0.00000E+00  0.00000E+00
    3.6994E+01 -1.27270E+02 -8.05244E+01  0.00000E+00  0.00000E+00
    3.7048E+01 -1.27270E+02 -8.05244E+01  0.00000E+00  0.00000E+00
    3.7101E+01 -1.27270E+02 -8.05244E+01  0.00000E+00  0.00000E+00
    3.7155E+01 -1.27270E+02 -8.05244E+01  0.00000E+00  0.00000E+00
    3.7208E+01 -1.27270E+02 -8.05244E+01  0.00000E+00  0.00000E+00
    3.7262E+01 -1.27270E+02 -8.05244E+01  0.00000E+00  0.00000E+00
    3.7315E+01 -1.27270E+02 -8.05244E+01  0.00000E+00  0.00000E+00
    3.7369E+01 -1.32002E+02 -8.05244E+01  0.00000E+00  0.00000E+00
    3.7422E+01 -1.32002E+02 -8.05244E+01  0.00000E+00  0.00000E+00
    3.7475E+01 -1.32002E+02 -8.05244E+01  0.00000E+00  0.00000E+00
    3.7529E+01 -1.32002E+02 -8.05244E+01  0.00000E+00  0.00000E+00
    3.7582E+01 -1.32002E+02 -8.05244E+01  0.00000E+00  0.00000E+00
    3.7636E+01 -1.32002E+02 -8.05244E+01  0.00000E+00  0.00000E+00
    3.7689E+01 -1.32002E+02 -8.05244E+01  0.00000E+00  0.00000E+00
    3.7743E+01 -1.32002E+02 -8.05244E+01  0.00000E+00  0.00000E+00
    3.7796E+01 -1.32002E+02 -8.05244E+01  0.00000E+00  0.00000E+00
    3.7850E+01 -1.32002E+02 -8.05244E+01  0.00000E+00  0.00000E+00
    3.7903E+01 -1.32002E+02 -8.05244E+01  0.00000E+00  0.00000E+00
    3.7957E+01 -1.32002E+02 -8.05244E+01  0.00000E+00  0.00000E+00
    3.8010E+01 -1.32002E+02 -8.05244E+01  0.00000E+00  0.00000E+00
    3.8064E+01 -1.32002E+02 -8.05244E+01  0.00000E+00  0.00000E+00
    3.8117E+01 -1.32002E+02 -8.05244E+01  0.00000E+00  0.00000E+00
    3.8170E+01 -1.32002E+02 -8.05244E+01  0.00000E+00  0.00000E+00
    3.8224E+01 -1.32002E+02 -8.05244E+01  0.00000E+00  0.00000E+00
    3.8277E+01 -1.32002E+02 -8.05244E+01  0.00000E+00  0.00000E+00
    3.8331E+01 -1.32002E+02 -8.05244E+01  0.00000E+00  0.00000E+00
    3.8384E+01 -1.32002E+02 -8.05244E+01  0.00000E+00  0.00000E+00
    3.8438E+01 -1.32002E+02 -8.05244E+01  0.00000E+00  0.00000E+00
    3.8491E+01 -1.32002E+02 -8.05244E+01  0.00000E+00  0.00000E+00
    3.8545E+01 -1.32002E+02 -8.05244E+01  0.00000E+00  0.00000E+00
    3.8598E+01 -1.32002E+02 -8.05244E+01  0.00000E+00  0.00000E+00
    3.8652E+01 -1.32002E+02 -8.05244E+01  0.00000E+00  0.00000E+00
    3.8705E+01 -1.32002E+02 -8.05244E+01  0.00000E+00  0.00000E+00
    3.8759E+01 -1.32002E+02 -8.05244E+01  0.00000E+00  0.00000E+00
    3.8812E+01 -1.32002E+02 -8.05244E+01  0.00000E+00  0.00000E+00
    3.8865E+01 -1.32002E+02 -8.05244E+01  0.00000E+00  0.00000E+00
    3.8919E+01 -1.32002E+02 -8.05244E+01  0.00000E+00  0.00000E+00
    3.8972E+01 -1.32002E+02 -8.05244E+01  0.00000E+00  0.00000E+00
    3.9026E+01 -1.32002E+02 -8.05244E+01  0.00000E+00  0.00000E+00
    3.9079E+01 -1.32002E+02 -8.05244E+01  0.00000E+00  0.00000E+00
    3.9133E+01 -1.32002E+02 -8.05244E+01  0.00000E+00  0.00000E+00
    3.9186E+01 -1.32002E+02 -8.05244E+01  0.00000E+00  0.00000E+00
    3.9240E+01 -1.32002E+02 -8.05244E+01  0.00000E+00  0.00000E+00
    3.9293E+01 -1.32002E+02 -8.05244E+01  0.00000E+00  0.00000E+00
    3.9347E+01 -1.32002E+02 -8.05244E+01  0.00000E+00  0.00000E+00
    3.9400E+01 -1.40085E+02 -8.25452E+01  0.00000E+00  0.00000E+00
    3.9454E+01 -1.40085E+02 -8.25452E+01  0.00000E+00  0.00000E+00
    3.9507E+01 -1.40085E+02 -8.25452E+01  0.00000E+00  0.00000E+00
    3.9560E+01 -1.40085E+02 -8.25452E+01  0.00000E+00  0.00000E+00
    3.9614E+01 -1.40085E+02 -8.25452E+01  0.00000E+00  0.00000E+00
    3.9667E+01 -1.40085E+02 -8.25452E+01  0.00000E+00  0.00000E+00
    3.9721E+01 -1.40085E+02 -8.25452E+01  0.00000E+00  0.00000E+00
    3.9774E+01 -1.40085E+02 -8.25452E+01  0.00000E+00  0.00000E+00
    3.9828E+01 -1.40085E+02 -8.25452E+01  0.00000E+00  0.00000E+00
    3.9881E+01 -1.40085E+02 -8.25452E+01  0.00000E+00  0.00000E+00
    3.9935E+01 -1.40085E+02 -8.25452E+01  0.00000E+00  0.00000E+00
    3.9988E+01 -1.40085E+02 -8.25452E+01  0.00000E+00  0.00000E+00
    4.0042E+01 -1.45295E+02 -8.38475E+01  0.00000E+00  0.00000E+00
    4.0095E+01 -1.45295E+02 -8.38475E+01  0.00000E+00  0.00000E+00
    4.0148E+01 -1.45295E+02 -8.38475E+01  0.00000E+00  0.00000E+00
    4.0202E+01 -1.45295E+02 -8.38475E+01  0.00000E+00  0.00000E+00
    4.0255E+01 -1.45295E+02 -8.38475E+01  0.00000E+00  0.00000E+00
    4.0309E+01 -1.45295E+02 -8.38475E+01  0.00000E+00  0.00000E+00
    4.0362E+01 -1.45295E+02 -8.38475E+01  0.00000E+00  0.00000E+00
    4.0416E+01 -1.45295E+02 -8.38475E+01  0.00000E+00  0.00000E+00
    4.0469E+01 -1.45295E+02 -8.38475E+01  0.00000E+00  0.00000E+00
    4.0523E+01 -1.45295E+02 -8.38475E+01  0.00000E+00  0.00000E+00
    4.0576E+01 -1.45295E+02 -8.38475E+01  0.00000E+00  0.00000E+00
    4.0630E+01 -1.45295E+02 -8.38475E+01  0.00000E+00  0.00000E+00
    4.0683E+01 -1.45295E+02 -8.38475E+01  0.00000E+00  0.00000E+00
    4.0737E+01 -1.45295E+02 -8.38475E+01  0.00000E+00  0.00000E+00
    4.0790E+01 -1.45295E+02 -8.38475E+01  0.00000E+00  0.00000E+00
    4.0843E+01 -1.45295E+02 -8.38475E+01  0.00000E+00  0.00000E+00
    4.0897E+01 -1.45295E+02 -8.38475E+01  0.00000E+00  0.00000E+00
    4.0950E+01 -1.45295E+02 -8.38475E+01  0.00000E+00  0.00000E+00
    4.1004E+01 -1.45295E+02 -8.38475E+01  0.00000E+00  0.00000E+00
    4.1057E+01 -1.45295E+02 -8.38475E+01  0.00000E+00  0.00000E+00
    4.1111E+01 -1.45295E+02 -8.38475E+01  0.00000E+00  0.00000E+00
    4.1164E+01 -1.52036E+02 -8.72184E+01  0.00000E+00  0.00000E+00
    4.1218E+01 -1.52036E+02 -8.72184E+01  0.00000E+00  0.00000E+00
    4.1271E+01 -1.52036E+02 -8.72184E+01  0.00000E+00  0.00000E+00
    4.1325E+01 -1.52036E+02 -8.72184E+01  0.00000E+00  0.00000E+00
    4.1378E+01 -1.52036E+02 -8.72184E+01  0.00000E+00  0.00000E+00
    4.1432E+01 -1.52036E+02 -8.72184E+01  0.00000E+00  0.00000E+00
    4.1485E+01 -1.52036E+02 -8.72184E+01  0.00000E+00  0.00000E+00
    4.1538E+01 -1.52036E+02 -8.72184E+01  0.00000E+00  0.00000E+00
    4.1592E+01 -1.52036E+02 -8.72184E+01  0.00000E+00  0.00000E+00
    4.1645E+01 -1.52036E+02 -8.72184E+01  0.00000E+00  0.00000E+00
    4.1699E+01 -1.52036E+02 -8.72184E+01  0.00000E+00  0.00000E+00
    4.1752E+01 -1.52036E+02 -8.72184E+01  0.00000E+00  0.00000E+00
    4.1806E+01 -1.52036E+02 -8.72184E+01  0.00000E+00  0.00000E+00
    4.1859E+01 -1.52036E+02 -8.72184E+01  0.00000E+00  0.00000E+00
    4.1913E+01 -1.52036E+02 -8.72184E+01  0.00000E+00  0.00000E+00
    4.1966E+01 -1.52036E+02 -8.72184E+01  0.00000E+00  0.00000E+00
    4.2020E+01 -1.52036E+02 -8.72184E+01  0.00000E+00  0.00000E+00
    4.2073E+01 -1.52036E+02 -8.72184E+01  0.00000E+00  0.00000E+00
    4.2127E+01 -1.52036E+02 -8.72184E+01  0.00000E+00  0.00000E+00
    4.2180E+01 -1.52036E+02 -8.72184E+01  0.00000E+00  0.00000E+00
    4.2233E+01 -1.52036E+02 -8.72184E+01  0.00000E+00  0.00000E+00
    4.2287E+01 -1.52036E+02 -8.72184E+01  0.00000E+00  0.00000E+00
    4.2340E+01 -1.52036E+02 -8.72184E+01  0.00000E+00  0.00000E+00
    4.2394E+01 -1.52036E+02 -8.72184E+01  0.00000E+00  0.00000E+00
    4.2447E+01 -1.52036E+02 -8.72184E+01  0.00000E+00  0.00000E+00
    4.2501E+01 -1.52036E+02 -8.72184E+01  0.00000E+00  0.00000E+00
    4.2554E+01 -1.52036E+02 -8.72184E+01  0.00000E+00  0.00000E+00
    4.2608E+01 -1.52036E+02 -8.72184E+01  0.00000E+00  0.00000E+00
    4.2661E+01 -1.52036E+02 -8.72184E+01  0.00000E+00  0.00000E+00
    4.2715E+01 -1.52036E+02 -8.72184E+01  0.00000E+00  0.00000E+00
    4.2768E+01 -1.52036E+02 -8.72184E+01  0.00000E+00  0.00000E+00
    4.2821E+01 -1.52036E+02 -8.72184E+01  0.00000E+00  0.00000E+00
    4.2875E+01 -1.52036E+02 -8.72184E+01  0.00000E+00  0.00000E+00
    4.2928E+01 -1.52036E+02 -8.72184E+01  0.00000E+00  0.00000E+00
    4.2982E+01 -1.52036E+02 -8.72184E+01  0.00000E+00  0.00000E+00
    4.3035E+01 -1.52036E+02 -8.72184E+01  0.00000E+00  0.00000E+00
    4.3089E+01 -1.52036E+02 -8.72184E+01  0.00000E+00  0.00000E+00
    4.3142E+01 -1.52036E+02 -8.72184E+01  0.00000E+00  0.00000E+00
    4.3196E+01 -1.52036E+02 -8.72184E+01  0.00000E+00  0.00000E+00
    4.3249E+01 -1.52036E+02 -8.72184E+01  0.00000E+00  0.00000E+00
    4.3303E+01 -1.52036E+02 -8.72184E+01  0.00000E+00  0.00000E+00
    4.3356E+01 -1.52036E+02 -8.72184E+01  0.00000E+00  0.00000E+00
    4.3410E+01 -1.52036E+02 -8.72184E+01  0.00000E+00  0.00000E+00
    4.3463E+01 -1.52036E+02 -8.72184E+01  0.00000E+00  0.00000E+00
    4.3516E+01 -1.52036E+02 -8.72184E+01  0.00000E+00  0.00000E+00
    4.3570E+01 -1.52036E+02 -8.72184E+01  0.00000E+00  0.00000E+00
    4.3623E+01 -1.52036E+02 -8.72184E+01  0.00000E+00  0.00000E+00
    4.3677E+01 -1.52036E+02 -8.72184E+01  0.00000E+00  0.00000E+00
    4.3730E+01 -1.52036E+02 -8.72184E+01  0.00000E+00  0.00000E+00
    4.3784E+01 -1.52036E+02 -8.72184E+01  0.00000E+00  0.00000E+00
    4.3837E+01 -1.52036E+02 -8.72184E+01  0.00000E+00  0.00000E+00
    4.3891E+01 -1.52036E+02 -8.72184E+01  0.00000E+00  0.00000E+00
    4.3944E+01 -1.52036E+02 -8.72184E+01  0.00000E+00  0.00000E+00
    4.3998E+01 -1.52036E+02 -8.72184E+01  0.00000E+00  0.00000E+00
    4.4051E+01 -1.52036E+02 -8.72184E+01  0.00000E+00  0.00000E+00
    4.4105E+01 -1.52036E+02 -8.72184E+01  0.00000E+00  0.00000E+00
    4.4158E+01 -1.52036E+02 -8.72184E+01  0.00000E+00  0.00000E+00
    4.4211E+01 -1.52036E+02 -8.72184E+01  0.00000E+00  0.00000E+00
    4.4265E+01 -1.52036E+02 -8.72184E+01  0.00000E+00  0.00000E+00
    4.4318E+01 -1.52036E+02 -8.72184E+01  0.00000E+00  0.00000E+00
    4.4372E+01 -1.52036E+02 -8.72184E+01  0.00000E+00  0.00000E+00
    4.4425E+01 -1.52036E+02 -8.72184E+01  0.00000E+00  0.00000E+00
    4.4479E+01 -1.52036E+02 -8.72184E+01  0.00000E+00  0.00000E+00
    4.4532E+01 -1.52036E+02 -8.72184E+01  0.00000E+00  0.00000E+00
    4.4586E+01 -1.52036E+02 -8.72184E+01  0.00000E+00  0.00000E+00
    4.4639E+01 -1.52036E+02 -8.72184E+01  0.00000E+00  0.00000E+00
    4.4693E+01 -1.52036E+02 -8.72184E+01  0.00000E+00  0.00000E+00
    4.4746E+01 -1.52036E+02 -8.72184E+01  0.00000E+00  0.00000E+00
    4.4800E+01 -1.52036E+02 -8.72184E+01  0.00000E+00  0.00000E+00
    4.4853E+01 -1.52036E+02 -8.72184E+01  0.00000E+00  0.00000E+00
    4.4906E+01 -1.52036E+02 -8.72184E+01  0.00000E+00  0.00000E+00
    4.4960E+01 -1.52036E+02 -8.72184E+01  0.00000E+00  0.00000E+00
    4.5013E+01 -1.52036E+02 -8.72184E+01  0.00000E+00  0.00000E+00
    4.5067E+01 -1.52036E+02 -8.72184E+01  0.00000E+00  0.00000E+00
    4.5120E+01 -1.52036E+02 -8.72184E+01  0.00000E+00  0.00000E+00
    4.5174E+01 -1.52036E+02 -8.72184E+01  0.00000E+00  0.00000E+00
    4.5227E+01 -1.52036E+02 -8.72184E+01  0.00000E+00  0.00000E+00
    4.5281E+01 -1.52036E+02 -8.72184E+01  0.00000E+00  0.00000E+00
    4.5334E+01 -1.52036E+02 -8.72184E+01  0.00000E+00  0.00000E+00
    4.5388E+01 -1.52036E+02 -8.72184E+01  0.00000E+00  0.00000E+00
    4.5441E+01 -1.52036E+02 -8.72184E+01  0.00000E+00  0.00000E+00
    4.5494E+01 -1.52036E+02 -8.72184E+01  0.00000E+00  0.00000E+00
    4.5548E+01 -1.52036E+02 -8.72184E+01  0.00000E+00  0.00000E+00
    4.5601E+01 -1.52036E+02 -8.72184E+01  0.00000E+00  0.00000E+00
    4.5655E+01 -1.52036E+02 -8.72184E+01  0.00000E+00  0.00000E+00
    4.5708E+01 -1.52036E+02 -8.72184E+01  0.00000E+00  0.00000E+00
    4.5762E+01 -1.52036E+02 -8.72184E+01  0.00000E+00  0.00000E+00
    4.5815E+01 -1.52036E+02 -8.72184E+01  0.00000E+00  0.00000E+00
    4.5869E+01 -1.52036E+02 -8.72184E+01  0.00000E+00  0.00000E+00
    4.5922E+01 -1.52036E+02 -8.72184E+01  0.00000E+00  0.00000E+00
    4.5976E+01 -1.52036E+02 -8.72184E+01  0.00000E+00  0.00000E+00
    4.6029E+01 -1.52036E+02 -8.72184E+01  0.00000E+00  0.00000E+00
    4.6083E+01 -1.52036E+02 -8.72184E+01  0.00000E+00  0.00000E+00
    4.6136E+01 -1.52036E+02 -8.72184E+01  0.00000E+00  0.00000E+00
    4.6189E+01 -1.52036E+02 -8.72184E+01  0.00000E+00  0.00000E+00
    4.6243E+01 -1.52036E+02 -8.72184E+01  0.00000E+00  0.00000E+00
    4.6296E+01 -1.52036E+02 -8.72184E+01  0.00000E+00  0.00000E+00
    4.6350E+01 -1.52036E+02 -8.72184E+01  0.00000E+00  0.00000E+00
    4.6403E+01 -1.52036E+02 -8.72184E+01  0.00000E+00  0.00000E+00
    4.6457E+01 -1.52036E+02 -8.72184E+01  0.00000E+00  0.00000E+00
    4.6510E+01 -1.52036E+02 -8.72184E+01  0.00000E+00  0.00000E+00
    4.6564E+01 -1.52036E+02 -8.72184E+01  0.00000E+00  0.00000E+00
    4.6617E+01 -1.52036E+02 -8.72184E+01  0.00000E+00  0.00000E+00
    4.6671E+01 -1.52036E+02 -8.72184E+01  0.00000E+00  0.00000E+00
    4.6724E+01 -1.52036E+02 -8.72184E+01  0.00000E+00  0.00000E+00
    4.6778E+01 -1.52036E+02 -8.72184E+01  0.00000E+00  0.00000E+00
    4.6831E+01 -1.52036E+02 -8.72184E+01  0.00000E+00  0.00000E+00
    4.6884E+01 -1.52036E+02 -8.72184E+01  0.00000E+00  0.00000E+00
    4.6938E+01 -1.52036E+02 -8.72184E+01  0.00000E+00  0.00000E+00
    4.6991E+01 -1.52036E+02 -8.72184E+01  0.00000E+00  0.00000E+00
    4.7045E+01 -1.52036E+02 -8.72184E+01  0.00000E+00  0.00000E+00
    4.7098E+01 -1.52036E+02 -8.72184E+01  0.00000E+00  0.00000E+00
    4.7152E+01 -1.52036E+02 -8.72184E+01  0.00000E+00  0.00000E+00
    4.7205E+01 -1.52036E+02 -8.72184E+01  0.00000E+00  0.00000E+00
    4.7259E+01 -1.52036E+02 -8.72184E+01  0.00000E+00  0.00000E+00
    4.7312E+01 -1.59787E+02 -8.91561E+01  0.00000E+00  0.00000E+00
    4.7366E+01 -1.59787E+02 -8.91561E+01  0.00000E+00  0.00000E+00
    4.7419E+01 -1.59787E+02 -8.91561E+01  0.00000E+00  0.00000E+00
    4.7473E+01 -1.59787E+02 -8.91561E+01  0.00000E+00  0.00000E+00
    4.7526E+01 -1.59787E+02 -8.91561E+01  0.00000E+00  0.00000E+00
    4.7579E+01 -1.59787E+02 -8.91561E+01  0.00000E+00  0.00000E+00
    4.7633E+01 -1.59787E+02 -8.91561E+01  0.00000E+00  0.00000E+00
    4.7686E+01 -1.59787E+02 -8.91561E+01  0.00000E+00  0.00000E+00
    4.7740E+01 -1.59787E+02 -8.91561E+01  0.00000E+00  0.00000E+00
    4.7793E+01 -1.59787E+02 -8.91561E+01  0.00000E+00  0.00000E+00
    4.7847E+01 -1.59787E+02 -8.91561E+01  0.00000E+00  0.00000E+00
    4.7900E+01 -1.59787E+02 -8.91561E+01  0.00000E+00  0.00000E+00
    4.7954E+01 -1.59787E+02 -8.91561E+01  0.00000E+00  0.00000E+00
    4.8007E+01 -1.59787E+02 -8.91561E+01  0.00000E+00  0.00000E+00
    4.8061E+01 -1.59787E+02 -8.91561E+01  0.00000E+00  0.00000E+00
    4.8114E+01 -1.59787E+02 -8.91561E+01  0.00000E+00  0.00000E+00
    4.8167E+01 -1.59787E+02 -8.91561E+01  0.00000E+00  0.00000E+00
    4.8221E+01 -1.59787E+02 -8.91561E+01  0.00000E+00  0.00000E+00
    4.8274E+01 -1.59787E+02 -8.91561E+01  0.00000E+00  0.00000E+00
    4.8328E+01 -1.59787E+02 -8.91561E+01  0.00000E+00  0.00000E+00
    4.8381E+01 -1.59787E+02 -8.91561E+01  0.00000E+00  0.00000E+00
    4.8435E+01 -1.59787E+02 -8.91561E+01  0.00000E+00  0.00000E+00
    4.8488E+01 -1.59787E+02 -8.91561E+01  0.00000E+00  0.00000E+00
    4.8542E+01 -1.59787E+02 -8.91561E+01  0.00000E+00  0.00000E+00
    4.8595E+01 -1.59787E+02 -8.91561E+01  0.00000E+00  0.00000E+00
    4.8649E+01 -1.59787E+02 -8.91561E+01  0.00000E+00  0.00000E+00
    4.8702E+01 -1.59787E+02 -8.91561E+01  0.00000E+00  0.00000E+00
    4.8756E+01 -1.59787E+02 -8.91561E+01  0.00000E+00  0.00000E+00
    4.8809E+01 -1.59787E+02 -8.91561E+01  0.00000E+00  0.00000E+00
    4.8862E+01 -1.59787E+02 -8.91561E+01  0.00000E+00  0.00000E+00
    4.8916E+01 -1.59787E+02 -8.91561E+01  0.00000E+00  0.00000E+00
    4.8969E+01 -1.59787E+02 -8.91561E+01  0.00000E+00  0.00000E+00
    4.9023E+01 -1.59787E+02 -8.91561E+01  0.00000E+00  0.00000E+00
    4.9076E+01 -1.59787E+02 -8.91561E+01  0.00000E+00  0.00000E+00
    4.9130E+01 -1.59787E+02 -8.91561E+01  0.00000E+00  0.00000E+00
    4.9183E+01 -1.59787E+02 -8.91561E+01  0.00000E+00  0.00000E+00
    4.9237E+01 -1.59787E+02 -8.91561E+01  0.00000E+00  0.00000E+00
    4.9290E+01 -1.59787E+02 -8.91561E+01  0.00000E+00  0.00000E+00
    4.9344E+01 -1.59787E+02 -8.91561E+01  0.00000E+00  0.00000E+00
    4.9397E+01 -1.59787E+02 -8.91561E+01  0.00000E+00  0.00000E+00
    4.9451E+01 -1.59787E+02 -8.91561E+01  0.00000E+00  0.00000E+00
    4.9504E+01 -1.59787E+02 -8.91561E+01  0.00000E+00  0.00000E+00
    4.9557E+01 -1.59787E+02 -8.91561E+01  0.00000E+00  0.00000E+00
    4.9611E+01 -1.59787E+02 -8.91561E+01  0.00000E+00  0.00000E+00
    4.9664E+01 -1.59787E+02 -8.91561E+01  0.00000E+00  0.00000E+00
    4.9718E+01 -1.59787E+02 -8.91561E+01  0.00000E+00  0.00000E+00
    4.9771E+01 -1.59787E+02 -8.91561E+01  0.00000E+00  0.00000E+00
    4.9825E+01 -1.59787E+02 -8.91561E+01  0.00000E+00  0.00000E+00
    4.9878E+01 -1.59787E+02 -8.91561E+01  0.00000E+00  0.00000E+00
    4.9932E+01 -1.59787E+02 -8.91561E+01  0.00000E+00  0.00000E+00
    4.9985E+01 -1.59787E+02 -8.91561E+01  0.00000E+00  0.00000E+00
    5.0039E+01 -1.59787E+02 -8.91561E+01  0.00000E+00  0.00000E+00
    5.0092E+01 -1.59787E+02 -8.91561E+01  0.00000E+00  0.00000E+00
    5.0146E+01 -1.59787E+02 -8.91561E+01  0.00000E+00  0.00000E+00
    5.0199E+01 -1.59787E+02 -8.91561E+01  0.00000E+00  0.00000E+00
    5.0252E+01 -1.59787E+02 -8.91561E+01  0.00000E+00  0.00000E+00
    5.0306E+01 -1.59787E+02 -8.91561E+01  0.00000E+00  0.00000E+00
    5.0359E+01 -1.59787E+02 -8.91561E+01  0.00000E+00  0.00000E+00
    5.0413E+01 -1.59787E+02 -8.91561E+01  0.00000E+00  0.00000E+00
    5.0466E+01 -1.59787E+02 -8.91561E+01  0.00000E+00  0.00000E+00
    5.0520E+01 -1.59787E+02 -8.91561E+01  0.00000E+00  0.00000E+00
    5.0573E+01 -1.59787E+02 -8.91561E+01  0.00000E+00  0.00000E+00
    5.0627E+01 -1.59787E+02 -8.91561E+01  0.00000E+00  0.00000E+00
    5.0680E+01 -1.59787E+02 -8.91561E+01  0.00000E+00  0.00000E+00
    5.0734E+01 -1.59787E+02 -8.91561E+01  0.00000E+00  0.00000E+00
    5.0787E+01 -1.59787E+02 -8.91561E+01  0.00000E+00  0.00000E+00
    5.0841E+01 -1.59787E+02 -8.91561E+01  0.00000E+00  0.00000E+00
    5.0894E+01 -1.59787E+02 -8.91561E+01  0.00000E+00  0.00000E+00
    5.0947E+01 -1.59787E+02 -8.91561E+01  0.00000E+00  0.00000E+00
    5.1001E+01 -1.59787E+02 -8.91561E+01  0.00000E+00  0.00000E+00
    5.1054E+01 -1.59787E+02 -8.91561E+01  0.00000E+00  0.00000E+00
    5.1108E+01 -1.59787E+02 -8.91561E+01  0.00000E+00  0.00000E+00
    5.1161E+01 -1.59787E+02 -8.91561E+01  0.00000E+00  0.00000E+00
    5.1215E+01 -1.59787E+02 -8.91561E+01  0.00000E+00  0.00000E+00
    5.1268E+01 -1.59787E+02 -8.91561E+01  0.00000E+00  0.00000E+00
    5.1322E+01 -1.59787E+02 -8.91561E+01  0.00000E+00  0.00000E+00
    5.1375E+01 -1.59787E+02 -8.91561E+01  0.00000E+00  0.00000E+00
    5.1429E+01 -1.59787E+02 -8.91561E+01  0.00000E+00  0.00000E+00
    5.1482E+01 -1.59787E+02 -8.91561E+01  0.00000E+00  0.00000E+00
    5.1535E+01 -1.59787E+02 -8.91561E+01  0.00000E+00  0.00000E+00
    5.1589E+01 -1.59787E+02 -8.91561E+01  0.00000E+00  0.00000E+00
    5.1642E+01 -1.59787E+02 -8.91561E+01  0.00000E+00  0.00000E+00
    5.1696E+01 -1.59787E+02 -8.91561E+01  0.00000E+00  0.00000E+00
    5.1749E+01 -1.59787E+02 -8.91561E+01  0.00000E+00  0.00000E+00
    5.1803E+01 -1.59787E+02 -8.91561E+01  0.00000E+00  0.00000E+00
    5.1856E+01 -1.59787E+02 -8.91561E+01  0.00000E+00  0.00000E+00
    5.1910E+01 -1.59787E+02 -8.91561E+01  0.00000E+00  0.00000E+00
    5.1963E+01 -1.59787E+02 -8.91561E+01  0.00000E+00  0.00000E+00
    5.2017E+01 -1.59787E+02 -8.91561E+01  0.00000E+00  0.00000E+00
    5.2070E+01 -1.59787E+02 -8.91561E+01  0.00000E+00  0.00000E+00
    5.2124E+01 -1.59787E+02 -8.91561E+01  0.00000E+00  0.00000E+00
    5.2177E+01 -1.59787E+02 -8.91561E+01  0.00000E+00  0.00000E+00
    5.2230E+01 -1.59787E+02 -8.91561E+01  0.00000E+00  0.00000E+00
    5.2284E+01 -1.59787E+02 -8.91561E+01  0.00000E+00  0.00000E+00
    5.2337E+01 -1.59787E+02 -8.91561E+01  0.00000E+00  0.00000E+00
    5.2391E+01 -1.59787E+02 -8.91561E+01  0.00000E+00  0.00000E+00
    5.2444E+01 -1.59787E+02 -8.91561E+01  0.00000E+00  0.00000E+00
    5.2498E+01 -1.59787E+02 -8.91561E+01  0.00000E+00  0.00000E+00
    5.2551E+01 -1.59787E+02 -8.91561E+01  0.00000E+00  0.00000E+00
    5.2605E+01 -1.59787E+02 -8.91561E+01  0.00000E+00  0.00000E+00
    5.2658E+01 -1.59787E+02 -8.91561E+01  0.00000E+00  0.00000E+00
    5.2712E+01 -1.59787E+02 -8.91561E+01  0.00000E+00  0.00000E+00
    5.2765E+01 -1.59787E+02 -8.91561E+01  0.00000E+00  0.00000E+00
    5.2819E+01 -1.59787E+02 -8.91561E+01  0.00000E+00  0.00000E+00
    5.2872E+01 -1.59787E+02 -8.91561E+01  0.00000E+00  0.00000E+00
    5.2925E+01 -1.59787E+02 -8.91561E+01  0.00000E+00  0.00000E+00
    5.2979E+01 -1.59787E+02 -8.91561E+01  0.00000E+00  0.00000E+00
    5.3032E+01 -1.59787E+02 -8.91561E+01  0.00000E+00  0.00000E+00
    5.3086E+01 -1.59787E+02 -8.91561E+01  0.00000E+00  0.00000E+00
    5.3139E+01 -1.59787E+02 -8.91561E+01  0.00000E+00  0.00000E+00
    5.3193E+01 -1.59787E+02 -8.91561E+01  0.00000E+00  0.00000E+00
    5.3246E+01 -1.59787E+02 -8.91561E+01  0.00000E+00  0.00000E+00
    5.3300E+01 -1.59787E+02 -8.91561E+01  0.00000E+00  0.00000E+00
    5.3353E+01 -1.59787E+02 -8.91561E+01  0.00000E+00  0.00000E+00
    5.3407E+01 -1.65523E+02 -9.48919E+01  0.00000E+00  0.00000E+00
