    0.0000E+00  0.00000E+00  0.00000E+00  0.00000E+00  0.00000E+00  0.00000E+00  0.00000E+00
    1.0500E-01  0.00000E+00  0.00000E+00  0.00000E+00  0.00000E+00  0.00000E+00  0.00000E+00
    2.1000E-01  0.00000E+00  0.00000E+00  0.00000E+00  0.00000E+00  0.00000E+00  0.00000E+00
    3.1500E-01  0.00000E+00  0.00000E+00  0.00000E+00  0.00000E+00  0.00000E+00  0.00000E+00
    4.2000E-01  0.00000E+00  0.00000E+00  0.00000E+00  0.00000E+00  0.00000E+00  0.00000E+00
    5.2500E-01  0.00000E+00  0.00000E+00  0.00000E+00  0.00000E+00  0.00000E+00  0.00000E+00
    6.3000E-01  0.00000E+00  0.00000E+00  0.00000E+00  0.00000E+00  0.00000E+00  0.00000E+00
    7.3500E-01  0.00000E+00  0.00000E+00  0.00000E+00  0.00000E+00  0.00000E+00  0.00000E+00
    8.4001E-01  0.00000E+00  0.00000E+00  0.00000E+00  0.00000E+00  0.00000E+00  0.00000E+00
    9.4501E-01  0.00000E+00  0.00000E+00  0.00000E+00  0.00000E+00  0.00000E+00  0.00000E+00
    1.0500E+00  0.00000E+00  0.00000E+00  0.00000E+00  0.00000E+00  0.00000E+00  0.00000E+00
    1.1550E+00  0.00000E+00  0.00000E+00  0.00000E+00  0.00000E+00  0.00000E+00  0.00000E+00
    1.2600E+00  0.00000E+00  0.00000E+00  0.00000E+00  0.00000E+00  0.00000E+00  0.00000E+00
    1.3650E+00  0.00000E+00  0.00000E+00  0.00000E+00  0.00000E+00  0.00000E+00  0.00000E+00
    1.4700E+00  0.00000E+00  0.00000E+00  0.00000E+00  0.00000E+00  0.00000E+00  0.00000E+00
    1.5750E+00  0.00000E+00  0.00000E+00  0.00000E+00  0.00000E+00  0.00000E+00  0.00000E+00
    1.6800E+00  0.00000E+00  0.00000E+00  0.00000E+00  0.00000E+00  0.00000E+00  0.00000E+00
    1.7850E+00  1.24645E-04 -5.79400E-04  1.24645E-04 -5.79400E-04  1.24645E-04 -5.79400E-04
    1.8900E+00  1.24645E-04 -5.79400E-04  1.24645E-04 -5.79400E-04  1.24645E-04 -5.79400E-04
    1.9950E+00  1.24645E-04 -5.79400E-04  1.24645E-04 -5.79400E-04  1.24645E-04 -5.79400E-04
    2.1000E+00  1.24645E-04 -5.79400E-04  1.24645E-04 -5.79400E-04  1.24645E-04 -5.79400E-04
    2.2050E+00  1.24645E-04 -5.79400E-04  1.24645E-04 -5.79400E-04  1.24645E-04 -5.79400E-04
    2.3100E+00  1.24645E-04 -5.79400E-04  1.24645E-04 -5.79400E-04  1.24645E-04 -5.79400E-04
    2.4150E+00  1.24645E-04 -5.79400E-04  1.24645E-04 -5.79400E-04  1.24645E-04 -5.79400E-04
    2.5200E+00  1.24645E-04 -5.79400E-04  1.24645E-04 -5.79400E-04  1.24645E-04 -5.79400E-04
    2.6250E+00  1.24645E-04 -5.79400E-04  1.24645E-04 -5.79400E-04  1.24645E-04 -5.79400E-04
    2.7300E+00  1.24645E-04 -5.79400E-04  1.24645E-04 -5.79400E-04  1.24645E-04 -5.79400E-04
    2.8350E+00  1.24645E-04 -5.79400E-04  1.24645E-04 -5.79400E-04  1.24645E-04 -5.79400E-04
    2.9400E+00  1.24645E-04 -5.79400E-04  1.24645E-04 -5.79400E-04  1.24645E-04 -5.79400E-04
    3.0450E+00  1.24645E-04 -5.79400E-04  1.24645E-04 -5.79400E-04  1.24645E-04 -5.79400E-04
    3.1500E+00  1.24645E-04 -5.79400E-04  1.24645E-04 -5.79400E-04  1.24645E-04 -5.79400E-04
    3.2550E+00  1.24645E-04 -5.79400E-04  1.24645E-04 -5.79400E-04  1.24645E-04 -5.79400E-04
    3.3600E+00  4.38707E-04 -2.08649E-03  4.38707E-04 -2.08649E-03  4.38707E-04 -2.08649E-03
    3.4650E+00  4.38707E-04 -2.08649E-03  4.38707E-04 -2.08649E-03  4.38707E-04 -2.08649E-03
    3.5700E+00  4.38707E-04 -2.08649E-03  4.38707E-04 -2.08649E-03  4.38707E-04 -2.08649E-03
    3.6750E+00  4.38707E-04 -2.08649E-03  4.38707E-04 -2.08649E-03  4.38707E-04 -2.08649E-03
    3.7800E+00  4.38707E-04 -2.08649E-03  4.38707E-04 -2.08649E-03  4.38707E-04 -2.08649E-03
    3.8850E+00  4.38707E-04 -2.08649E-03  4.38707E-04 -2.08649E-03  4.38707E-04 -2.08649E-03
    3.9900E+00  4.38707E-04 -2.08649E-03  4.38707E-04 -2.08649E-03  4.38707E-04 -2.08649E-03
    4.0950E+00  4.38707E-04 -2.08649E-03  4.38707E-04 -2.08649E-03  4.38707E-04 -2.08649E-03
    4.2000E+00  4.38707E-04 -2.08649E-03  4.38707E-04 -2.08649E-03  4.38707E-04 -2.08649E-03
    4.3050E+00  1.25630E-03 -6.09319E-03  1.25630E-03 -6.09319E-03  1.25630E-03 -6.09319E-03
    4.4100E+00  1.25630E-03 -6.09319E-03  1.25630E-03 -6.09319E-03  1.25630E-03 -6.09319E-03
    4.5150E+00  1.25630E-03 -6.09319E-03  1.25630E-03 -6.09319E-03  1.25630E-03 -6.09319E-03
    4.6200E+00  1.59855E-03 -7.81712E-03  1.59855E-03 -7.81712E-03  1.59855E-03 -7.81712E-03
    4.7250E+00  1.59855E-03 -7.81712E-03  1.59855E-03 -7.81712E-03  1.59855E-03 -7.81712E-03
    4.8300E+00  1.59855E-03 -7.81712E-03  1.59855E-03 -7.81712E-03  1.59855E-03 -7.81712E-03
    4.9350E+00  1.59855E-03 -7.81712E-03  1.59855E-03 -7.81712E-03  1.59855E-03 -7.81712E-03
    5.0400E+00  1.59855E-03 -7.81712E-03  1.59855E-03 -7.81712E-03  1.59855E-03 -7.81712E-03
    5.1450E+00  3.03470E-03 -1.51328E-02  3.03470E-03 -1.51328E-02  3.03470E-03 -1.51328E-02
    5.2500E+00  3.03470E-03 -1.51328E-02  3.03470E-03 -1.51328E-02  3.03470E-03 -1.51328E-02
    5.3550E+00  5.16400E-03 -2.50969E-02  5.16400E-03 -2.50969E-02  5.16400E-03 -2.50969E-02
    5.4600E+00  5.39106E-03 -2.63125E-02  5.39106E-03 -2.63125E-02  5.39106E-03 -2.63125E-02
    5.5650E+00  5.39106E-03 -2.63125E-02  5.39106E-03 -2.63125E-02  5.39106E-03 -2.63125E-02
    5.6700E+00  6.55271E-03 -3.24233E-02  6.55271E-03 -3.24233E-02  6.55271E-03 -3.24233E-02
    5.7750E+00  6.55271E-03 -3.24233E-02  6.55271E-03 -3.24233E-02  6.55271E-03 -3.24233E-02
    5.8800E+00  6.87706E-03 -3.42213E-02  6.87706E-03 -3.42213E-02  6.87706E-03 -3.42213E-02
    5.9850E+00  9.17324E-03 -4.51054E-02  9.17324E-03 -4.51054E-02  9.17324E-03 -4.51054E-02
    6.0900E+00  9.98288E-03 -4.95304E-02  9.98288E-03 -4.95304E-02  9.98288E-03 -4.95304E-02
    6.1950E+00  1.18504E-02 -5.85853E-02  1.18504E-02 -5.85853E-02  1.18504E-02 -5.85853E-02
    6.3000E+00  1.33164E-02 -6.60020E-02  1.33164E-02 -6.60020E-02  1.33164E-02 -6.60020E-02
    6.4050E+00  1.35280E-02 -6.72219E-02  1.35280E-02 -6.72219E-02  1.35280E-02 -6.72219E-02
    6.5100E+00  1.47195E-02 -7.35552E-02  1.47195E-02 -7.35552E-02  1.47195E-02 -7.35552E-02
    6.6150E+00  1.49151E-02 -7.46939E-02  1.49151E-02 -7.46939E-02  1.49151E-02 -7.46939E-02
    6.7200E+00  1.55690E-02 -7.83274E-02  1.55690E-02 -7.83274E-02  1.55690E-02 -7.83274E-02
    6.8250E+00  1.55690E-02 -7.83274E-02  1.55690E-02 -7.83274E-02  1.55690E-02 -7.83274E-02
    6.9300E+00  1.56940E-02 -7.90798E-02  1.56940E-02 -7.90798E-02  1.56940E-02 -7.90798E-02
    7.0350E+00  1.61388E-02 -8.16618E-02  1.61388E-02 -8.16618E-02  1.61388E-02 -8.16618E-02
    7.1400E+00  1.61388E-02 -8.16618E-02  1.61388E-02 -8.16618E-02  1.61388E-02 -8.16618E-02
    7.2450E+00  1.61388E-02 -8.16618E-02  1.61388E-02 -8.16618E-02  1.61388E-02 -8.16618E-02
    7.3500E+00  1.62472E-02 -8.23240E-02  1.62472E-02 -8.23240E-02  1.62472E-02 -8.23240E-02
    7.4550E+00  1.68168E-02 -8.55003E-02  1.68168E-02 -8.55003E-02  1.68168E-02 -8.55003E-02
    7.5600E+00  1.68168E-02 -8.55003E-02  1.68168E-02 -8.55003E-02  1.68168E-02 -8.55003E-02
    7.6651E+00  1.81740E-02 -9.27908E-02  1.81740E-02 -9.27908E-02  1.81740E-02 -9.27908E-02
    7.7701E+00  1.84085E-02 -9.41659E-02  1.84085E-02 -9.41659E-02  1.84085E-02 -9.41659E-02
    7.8751E+00  2.03962E-02 -1.03623E-01  2.03962E-02 -1.03623E-01  2.03962E-02 -1.03623E-01
    7.9801E+00  2.23277E-02 -1.12837E-01  2.23277E-02 -1.12837E-01  2.23277E-02 -1.12837E-01
    8.0851E+00  2.24847E-02 -1.13822E-01  2.24847E-02 -1.13822E-01  2.24847E-02 -1.13822E-01
    8.1901E+00  2.48552E-02 -1.25617E-01  2.48552E-02 -1.25617E-01  2.48552E-02 -1.25617E-01
    8.2951E+00  2.48552E-02 -1.25617E-01  2.48552E-02 -1.25617E-01  2.48552E-02 -1.25617E-01
    8.4001E+00  2.53623E-02 -1.28474E-01  2.53623E-02 -1.28474E-01  2.53623E-02 -1.28474E-01
    8.5051E+00  2.53623E-02 -1.28474E-01  2.53623E-02 -1.28474E-01  2.53623E-02 -1.28474E-01
    8.6101E+00  2.55476E-02 -1.29590E-01  2.55476E-02 -1.29590E-01  2.55476E-02 -1.29590E-01
    8.7151E+00  2.56486E-02 -1.30221E-01  2.56486E-02 -1.30221E-01  2.56486E-02 -1.30221E-01
    8.8201E+00  2.56486E-02 -1.30221E-01  2.56486E-02 -1.30221E-01  2.56486E-02 -1.30221E-01
    8.9251E+00  2.56486E-02 -1.30221E-01  2.56486E-02 -1.30221E-01  2.56486E-02 -1.30221E-01
    9.0301E+00  3.18416E-02 -1.60439E-01  3.18416E-02 -1.60439E-01  3.18416E-02 -1.60439E-01
    9.1351E+00  3.18416E-02 -1.60439E-01  3.18416E-02 -1.60439E-01  3.18416E-02 -1.60439E-01
    9.2401E+00  3.52894E-02 -1.79726E-01  3.52894E-02 -1.79726E-01  3.52894E-02 -1.79726E-01
    9.3451E+00  3.91109E-02 -2.00809E-01  3.91109E-02 -2.00809E-01  3.91109E-02 -2.00809E-01
    9.4501E+00  4.35651E-02 -2.25340E-01  4.35651E-02 -2.25340E-01  4.35651E-02 -2.25340E-01
    9.5551E+00  4.56660E-02 -2.37120E-01  4.56660E-02 -2.37120E-01  4.56660E-02 -2.37120E-01
    9.6601E+00  5.07852E-02 -2.64193E-01  5.07852E-02 -2.64193E-01  5.07852E-02 -2.64193E-01
    9.7651E+00  5.44666E-02 -2.84351E-01  5.44666E-02 -2.84351E-01  5.44666E-02 -2.84351E-01
    9.8701E+00  5.78405E-02 -3.01813E-01  5.78405E-02 -3.01813E-01  5.78405E-02 -3.01813E-01
    9.9751E+00  5.93241E-02 -3.10163E-01  5.93241E-02 -3.10163E-01  5.93241E-02 -3.10163E-01
    1.0080E+01  6.49920E-02 -3.40092E-01  6.49920E-02 -3.40092E-01  6.49920E-02 -3.40092E-01
    1.0185E+01  6.57106E-02 -3.44517E-01  6.57106E-02 -3.44517E-01  6.57106E-02 -3.44517E-01
    1.0290E+01  7.95560E-02 -4.14524E-01  7.95560E-02 -4.14524E-01  7.95560E-02 -4.14524E-01
    1.0395E+01  9.56384E-02 -4.94535E-01  9.56384E-02 -4.94535E-01  9.56384E-02 -4.94535E-01
    1.0500E+01  9.69179E-02 -5.01852E-01  9.69179E-02 -5.01852E-01  9.69179E-02 -5.01852E-01
    1.0605E+01  9.69179E-02 -5.01852E-01  9.69179E-02 -5.01852E-01  9.69179E-02 -5.01852E-01
    1.0710E+01  1.07147E-01 -5.49592E-01  1.07147E-01 -5.49592E-01  1.07147E-01 -5.49592E-01
    1.0815E+01  1.08170E-01 -5.55821E-01  1.08170E-01 -5.55821E-01  1.08170E-01 -5.55821E-01
    1.0920E+01  1.08170E-01 -5.55821E-01  1.08170E-01 -5.55821E-01  1.08170E-01 -5.55821E-01
    1.1025E+01  1.17824E-01 -6.06551E-01  1.17824E-01 -6.06551E-01  1.17824E-01 -6.06551E-01
    1.1130E+01  1.19495E-01 -6.15927E-01  1.19495E-01 -6.15927E-01  1.19495E-01 -6.15927E-01
    1.1235E+01  1.19495E-01 -6.15927E-01  1.19495E-01 -6.15927E-01  1.19495E-01 -6.15927E-01
    1.1340E+01  1.19495E-01 -6.15927E-01  1.19495E-01 -6.15927E-01  1.19495E-01 -6.15927E-01
    1.1445E+01  1.19495E-01 -6.15927E-01  1.19495E-01 -6.15927E-01  1.19495E-01 -6.15927E-01
    1.1550E+01  1.19495E-01 -6.15927E-01  1.19495E-01 -6.15927E-01  1.19495E-01 -6.15927E-01
    1.1655E+01  1.19495E-01 -6.15927E-01  1.19495E-01 -6.15927E-01  1.19495E-01 -6.15927E-01
    1.1760E+01  1.31973E-01 -6.78494E-01  1.31973E-01 -6.78494E-01  1.31973E-01 -6.78494E-01
    1.1865E+01  1.36943E-01 -7.05951E-01  1.36943E-01 -7.05951E-01  1.36943E-01 -7.05951E-01
    1.1970E+01  1.36943E-01 -7.05951E-01  1.36943E-01 -7.05951E-01  1.36943E-01 -7.05951E-01
    1.2075E+01  1.42770E-01 -7.36240E-01  1.42770E-01 -7.36240E-01  1.42770E-01 -7.36240E-01
    1.2180E+01  1.43422E-01 -7.40052E-01  1.43422E-01 -7.40052E-01  1.43422E-01 -7.40052E-01
    1.2285E+01  1.51466E-01 -7.81096E-01  1.51466E-01 -7.81096E-01  1.51466E-01 -7.81096E-01
    1.2390E+01  1.62375E-01 -8.32020E-01  1.62375E-01 -8.32020E-01  1.62375E-01 -8.32020E-01
    1.2495E+01  1.68542E-01 -8.62869E-01  1.68542E-01 -8.62869E-01  1.68542E-01 -8.62869E-01
    1.2600E+01  1.85677E-01 -9.45377E-01  1.85677E-01 -9.45377E-01  1.85677E-01 -9.45377E-01
    1.2705E+01  1.88861E-01 -9.62936E-01  1.88861E-01 -9.62936E-01  1.88861E-01 -9.62936E-01
    1.2810E+01  1.98043E-01 -1.00719E+00  1.98043E-01 -1.00719E+00  1.98043E-01 -1.00719E+00
    1.2915E+01  1.98940E-01 -1.01238E+00  1.98940E-01 -1.01238E+00  1.98940E-01 -1.01238E+00
    1.3020E+01  2.03951E-01 -1.03769E+00  2.03951E-01 -1.03769E+00  2.03951E-01 -1.03769E+00
    1.3125E+01  2.22783E-01 -1.12204E+00  2.22783E-01 -1.12204E+00  2.22783E-01 -1.12204E+00
    1.3230E+01  2.24383E-01 -1.13089E+00  2.24383E-01 -1.13089E+00  2.24383E-01 -1.13089E+00
    1.3335E+01  2.25786E-01 -1.13802E+00  2.25786E-01 -1.13802E+00  2.25786E-01 -1.13802E+00
    1.3440E+01  2.29304E-01 -1.15734E+00  2.29304E-01 -1.15734E+00  2.29304E-01 -1.15734E+00
    1.3545E+01  2.53451E-01 -1.27157E+00  2.53451E-01 -1.27157E+00  2.53451E-01 -1.27157E+00
    1.3650E+01  2.57344E-01 -1.29201E+00  2.57344E-01 -1.29201E+00  2.57344E-01 -1.29201E+00
    1.3755E+01  2.67817E-01 -1.34523E+00  2.67817E-01 -1.34523E+00  2.67817E-01 -1.34523E+00
    1.3860E+01  2.70756E-01 -1.36172E+00  2.70756E-01 -1.36172E+00  2.70756E-01 -1.36172E+00
    1.3965E+01  3.03797E-01 -1.50949E+00  3.03797E-01 -1.50949E+00  3.03797E-01 -1.50949E+00
    1.4070E+01  3.03797E-01 -1.50949E+00  3.03797E-01 -1.50949E+00  3.03797E-01 -1.50949E+00
    1.4175E+01  3.06550E-01 -1.52555E+00  3.06550E-01 -1.52555E+00  3.06550E-01 -1.52555E+00
    1.4280E+01  3.07150E-01 -1.52914E+00  3.07150E-01 -1.52914E+00  3.07150E-01 -1.52914E+00
    1.4385E+01  3.16414E-01 -1.57476E+00  3.16414E-01 -1.57476E+00  3.16414E-01 -1.57476E+00
    1.4490E+01  3.62575E-01 -1.79048E+00  3.62575E-01 -1.79048E+00  3.62575E-01 -1.79048E+00
    1.4595E+01  3.77186E-01 -1.86816E+00  3.77186E-01 -1.86816E+00  3.77186E-01 -1.86816E+00
    1.4700E+01  3.84610E-01 -1.91037E+00  3.84610E-01 -1.91037E+00  3.84610E-01 -1.91037E+00
    1.4805E+01  3.91067E-01 -1.94683E+00  3.91067E-01 -1.94683E+00  3.91067E-01 -1.94683E+00
    1.4910E+01  3.95362E-01 -1.97225E+00  3.95362E-01 -1.97225E+00  3.95362E-01 -1.97225E+00
    1.5015E+01  4.01447E-01 -2.00762E+00  4.01447E-01 -2.00762E+00  4.01447E-01 -2.00762E+00
    1.5120E+01  4.07815E-01 -2.04382E+00  4.07815E-01 -2.04382E+00  4.07815E-01 -2.04382E+00
    1.5225E+01  4.27285E-01 -2.14634E+00  4.27285E-01 -2.14634E+00  4.27285E-01 -2.14634E+00
    1.5330E+01  4.45718E-01 -2.23980E+00  4.45718E-01 -2.23980E+00  4.45718E-01 -2.23980E+00
    1.5435E+01  4.48525E-01 -2.25644E+00  4.48525E-01 -2.25644E+00  4.48525E-01 -2.25644E+00
    1.5540E+01  4.82159E-01 -2.40846E+00  4.82159E-01 -2.40846E+00  4.82159E-01 -2.40846E+00
    1.5645E+01  5.26339E-01 -2.56257E+00  5.26339E-01 -2.56257E+00  5.26339E-01 -2.56257E+00
    1.5750E+01  5.29176E-01 -2.57736E+00  5.29176E-01 -2.57736E+00  5.29176E-01 -2.57736E+00
    1.5855E+01  5.59958E-01 -2.71487E+00  5.59958E-01 -2.71487E+00  5.59958E-01 -2.71487E+00
    1.5960E+01  5.84101E-01 -2.82944E+00  5.84101E-01 -2.82944E+00  5.84101E-01 -2.82944E+00
    1.6065E+01  5.85798E-01 -2.84015E+00  5.85798E-01 -2.84015E+00  5.85798E-01 -2.84015E+00
    1.6170E+01  5.94910E-01 -2.88892E+00  5.94910E-01 -2.88892E+00  5.94910E-01 -2.88892E+00
    1.6275E+01  6.41479E-01 -3.10976E+00  6.41479E-01 -3.10976E+00  6.41479E-01 -3.10976E+00
    1.6380E+01  6.53255E-01 -3.17232E+00  6.53255E-01 -3.17232E+00  6.53255E-01 -3.17232E+00
    1.6485E+01  6.97253E-01 -3.38681E+00  6.97253E-01 -3.38681E+00  6.97253E-01 -3.38681E+00
    1.6590E+01  8.05018E-01 -3.79061E+00  8.05018E-01 -3.79061E+00  8.05018E-01 -3.79061E+00
    1.6695E+01  8.29104E-01 -3.91542E+00  8.29104E-01 -3.91542E+00  8.29104E-01 -3.91542E+00
    1.6800E+01  8.72752E-01 -4.11473E+00  8.72752E-01 -4.11473E+00  8.72752E-01 -4.11473E+00
    1.6905E+01  8.72752E-01 -4.11473E+00  8.72752E-01 -4.11473E+00  8.72752E-01 -4.11473E+00
    1.7010E+01  8.73364E-01 -4.11860E+00  8.73364E-01 -4.11860E+00  8.73364E-01 -4.11860E+00
    1.7115E+01  9.66131E-01 -4.40825E+00  9.66131E-01 -4.40825E+00  9.66131E-01 -4.40825E+00
    1.7220E+01  9.66928E-01 -4.41302E+00  9.66928E-01 -4.41302E+00  9.66928E-01 -4.41302E+00
    1.7325E+01  9.68919E-01 -4.42429E+00  9.68919E-01 -4.42429E+00  9.68919E-01 -4.42429E+00
    1.7430E+01  9.68919E-01 -4.42429E+00  9.68919E-01 -4.42429E+00  9.68919E-01 -4.42429E+00
    1.7535E+01  9.70908E-01 -4.43636E+00  9.70908E-01 -4.43636E+00  9.70908E-01 -4.43636E+00
    1.7640E+01  9.70908E-01 -4.43636E+00  9.70908E-01 -4.43636E+00  9.70908E-01 -4.43636E+00
    1.7745E+01  1.00532E+00 -4.58973E+00  1.00532E+00 -4.58973E+00  1.00532E+00 -4.58973E+00
    1.7850E+01  1.01804E+00 -4.65980E+00  1.01804E+00 -4.65980E+00  1.01804E+00 -4.65980E+00
    1.7955E+01  1.03797E+00 -4.76401E+00  1.03797E+00 -4.76401E+00  1.03797E+00 -4.76401E+00
    1.8060E+01  1.14109E+00 -5.11760E+00  1.14109E+00 -5.11760E+00  1.14109E+00 -5.11760E+00
    1.8165E+01  1.16777E+00 -5.25699E+00  1.16777E+00 -5.25699E+00  1.16777E+00 -5.25699E+00
    1.8270E+01  1.16777E+00 -5.25699E+00  1.16777E+00 -5.25699E+00  1.16777E+00 -5.25699E+00
    1.8375E+01  1.16777E+00 -5.25699E+00  1.16777E+00 -5.25699E+00  1.16777E+00 -5.25699E+00
    1.8480E+01  1.16777E+00 -5.25699E+00  1.16777E+00 -5.25699E+00  1.16777E+00 -5.25699E+00
    1.8585E+01  1.16777E+00 -5.25699E+00  1.16777E+00 -5.25699E+00  1.16777E+00 -5.25699E+00
    1.8690E+01  1.17535E+00 -5.29852E+00  1.17535E+00 -5.29852E+00  1.17535E+00 -5.29852E+00
    1.8795E+01  1.17662E+00 -5.30635E+00  1.17662E+00 -5.30635E+00  1.17662E+00 -5.30635E+00
    1.8900E+01  1.17739E+00 -5.31121E+00  1.17739E+00 -5.31121E+00  1.17739E+00 -5.31121E+00
    1.9005E+01  1.18191E+00 -5.33812E+00  1.18191E+00 -5.33812E+00  1.18191E+00 -5.33812E+00
    1.9110E+01  1.18423E+00 -5.35229E+00  1.18423E+00 -5.35229E+00  1.18423E+00 -5.35229E+00
    1.9215E+01  1.31936E+00 -5.96865E+00  1.31936E+00 -5.96865E+00  1.31936E+00 -5.96865E+00
    1.9320E+01  1.43821E+00 -6.49432E+00  1.43821E+00 -6.49432E+00  1.43821E+00 -6.49432E+00
    1.9425E+01  1.45864E+00 -6.57945E+00  1.45864E+00 -6.57945E+00  1.45864E+00 -6.57945E+00
    1.9530E+01  1.52399E+00 -6.89789E+00  1.52399E+00 -6.89789E+00  1.52399E+00 -6.89789E+00
    1.9635E+01  1.55028E+00 -7.04319E+00  1.55028E+00 -7.04319E+00  1.55028E+00 -7.04319E+00
    1.9740E+01  1.63383E+00 -7.40961E+00  1.63383E+00 -7.40961E+00  1.63383E+00 -7.40961E+00
    1.9845E+01  1.63383E+00 -7.40961E+00  1.63383E+00 -7.40961E+00  1.63383E+00 -7.40961E+00
    1.9950E+01  1.66044E+00 -7.54777E+00  1.66044E+00 -7.54777E+00  1.66044E+00 -7.54777E+00
    2.0055E+01  1.70642E+00 -7.77158E+00  1.70642E+00 -7.77158E+00  1.70642E+00 -7.77158E+00
    2.0160E+01  1.70760E+00 -7.77886E+00  1.70760E+00 -7.77886E+00  1.70760E+00 -7.77886E+00
    2.0265E+01  1.77344E+00 -8.06756E+00  1.77344E+00 -8.06756E+00  1.77344E+00 -8.06756E+00
    2.0370E+01  1.77500E+00 -8.07716E+00  1.77500E+00 -8.07716E+00  1.77500E+00 -8.07716E+00
    2.0475E+01  1.93892E+00 -8.73952E+00  1.93892E+00 -8.73952E+00  1.93892E+00 -8.73952E+00
    2.0580E+01  1.94909E+00 -8.79799E+00  1.94909E+00 -8.79799E+00  1.94909E+00 -8.79799E+00
    2.0685E+01  2.16112E+00 -9.68836E+00  2.16112E+00 -9.68836E+00  2.16112E+00 -9.68836E+00
    2.0790E+01  2.18175E+00 -9.79893E+00  2.18175E+00 -9.79893E+00  2.18175E+00 -9.79893E+00
    2.0895E+01  2.25700E+00 -1.01229E+01  2.25700E+00 -1.01229E+01  2.25700E+00 -1.01229E+01
    2.1000E+01  2.25813E+00 -1.01300E+01  2.25813E+00 -1.01300E+01  2.25813E+00 -1.01300E+01
    2.1105E+01  2.25813E+00 -1.01300E+01  2.25813E+00 -1.01300E+01  2.25813E+00 -1.01300E+01
    2.1210E+01  2.40056E+00 -1.07642E+01  2.40056E+00 -1.07642E+01  2.40056E+00 -1.07642E+01
    2.1315E+01  2.41729E+00 -1.08554E+01  2.41729E+00 -1.08554E+01  2.41729E+00 -1.08554E+01
    2.1420E+01  2.52292E+00 -1.12872E+01  2.52292E+00 -1.12872E+01  2.52292E+00 -1.12872E+01
    2.1525E+01  2.53369E+00 -1.13500E+01  2.53369E+00 -1.13500E+01  2.53369E+00 -1.13500E+01
    2.1630E+01  2.64901E+00 -1.19048E+01  2.64901E+00 -1.19048E+01  2.64901E+00 -1.19048E+01
    2.1735E+01  2.65732E+00 -1.19508E+01  2.65732E+00 -1.19508E+01  2.65732E+00 -1.19508E+01
    2.1840E+01  2.66092E+00 -1.19709E+01  2.66092E+00 -1.19709E+01  2.66092E+00 -1.19709E+01
    2.1945E+01  2.79651E+00 -1.25319E+01  2.79651E+00 -1.25319E+01  2.79651E+00 -1.25319E+01
    2.2050E+01  2.79651E+00 -1.25319E+01  2.79651E+00 -1.25319E+01  2.79651E+00 -1.25319E+01
    2.2155E+01  2.86659E+00 -1.28644E+01  2.86659E+00 -1.28644E+01  2.86659E+00 -1.28644E+01
    2.2260E+01  2.87094E+00 -1.28902E+01  2.87094E+00 -1.28902E+01  2.87094E+00 -1.28902E+01
    2.2365E+01  2.87619E+00 -1.29210E+01  2.87619E+00 -1.29210E+01  2.87619E+00 -1.29210E+01
    2.2470E+01  3.00589E+00 -1.34617E+01  3.00589E+00 -1.34617E+01  3.00589E+00 -1.34617E+01
    2.2575E+01  3.02200E+00 -1.35513E+01  3.02200E+00 -1.35513E+01  3.02200E+00 -1.35513E+01
    2.2680E+01  3.03083E+00 -1.35986E+01  3.03083E+00 -1.35986E+01  3.03083E+00 -1.35986E+01
    2.2785E+01  3.03433E+00 -1.36183E+01  3.03433E+00 -1.36183E+01  3.03433E+00 -1.36183E+01
    2.2890E+01  3.03888E+00 -1.36437E+01  3.03888E+00 -1.36437E+01  3.03888E+00 -1.36437E+01
    2.2995E+01  3.04361E+00 -1.36719E+01  3.04361E+00 -1.36719E+01  3.04361E+00 -1.36719E+01
    2.3100E+01  3.08530E+00 -1.38795E+01  3.08530E+00 -1.38795E+01  3.08530E+00 -1.38795E+01
    2.3205E+01  3.18682E+00 -1.43616E+01  3.18682E+00 -1.43616E+01  3.18682E+00 -1.43616E+01
    2.3310E+01  3.25502E+00 -1.47067E+01  3.25502E+00 -1.47067E+01  3.25502E+00 -1.47067E+01
    2.3415E+01  3.42907E+00 -1.55225E+01  3.42907E+00 -1.55225E+01  3.42907E+00 -1.55225E+01
    2.3520E+01  3.42907E+00 -1.55225E+01  3.42907E+00 -1.55225E+01  3.42907E+00 -1.55225E+01
    2.3625E+01  3.43870E+00 -1.55759E+01  3.43870E+00 -1.55759E+01  3.43870E+00 -1.55759E+01
    2.3730E+01  3.43870E+00 -1.55759E+01  3.43870E+00 -1.55759E+01  3.43870E+00 -1.55759E+01
    2.3835E+01  3.61198E+00 -1.63891E+01  3.61198E+00 -1.63891E+01  3.61198E+00 -1.63891E+01
    2.3940E+01  3.61334E+00 -1.63976E+01  3.61334E+00 -1.63976E+01  3.61334E+00 -1.63976E+01
    2.4045E+01  3.61740E+00 -1.64227E+01  3.61740E+00 -1.64227E+01  3.61740E+00 -1.64227E+01
    2.4150E+01  3.72695E+00 -1.68934E+01  3.72695E+00 -1.68934E+01  3.72695E+00 -1.68934E+01
    2.4255E+01  3.75309E+00 -1.70365E+01  3.75309E+00 -1.70365E+01  3.75309E+00 -1.70365E+01
    2.4360E+01  3.81633E+00 -1.72762E+01  3.81633E+00 -1.72762E+01  3.81633E+00 -1.72762E+01
    2.4465E+01  3.86943E+00 -1.75439E+01  3.86943E+00 -1.75439E+01  3.86943E+00 -1.75439E+01
    2.4570E+01  4.00245E+00 -1.81414E+01  4.00245E+00 -1.81414E+01  4.00245E+00 -1.81414E+01
    2.4675E+01  4.03772E+00 -1.83276E+01  4.03772E+00 -1.83276E+01  4.03772E+00 -1.83276E+01
    2.4780E+01  4.09913E+00 -1.86369E+01  4.09913E+00 -1.86369E+01  4.09913E+00 -1.86369E+01
    2.4885E+01  4.29788E+00 -1.95022E+01  4.29788E+00 -1.95022E+01  4.29788E+00 -1.95022E+01
    2.4990E+01  4.29788E+00 -1.95022E+01  4.29788E+00 -1.95022E+01  4.29788E+00 -1.95022E+01
    2.5095E+01  4.53709E+00 -2.05142E+01  4.53709E+00 -2.05142E+01  4.53709E+00 -2.05142E+01
    2.5200E+01  4.54772E+00 -2.05734E+01  4.54772E+00 -2.05734E+01  4.54772E+00 -2.05734E+01
    2.5305E+01  4.82190E+00 -2.17380E+01  4.82190E+00 -2.17380E+01  4.82190E+00 -2.17380E+01
    2.5410E+01  4.82190E+00 -2.17380E+01  4.82190E+00 -2.17380E+01  4.82190E+00 -2.17380E+01
    2.5515E+01  4.83797E+00 -2.18271E+01  4.83797E+00 -2.18271E+01  4.83797E+00 -2.18271E+01
    2.5620E+01  5.00895E+00 -2.26447E+01  5.00895E+00 -2.26447E+01  5.00895E+00 -2.26447E+01
    2.5725E+01  5.01374E+00 -2.26729E+01  5.01374E+00 -2.26729E+01  5.01374E+00 -2.26729E+01
    2.5830E+01  5.16021E+00 -2.32767E+01  5.16021E+00 -2.32767E+01  5.16021E+00 -2.32767E+01
    2.5935E+01  5.18655E+00 -2.34100E+01  5.18655E+00 -2.34100E+01  5.18655E+00 -2.34100E+01
    2.6040E+01  5.25381E+00 -2.37442E+01  5.25381E+00 -2.37442E+01  5.25381E+00 -2.37442E+01
    2.6145E+01  5.45789E+00 -2.45625E+01  5.45789E+00 -2.45625E+01  5.45789E+00 -2.45625E+01
    2.6250E+01  5.49585E+00 -2.47637E+01  5.49585E+00 -2.47637E+01  5.49585E+00 -2.47637E+01
    2.6355E+01  5.61701E+00 -2.53429E+01  5.61701E+00 -2.53429E+01  5.61701E+00 -2.53429E+01
    2.6460E+01  5.69481E+00 -2.57313E+01  5.69481E+00 -2.57313E+01  5.69481E+00 -2.57313E+01
    2.6565E+01  5.71161E+00 -2.58222E+01  5.71161E+00 -2.58222E+01  5.71161E+00 -2.58222E+01
    2.6670E+01  5.75014E+00 -2.60178E+01  5.75014E+00 -2.60178E+01  5.75014E+00 -2.60178E+01
    2.6775E+01  5.79043E+00 -2.62210E+01  5.79043E+00 -2.62210E+01  5.79043E+00 -2.62210E+01
    2.6880E+01  5.89280E+00 -2.66978E+01  5.89280E+00 -2.66978E+01  5.89280E+00 -2.66978E+01
    2.6985E+01  5.89280E+00 -2.66978E+01  5.89280E+00 -2.66978E+01  5.89280E+00 -2.66978E+01
    2.7090E+01  5.95758E+00 -2.70187E+01  5.95758E+00 -2.70187E+01  5.95758E+00 -2.70187E+01
    2.7195E+01  6.08826E+00 -2.76160E+01  6.08826E+00 -2.76160E+01  6.08826E+00 -2.76160E+01
    2.7300E+01  6.11978E+00 -2.77695E+01  6.11978E+00 -2.77695E+01  6.11978E+00 -2.77695E+01
    2.7405E+01  6.61107E+00 -2.98025E+01  6.61107E+00 -2.98025E+01  6.61107E+00 -2.98025E+01
    2.7510E+01  6.67527E+00 -3.01153E+01  6.67527E+00 -3.01153E+01  6.67527E+00 -3.01153E+01
    2.7615E+01  6.67527E+00 -3.01153E+01  6.67527E+00 -3.01153E+01  6.67527E+00 -3.01153E+01
    2.7720E+01  6.88546E+00 -3.10939E+01  6.88546E+00 -3.10939E+01  6.88546E+00 -3.10939E+01
    2.7825E+01  6.88546E+00 -3.10939E+01  6.88546E+00 -3.10939E+01  6.88546E+00 -3.10939E+01
    2.7930E+01  6.93272E+00 -3.13166E+01  6.93272E+00 -3.13166E+01  6.93272E+00 -3.13166E+01
    2.8035E+01  6.93272E+00 -3.13166E+01  6.93272E+00 -3.13166E+01  6.93272E+00 -3.13166E+01
    2.8140E+01  7.08314E+00 -3.20137E+01  7.08314E+00 -3.20137E+01  7.08314E+00 -3.20137E+01
    2.8245E+01  7.08314E+00 -3.20137E+01  7.08314E+00 -3.20137E+01  7.08314E+00 -3.20137E+01
    2.8350E+01  7.28860E+00 -3.29181E+01  7.28860E+00 -3.29181E+01  7.28860E+00 -3.29181E+01
    2.8455E+01  7.64123E+00 -3.42926E+01  7.64123E+00 -3.42926E+01  7.64123E+00 -3.42926E+01
    2.8560E+01  7.72090E+00 -3.46784E+01  7.72090E+00 -3.46784E+01  7.72090E+00 -3.46784E+01
    2.8665E+01  7.72261E+00 -3.46892E+01  7.72261E+00 -3.46892E+01  7.72261E+00 -3.46892E+01
    2.8770E+01  8.07801E+00 -3.61506E+01  8.07801E+00 -3.61506E+01  8.07801E+00 -3.61506E+01
    2.8875E+01  8.07801E+00 -3.61506E+01  8.07801E+00 -3.61506E+01  8.07801E+00 -3.61506E+01
    2.8980E+01  8.07801E+00 -3.61506E+01  8.07801E+00 -3.61506E+01  8.07801E+00 -3.61506E+01
    2.9085E+01  8.80943E+00 -3.90195E+01  8.80943E+00 -3.90195E+01  8.80943E+00 -3.90195E+01
    2.9190E+01  8.87071E+00 -3.93219E+01  8.87071E+00 -3.93219E+01  8.87071E+00 -3.93219E+01
    2.9295E+01  8.87071E+00 -3.93219E+01  8.87071E+00 -3.93219E+01  8.87071E+00 -3.93219E+01
    2.9400E+01  8.98023E+00 -3.98002E+01  8.98023E+00 -3.98002E+01  8.98023E+00 -3.98002E+01
    2.9505E+01  8.98023E+00 -3.98002E+01  8.98023E+00 -3.98002E+01  8.98023E+00 -3.98002E+01
    2.9610E+01  8.98023E+00 -3.98002E+01  8.98023E+00 -3.98002E+01  8.98023E+00 -3.98002E+01
    2.9715E+01  9.12889E+00 -4.05070E+01  9.12889E+00 -4.05070E+01  9.12889E+00 -4.05070E+01
    2.9820E+01  9.12889E+00 -4.05070E+01  9.12889E+00 -4.05070E+01  9.12889E+00 -4.05070E+01
    2.9925E+01  9.18278E+00 -4.07776E+01  9.18278E+00 -4.07776E+01  9.18278E+00 -4.07776E+01
    3.0030E+01  9.38508E+00 -4.16794E+01  9.38508E+00 -4.16794E+01  9.38508E+00 -4.16794E+01
    3.0135E+01  9.38508E+00 -4.16794E+01  9.38508E+00 -4.16794E+01  9.38508E+00 -4.16794E+01
    3.0240E+01  9.38508E+00 -4.16794E+01  9.38508E+00 -4.16794E+01  9.38508E+00 -4.16794E+01
    3.0345E+01  9.71541E+00 -4.30543E+01  9.71541E+00 -4.30543E+01  9.71541E+00 -4.30543E+01
    3.0450E+01  1.02109E+01 -4.52909E+01  1.02109E+01 -4.52909E+01  1.02109E+01 -4.52909E+01
    3.0555E+01  1.02109E+01 -4.52909E+01  1.02109E+01 -4.52909E+01  1.02109E+01 -4.52909E+01
    3.0660E+01  1.02109E+01 -4.52909E+01  1.02109E+01 -4.52909E+01  1.02109E+01 -4.52909E+01
    3.0765E+01  1.06001E+01 -4.67641E+01  1.06001E+01 -4.67641E+01  1.06001E+01 -4.67641E+01
    3.0870E+01  1.14669E+01 -5.01922E+01  1.14669E+01 -5.01922E+01  1.14669E+01 -5.01922E+01
    3.0975E+01  1.15114E+01 -5.04067E+01  1.15114E+01 -5.04067E+01  1.15114E+01 -5.04067E+01
    3.1080E+01  1.15114E+01 -5.04067E+01  1.15114E+01 -5.04067E+01  1.15114E+01 -5.04067E+01
    3.1185E+01  1.15114E+01 -5.04067E+01  1.15114E+01 -5.04067E+01  1.15114E+01 -5.04067E+01
    3.1290E+01  1.15114E+01 -5.04067E+01  1.15114E+01 -5.04067E+01  1.15114E+01 -5.04067E+01
    3.1395E+01  1.15114E+01 -5.04067E+01  1.15114E+01 -5.04067E+01  1.15114E+01 -5.04067E+01
    3.1500E+01  1.16621E+01 -5.10997E+01  1.16621E+01 -5.10997E+01  1.16621E+01 -5.10997E+01
    3.1605E+01  1.16621E+01 -5.10997E+01  1.16621E+01 -5.10997E+01  1.16621E+01 -5.10997E+01
    3.1710E+01  1.21406E+01 -5.28032E+01  1.21406E+01 -5.28032E+01  1.21406E+01 -5.28032E+01
    3.1815E+01  1.21406E+01 -5.28032E+01  1.21406E+01 -5.28032E+01  1.21406E+01 -5.28032E+01
    3.1920E+01  1.21406E+01 -5.28032E+01  1.21406E+01 -5.28032E+01  1.21406E+01 -5.28032E+01
    3.2025E+01  1.22607E+01 -5.33700E+01  1.22607E+01 -5.33700E+01  1.22607E+01 -5.33700E+01
    3.2130E+01  1.22607E+01 -5.33700E+01  1.22607E+01 -5.33700E+01  1.22607E+01 -5.33700E+01
    3.2235E+01  1.25316E+01 -5.45586E+01  1.25316E+01 -5.45586E+01  1.25316E+01 -5.45586E+01
    3.2340E+01  1.30190E+01 -5.65582E+01  1.30190E+01 -5.65582E+01  1.30190E+01 -5.65582E+01
    3.2445E+01  1.30190E+01 -5.65582E+01  1.30190E+01 -5.65582E+01  1.30190E+01 -5.65582E+01
    3.2550E+01  1.30190E+01 -5.65582E+01  1.30190E+01 -5.65582E+01  1.30190E+01 -5.65582E+01
    3.2655E+01  1.30190E+01 -5.65582E+01  1.30190E+01 -5.65582E+01  1.30190E+01 -5.65582E+01
    3.2760E+01  1.30190E+01 -5.65582E+01  1.30190E+01 -5.65582E+01  1.30190E+01 -5.65582E+01
    3.2865E+01  1.33416E+01 -5.79397E+01  1.33416E+01 -5.79397E+01  1.33416E+01 -5.79397E+01
    3.2970E+01  1.33416E+01 -5.79397E+01  1.33416E+01 -5.79397E+01  1.33416E+01 -5.79397E+01
    3.3075E+01  1.33416E+01 -5.79397E+01  1.33416E+01 -5.79397E+01  1.33416E+01 -5.79397E+01
    3.3180E+01  1.34661E+01 -5.84896E+01  1.34661E+01 -5.84896E+01  1.34661E+01 -5.84896E+01
    3.3285E+01  1.39025E+01 -6.03178E+01  1.39025E+01 -6.03178E+01  1.39025E+01 -6.03178E+01
    3.3390E+01  1.40406E+01 -6.09273E+01  1.40406E+01 -6.09273E+01  1.40406E+01 -6.09273E+01
    3.3495E+01  1.40406E+01 -6.09273E+01  1.40406E+01 -6.09273E+01  1.40406E+01 -6.09273E+01
    3.3600E+01  1.40406E+01 -6.09273E+01  1.40406E+01 -6.09273E+01  1.40406E+01 -6.09273E+01
    3.3705E+01  1.40406E+01 -6.09273E+01  1.40406E+01 -6.09273E+01  1.40406E+01 -6.09273E+01
    3.3810E+01  1.40406E+01 -6.09273E+01  1.40406E+01 -6.09273E+01  1.40406E+01 -6.09273E+01
    3.3915E+01  1.51158E+01 -6.54755E+01  1.51158E+01 -6.54755E+01  1.51158E+01 -6.54755E+01
    3.4020E+01  1.51158E+01 -6.54755E+01  1.51158E+01 -6.54755E+01  1.51158E+01 -6.54755E+01
    3.4125E+01  1.55930E+01 -6.70511E+01  1.55930E+01 -6.70511E+01  1.55930E+01 -6.70511E+01
    3.4230E+01  1.55930E+01 -6.70511E+01  1.55930E+01 -6.70511E+01  1.55930E+01 -6.70511E+01
    3.4335E+01  1.55930E+01 -6.70511E+01  1.55930E+01 -6.70511E+01  1.55930E+01 -6.70511E+01
    3.4440E+01  1.58766E+01 -6.82969E+01  1.58766E+01 -6.82969E+01  1.58766E+01 -6.82969E+01
    3.4545E+01  1.58766E+01 -6.82969E+01  1.58766E+01 -6.82969E+01  1.58766E+01 -6.82969E+01
    3.4650E+01  1.58766E+01 -6.82969E+01  1.58766E+01 -6.82969E+01  1.58766E+01 -6.82969E+01
    3.4755E+01  1.58766E+01 -6.82969E+01  1.58766E+01 -6.82969E+01  1.58766E+01 -6.82969E+01
    3.4860E+01  1.69861E+01 -7.25075E+01  1.69861E+01 -7.25075E+01  1.69861E+01 -7.25075E+01
    3.4965E+01  1.72562E+01 -7.37077E+01  1.72562E+01 -7.37077E+01  1.72562E+01 -7.37077E+01
    3.5070E+01  1.72562E+01 -7.37077E+01  1.72562E+01 -7.37077E+01  1.72562E+01 -7.37077E+01
    3.5175E+01  1.75688E+01 -7.50710E+01  1.75688E+01 -7.50710E+01  1.75688E+01 -7.50710E+01
    3.5280E+01  1.81837E+01 -7.75716E+01  1.81837E+01 -7.75716E+01  1.81837E+01 -7.75716E+01
    3.5385E+01  1.84623E+01 -7.87103E+01  1.84623E+01 -7.87103E+01  1.84623E+01 -7.87103E+01
    3.5490E+01  1.84623E+01 -7.87103E+01  1.84623E+01 -7.87103E+01  1.84623E+01 -7.87103E+01
    3.5595E+01  1.84623E+01 -7.87103E+01  1.84623E+01 -7.87103E+01  1.84623E+01 -7.87103E+01
    3.5700E+01  1.86524E+01 -7.95326E+01  1.86524E+01 -7.95326E+01  1.86524E+01 -7.95326E+01
    3.5805E+01  1.86524E+01 -7.95326E+01  1.86524E+01 -7.95326E+01  1.86524E+01 -7.95326E+01
    3.5910E+01  1.88714E+01 -8.04586E+01  1.88714E+01 -8.04586E+01  1.88714E+01 -8.04586E+01
    3.6015E+01  1.88714E+01 -8.04586E+01  1.88714E+01 -8.04586E+01  1.88714E+01 -8.04586E+01
    3.6120E+01  1.88714E+01 -8.04586E+01  1.88714E+01 -8.04586E+01  1.88714E+01 -8.04586E+01
    3.6225E+01  1.88714E+01 -8.04586E+01  1.88714E+01 -8.04586E+01  1.88714E+01 -8.04586E+01
    3.6330E+01  1.88714E+01 -8.04586E+01  1.88714E+01 -8.04586E+01  1.88714E+01 -8.04586E+01
    3.6435E+01  1.88714E+01 -8.04586E+01  1.88714E+01 -8.04586E+01  1.88714E+01 -8.04586E+01
    3.6540E+01  1.94656E+01 -8.27186E+01  1.94656E+01 -8.27186E+01  1.94656E+01 -8.27186E+01
    3.6645E+01  1.99136E+01 -8.46174E+01  1.99136E+01 -8.46174E+01  1.99136E+01 -8.46174E+01
    3.6750E+01  2.12258E+01 -8.96361E+01  2.12258E+01 -8.96361E+01  2.12258E+01 -8.96361E+01
    3.6855E+01  2.22077E+01 -9.33901E+01  2.22077E+01 -9.33901E+01  2.22077E+01 -9.33901E+01
    3.6960E+01  2.28641E+01 -9.60659E+01  2.28641E+01 -9.60659E+01  2.28641E+01 -9.60659E+01
    3.7065E+01  2.28641E+01 -9.60659E+01  2.28641E+01 -9.60659E+01  2.28641E+01 -9.60659E+01
    3.7170E+01  2.28641E+01 -9.60659E+01  2.28641E+01 -9.60659E+01  2.28641E+01 -9.60659E+01
    3.7275E+01  2.39342E+01 -1.00376E+02  2.39342E+01 -1.00376E+02  2.39342E+01 -1.00376E+02
    3.7380E+01  2.48322E+01 -1.03790E+02  2.48322E+01 -1.03790E+02  2.48322E+01 -1.03790E+02
    3.7485E+01  2.48322E+01 -1.03790E+02  2.48322E+01 -1.03790E+02  2.48322E+01 -1.03790E+02
    3.7590E+01  2.51537E+01 -1.05104E+02  2.51537E+01 -1.05104E+02  2.51537E+01 -1.05104E+02
    3.7695E+01  2.62155E+01 -1.08612E+02  2.62155E+01 -1.08612E+02  2.62155E+01 -1.08612E+02
    3.7800E+01  2.62155E+01 -1.08612E+02  2.62155E+01 -1.08612E+02  2.62155E+01 -1.08612E+02
    3.7905E+01  2.69941E+01 -1.11749E+02  2.69941E+01 -1.11749E+02  2.69941E+01 -1.11749E+02
    3.8010E+01  2.75856E+01 -1.14185E+02  2.75856E+01 -1.14185E+02  2.75856E+01 -1.14185E+02
    3.8115E+01  2.75856E+01 -1.14185E+02  2.75856E+01 -1.14185E+02  2.75856E+01 -1.14185E+02
    3.8220E+01  2.75856E+01 -1.14185E+02  2.75856E+01 -1.14185E+02  2.75856E+01 -1.14185E+02
    3.8325E+01  2.78136E+01 -1.15163E+02  2.78136E+01 -1.15163E+02  2.78136E+01 -1.15163E+02
    3.8430E+01  2.78136E+01 -1.15163E+02  2.78136E+01 -1.15163E+02  2.78136E+01 -1.15163E+02
    3.8535E+01  2.78136E+01 -1.15163E+02  2.78136E+01 -1.15163E+02  2.78136E+01 -1.15163E+02
    3.8640E+01  2.78136E+01 -1.15163E+02  2.78136E+01 -1.15163E+02  2.78136E+01 -1.15163E+02
    3.8745E+01  2.78136E+01 -1.15163E+02  2.78136E+01 -1.15163E+02  2.78136E+01 -1.15163E+02
    3.8850E+01  2.85543E+01 -1.18152E+02  2.85543E+01 -1.18152E+02  2.85543E+01 -1.18152E+02
    3.8955E+01  2.85543E+01 -1.18152E+02  2.85543E+01 -1.18152E+02  2.85543E+01 -1.18152E+02
    3.9060E+01  2.85543E+01 -1.18152E+02  2.85543E+01 -1.18152E+02  2.85543E+01 -1.18152E+02
    3.9165E+01  2.85543E+01 -1.18152E+02  2.85543E+01 -1.18152E+02  2.85543E+01 -1.18152E+02
    3.9270E+01  2.97570E+01 -1.22728E+02  2.97570E+01 -1.22728E+02  2.97570E+01 -1.22728E+02
    3.9375E+01  2.97570E+01 -1.22728E+02  2.97570E+01 -1.22728E+02  2.97570E+01 -1.22728E+02
    3.9480E+01  2.97570E+01 -1.22728E+02  2.97570E+01 -1.22728E+02  2.97570E+01 -1.22728E+02
    3.9585E+01  2.97570E+01 -1.22728E+02  2.97570E+01 -1.22728E+02  2.97570E+01 -1.22728E+02
    3.9690E+01  3.03718E+01 -1.25283E+02  3.03718E+01 -1.25283E+02  3.03718E+01 -1.25283E+02
    3.9795E+01  3.03718E+01 -1.25283E+02  3.03718E+01 -1.25283E+02  3.03718E+01 -1.25283E+02
    3.9900E+01  3.03718E+01 -1.25283E+02  3.03718E+01 -1.25283E+02  3.03718E+01 -1.25283E+02
    4.0005E+01  3.03718E+01 -1.25283E+02  3.03718E+01 -1.25283E+02  3.03718E+01 -1.25283E+02
    4.0110E+01  3.03718E+01 -1.25283E+02  3.03718E+01 -1.25283E+02  3.03718E+01 -1.25283E+02
    4.0215E+01  3.03718E+01 -1.25283E+02  3.03718E+01 -1.25283E+02  3.03718E+01 -1.25283E+02
    4.0320E+01  3.03718E+01 -1.25283E+02  3.03718E+01 -1.25283E+02  3.03718E+01 -1.25283E+02
    4.0425E+01  3.03718E+01 -1.25283E+02  3.03718E+01 -1.25283E+02  3.03718E+01 -1.25283E+02
    4.0530E+01  3.03718E+01 -1.25283E+02  3.03718E+01 -1.25283E+02  3.03718E+01 -1.25283E+02
    4.0635E+01  3.03718E+01 -1.25283E+02  3.03718E+01 -1.25283E+02  3.03718E+01 -1.25283E+02
    4.0740E+01  3.03718E+01 -1.25283E+02  3.03718E+01 -1.25283E+02  3.03718E+01 -1.25283E+02
    4.0845E+01  3.03718E+01 -1.25283E+02  3.03718E+01 -1.25283E+02  3.03718E+01 -1.25283E+02
    4.0950E+01  3.03718E+01 -1.25283E+02  3.03718E+01 -1.25283E+02  3.03718E+01 -1.25283E+02
    4.1055E+01  3.03718E+01 -1.25283E+02  3.03718E+01 -1.25283E+02  3.03718E+01 -1.25283E+02
    4.1160E+01  3.03718E+01 -1.25283E+02  3.03718E+01 -1.25283E+02  3.03718E+01 -1.25283E+02
    4.1265E+01  3.03718E+01 -1.25283E+02  3.03718E+01 -1.25283E+02  3.03718E+01 -1.25283E+02
    4.1370E+01  3.03718E+01 -1.25283E+02  3.03718E+01 -1.25283E+02  3.03718E+01 -1.25283E+02
    4.1475E+01  3.03718E+01 -1.25283E+02  3.03718E+01 -1.25283E+02  3.03718E+01 -1.25283E+02
    4.1580E+01  3.03718E+01 -1.25283E+02  3.03718E+01 -1.25283E+02  3.03718E+01 -1.25283E+02
    4.1685E+01  3.09092E+01 -1.27383E+02  3.09092E+01 -1.27383E+02  3.09092E+01 -1.27383E+02
    4.1790E+01  3.09092E+01 -1.27383E+02  3.09092E+01 -1.27383E+02  3.09092E+01 -1.27383E+02
    4.1895E+01  3.09092E+01 -1.27383E+02  3.09092E+01 -1.27383E+02  3.09092E+01 -1.27383E+02
    4.2000E+01  3.20819E+01 -1.31981E+02  3.20819E+01 -1.31981E+02  3.20819E+01 -1.31981E+02
    4.2105E+01  3.20819E+01 -1.31981E+02  3.20819E+01 -1.31981E+02  3.20819E+01 -1.31981E+02
    4.2210E+01  3.20819E+01 -1.31981E+02  3.20819E+01 -1.31981E+02  3.20819E+01 -1.31981E+02
    4.2315E+01  3.20819E+01 -1.31981E+02  3.20819E+01 -1.31981E+02  3.20819E+01 -1.31981E+02
    4.2420E+01  3.20819E+01 -1.31981E+02  3.20819E+01 -1.31981E+02  3.20819E+01 -1.31981E+02
    4.2525E+01  3.20819E+01 -1.31981E+02  3.20819E+01 -1.31981E+02  3.20819E+01 -1.31981E+02
    4.2630E+01  3.20819E+01 -1.31981E+02  3.20819E+01 -1.31981E+02  3.20819E+01 -1.31981E+02
    4.2735E+01  3.32378E+01 -1.35932E+02  3.32378E+01 -1.35932E+02  3.32378E+01 -1.35932E+02
    4.2840E+01  3.38562E+01 -1.38317E+02  3.38562E+01 -1.38317E+02  3.38562E+01 -1.38317E+02
    4.2945E+01  3.38562E+01 -1.38317E+02  3.38562E+01 -1.38317E+02  3.38562E+01 -1.38317E+02
    4.3050E+01  3.38562E+01 -1.38317E+02  3.38562E+01 -1.38317E+02  3.38562E+01 -1.38317E+02
    4.3155E+01  3.38562E+01 -1.38317E+02  3.38562E+01 -1.38317E+02  3.38562E+01 -1.38317E+02
    4.3260E+01  3.38562E+01 -1.38317E+02  3.38562E+01 -1.38317E+02  3.38562E+01 -1.38317E+02
    4.3365E+01  3.38562E+01 -1.38317E+02  3.38562E+01 -1.38317E+02  3.38562E+01 -1.38317E+02
    4.3470E+01  3.38562E+01 -1.38317E+02  3.38562E+01 -1.38317E+02  3.38562E+01 -1.38317E+02
    4.3575E+01  3.38562E+01 -1.38317E+02  3.38562E+01 -1.38317E+02  3.38562E+01 -1.38317E+02
    4.3680E+01  3.38562E+01 -1.38317E+02  3.38562E+01 -1.38317E+02  3.38562E+01 -1.38317E+02
    4.3785E+01  3.48747E+01 -1.42395E+02  3.48747E+01 -1.42395E+02  3.48747E+01 -1.42395E+02
    4.3890E+01  3.48747E+01 -1.42395E+02  3.48747E+01 -1.42395E+02  3.48747E+01 -1.42395E+02
    4.3995E+01  3.48747E+01 -1.42395E+02  3.48747E+01 -1.42395E+02  3.48747E+01 -1.42395E+02
    4.4100E+01  3.48747E+01 -1.42395E+02  3.48747E+01 -1.42395E+02  3.48747E+01 -1.42395E+02
    4.4205E+01  3.48747E+01 -1.42395E+02  3.48747E+01 -1.42395E+02  3.48747E+01 -1.42395E+02
    4.4310E+01  3.48747E+01 -1.42395E+02  3.48747E+01 -1.42395E+02  3.48747E+01 -1.42395E+02
    4.4415E+01  3.48747E+01 -1.42395E+02  3.48747E+01 -1.42395E+02  3.48747E+01 -1.42395E+02
    4.4520E+01  3.48747E+01 -1.42395E+02  3.48747E+01 -1.42395E+02  3.48747E+01 -1.42395E+02
    4.4625E+01  3.48747E+01 -1.42395E+02  3.48747E+01 -1.42395E+02  3.48747E+01 -1.42395E+02
    4.4730E+01  3.48747E+01 -1.42395E+02  3.48747E+01 -1.42395E+02  3.48747E+01 -1.42395E+02
    4.4835E+01  3.48747E+01 -1.42395E+02  3.48747E+01 -1.42395E+02  3.48747E+01 -1.42395E+02
    4.4940E+01  3.48747E+01 -1.42395E+02  3.48747E+01 -1.42395E+02  3.48747E+01 -1.42395E+02
    4.5045E+01  3.48747E+01 -1.42395E+02  3.48747E+01 -1.42395E+02  3.48747E+01 -1.42395E+02
    4.5150E+01  3.48747E+01 -1.42395E+02  3.48747E+01 -1.42395E+02  3.48747E+01 -1.42395E+02
    4.5255E+01  3.48747E+01 -1.42395E+02  3.48747E+01 -1.42395E+02  3.48747E+01 -1.42395E+02
    4.5360E+01  3.48747E+01 -1.42395E+02  3.48747E+01 -1.42395E+02  3.48747E+01 -1.42395E+02
    4.5465E+01  3.48747E+01 -1.42395E+02  3.48747E+01 -1.42395E+02  3.48747E+01 -1.42395E+02
    4.5570E+01  3.63305E+01 -1.47986E+02  3.63305E+01 -1.47986E+02  3.63305E+01 -1.47986E+02
    4.5675E+01  3.73688E+01 -1.51610E+02  3.73688E+01 -1.51610E+02  3.73688E+01 -1.51610E+02
    4.5780E+01  3.94671E+01 -1.58119E+02  3.94671E+01 -1.58119E+02  3.94671E+01 -1.58119E+02
    4.5885E+01  3.94671E+01 -1.58119E+02  3.94671E+01 -1.58119E+02  3.94671E+01 -1.58119E+02
    4.5990E+01  3.94671E+01 -1.58119E+02  3.94671E+01 -1.58119E+02  3.94671E+01 -1.58119E+02
    4.6095E+01  4.15126E+01 -1.65503E+02  4.15126E+01 -1.65503E+02  4.15126E+01 -1.65503E+02
    4.6200E+01  4.35774E+01 -1.72086E+02  4.35774E+01 -1.72086E+02  4.35774E+01 -1.72086E+02
    4.6305E+01  4.49764E+01 -1.77550E+02  4.49764E+01 -1.77550E+02  4.49764E+01 -1.77550E+02
    4.6410E+01  4.49764E+01 -1.77550E+02  4.49764E+01 -1.77550E+02  4.49764E+01 -1.77550E+02
    4.6515E+01  4.49764E+01 -1.77550E+02  4.49764E+01 -1.77550E+02  4.49764E+01 -1.77550E+02
    4.6620E+01  4.49764E+01 -1.77550E+02  4.49764E+01 -1.77550E+02  4.49764E+01 -1.77550E+02
    4.6725E+01  4.79038E+01 -1.86390E+02  4.79038E+01 -1.86390E+02  4.79038E+01 -1.86390E+02
    4.6830E+01  4.79038E+01 -1.86390E+02  4.79038E+01 -1.86390E+02  4.79038E+01 -1.86390E+02
    4.6935E+01  4.79038E+01 -1.86390E+02  4.79038E+01 -1.86390E+02  4.79038E+01 -1.86390E+02
    4.7040E+01  4.79038E+01 -1.86390E+02  4.79038E+01 -1.86390E+02  4.79038E+01 -1.86390E+02
    4.7145E+01  4.79038E+01 -1.86390E+02  4.79038E+01 -1.86390E+02  4.79038E+01 -1.86390E+02
    4.7250E+01  4.79038E+01 -1.86390E+02  4.79038E+01 -1.86390E+02  4.79038E+01 -1.86390E+02
    4.7355E+01  4.79038E+01 -1.86390E+02  4.79038E+01 -1.86390E+02  4.79038E+01 -1.86390E+02
    4.7460E+01  4.79038E+01 -1.86390E+02  4.79038E+01 -1.86390E+02  4.79038E+01 -1.86390E+02
    4.7565E+01  4.79038E+01 -1.86390E+02  4.79038E+01 -1.86390E+02  4.79038E+01 -1.86390E+02
    4.7670E+01  4.95173E+01 -1.92616E+02  4.95173E+01 -1.92616E+02  4.95173E+01 -1.92616E+02
    4.7775E+01  4.95173E+01 -1.92616E+02  4.95173E+01 -1.92616E+02  4.95173E+01 -1.92616E+02
    4.7880E+01  4.95173E+01 -1.92616E+02  4.95173E+01 -1.92616E+02  4.95173E+01 -1.92616E+02
    4.7985E+01  5.05622E+01 -1.96485E+02  5.05622E+01 -1.96485E+02  5.05622E+01 -1.96485E+02
    4.8090E+01  5.05622E+01 -1.96485E+02  5.05622E+01 -1.96485E+02  5.05622E+01 -1.96485E+02
    4.8195E+01  5.05622E+01 -1.96485E+02  5.05622E+01 -1.96485E+02  5.05622E+01 -1.96485E+02
    4.8300E+01  5.05622E+01 -1.96485E+02  5.05622E+01 -1.96485E+02  5.05622E+01 -1.96485E+02
    4.8405E+01  5.05622E+01 -1.96485E+02  5.05622E+01 -1.96485E+02  5.05622E+01 -1.96485E+02
    4.8510E+01  5.05622E+01 -1.96485E+02  5.05622E+01 -1.96485E+02  5.05622E+01 -1.96485E+02
    4.8615E+01  5.05622E+01 -1.96485E+02  5.05622E+01 -1.96485E+02  5.05622E+01 -1.96485E+02
    4.8720E+01  5.05622E+01 -1.96485E+02  5.05622E+01 -1.96485E+02  5.05622E+01 -1.96485E+02
    4.8825E+01  5.17625E+01 -2.00728E+02  5.17625E+01 -2.00728E+02  5.17625E+01 -2.00728E+02
    4.8930E+01  5.17625E+01 -2.00728E+02  5.17625E+01 -2.00728E+02  5.17625E+01 -2.00728E+02
    4.9035E+01  5.17625E+01 -2.00728E+02  5.17625E+01 -2.00728E+02  5.17625E+01 -2.00728E+02
    4.9140E+01  5.39520E+01 -2.08780E+02  5.39520E+01 -2.08780E+02  5.39520E+01 -2.08780E+02
    4.9245E+01  5.39520E+01 -2.08780E+02  5.39520E+01 -2.08780E+02  5.39520E+01 -2.08780E+02
    4.9350E+01  5.39520E+01 -2.08780E+02  5.39520E+01 -2.08780E+02  5.39520E+01 -2.08780E+02
    4.9455E+01  5.50473E+01 -2.12759E+02  5.50473E+01 -2.12759E+02  5.50473E+01 -2.12759E+02
    4.9560E+01  5.50473E+01 -2.12759E+02  5.50473E+01 -2.12759E+02  5.50473E+01 -2.12759E+02
    4.9665E+01  5.50473E+01 -2.12759E+02  5.50473E+01 -2.12759E+02  5.50473E+01 -2.12759E+02
    4.9770E+01  5.50473E+01 -2.12759E+02  5.50473E+01 -2.12759E+02  5.50473E+01 -2.12759E+02
    4.9875E+01  5.50473E+01 -2.12759E+02  5.50473E+01 -2.12759E+02  5.50473E+01 -2.12759E+02
    4.9980E+01  5.50473E+01 -2.12759E+02  5.50473E+01 -2.12759E+02  5.50473E+01 -2.12759E+02
    5.0085E+01  5.50473E+01 -2.12759E+02  5.50473E+01 -2.12759E+02  5.50473E+01 -2.12759E+02
    5.0190E+01  5.50473E+01 -2.12759E+02  5.50473E+01 -2.12759E+02  5.50473E+01 -2.12759E+02
    5.0295E+01  5.50473E+01 -2.12759E+02  5.50473E+01 -2.12759E+02  5.50473E+01 -2.12759E+02
    5.0400E+01  5.50473E+01 -2.12759E+02  5.50473E+01 -2.12759E+02  5.50473E+01 -2.12759E+02
    5.0505E+01  5.60622E+01 -2.16444E+02  5.60622E+01 -2.16444E+02  5.60622E+01 -2.16444E+02
    5.0610E+01  5.60622E+01 -2.16444E+02  5.60622E+01 -2.16444E+02  5.60622E+01 -2.16444E+02
    5.0715E+01  5.77705E+01 -2.22222E+02  5.77705E+01 -2.22222E+02  5.77705E+01 -2.22222E+02
    5.0820E+01  5.77705E+01 -2.22222E+02  5.77705E+01 -2.22222E+02  5.77705E+01 -2.22222E+02
    5.0925E+01  5.77705E+01 -2.22222E+02  5.77705E+01 -2.22222E+02  5.77705E+01 -2.22222E+02
    5.1030E+01  5.77705E+01 -2.22222E+02  5.77705E+01 -2.22222E+02  5.77705E+01 -2.22222E+02
    5.1135E+01  5.77705E+01 -2.22222E+02  5.77705E+01 -2.22222E+02  5.77705E+01 -2.22222E+02
    5.1240E+01  5.77705E+01 -2.22222E+02  5.77705E+01 -2.22222E+02  5.77705E+01 -2.22222E+02
    5.1345E+01  5.77705E+01 -2.22222E+02  5.77705E+01 -2.22222E+02  5.77705E+01 -2.22222E+02
    5.1450E+01  5.77705E+01 -2.22222E+02  5.77705E+01 -2.22222E+02  5.77705E+01 -2.22222E+02
    5.1555E+01  5.77705E+01 -2.22222E+02  5.77705E+01 -2.22222E+02  5.77705E+01 -2.22222E+02
    5.1660E+01  5.77705E+01 -2.22222E+02  5.77705E+01 -2.22222E+02  5.77705E+01 -2.22222E+02
    5.1765E+01  5.77705E+01 -2.22222E+02  5.77705E+01 -2.22222E+02  5.77705E+01 -2.22222E+02
    5.1870E+01  5.77705E+01 -2.22222E+02  5.77705E+01 -2.22222E+02  5.77705E+01 -2.22222E+02
    5.1975E+01  5.77705E+01 -2.22222E+02  5.77705E+01 -2.22222E+02  5.77705E+01 -2.22222E+02
    5.2080E+01  5.77705E+01 -2.22222E+02  5.77705E+01 -2.22222E+02  5.77705E+01 -2.22222E+02
    5.2185E+01  5.77705E+01 -2.22222E+02  5.77705E+01 -2.22222E+02  5.77705E+01 -2.22222E+02
    5.2290E+01  5.77705E+01 -2.22222E+02  5.77705E+01 -2.22222E+02  5.77705E+01 -2.22222E+02
    5.2395E+01  5.77705E+01 -2.22222E+02  5.77705E+01 -2.22222E+02  5.77705E+01 -2.22222E+02
    5.2500E+01  5.77705E+01 -2.22222E+02  5.77705E+01 -2.22222E+02  5.77705E+01 -2.22222E+02
    5.2605E+01  5.77705E+01 -2.22222E+02  5.77705E+01 -2.22222E+02  5.77705E+01 -2.22222E+02
    5.2710E+01  5.77705E+01 -2.22222E+02  5.77705E+01 -2.22222E+02  5.77705E+01 -2.22222E+02
    5.2815E+01  5.77705E+01 -2.22222E+02  5.77705E+01 -2.22222E+02  5.77705E+01 -2.22222E+02
    5.2920E+01  5.77705E+01 -2.22222E+02  5.77705E+01 -2.22222E+02  5.77705E+01 -2.22222E+02
    5.3025E+01  5.77705E+01 -2.22222E+02  5.77705E+01 -2.22222E+02  5.77705E+01 -2.22222E+02
    5.3130E+01  5.77705E+01 -2.22222E+02  5.77705E+01 -2.22222E+02  5.77705E+01 -2.22222E+02
    5.3235E+01  5.77705E+01 -2.22222E+02  5.77705E+01 -2.22222E+02  5.77705E+01 -2.22222E+02
    5.3340E+01  5.77705E+01 -2.22222E+02  5.77705E+01 -2.22222E+02  5.77705E+01 -2.22222E+02
    5.3445E+01  5.77705E+01 -2.22222E+02  5.77705E+01 -2.22222E+02  5.77705E+01 -2.22222E+02
    5.3550E+01  5.77705E+01 -2.22222E+02  5.77705E+01 -2.22222E+02  5.77705E+01 -2.22222E+02
    5.3655E+01  5.77705E+01 -2.22222E+02  5.77705E+01 -2.22222E+02  5.77705E+01 -2.22222E+02
    5.3760E+01  5.77705E+01 -2.22222E+02  5.77705E+01 -2.22222E+02  5.77705E+01 -2.22222E+02
    5.3865E+01  5.89471E+01 -2.26588E+02  5.89471E+01 -2.26588E+02  5.89471E+01 -2.26588E+02
    5.3970E+01  5.89471E+01 -2.26588E+02  5.89471E+01 -2.26588E+02  5.89471E+01 -2.26588E+02
    5.4075E+01  5.89471E+01 -2.26588E+02  5.89471E+01 -2.26588E+02  5.89471E+01 -2.26588E+02
    5.4180E+01  6.11262E+01 -2.33709E+02  6.11262E+01 -2.33709E+02  6.11262E+01 -2.33709E+02
    5.4285E+01  6.11262E+01 -2.33709E+02  6.11262E+01 -2.33709E+02  6.11262E+01 -2.33709E+02
    5.4390E+01  6.11262E+01 -2.33709E+02  6.11262E+01 -2.33709E+02  6.11262E+01 -2.33709E+02
    5.4495E+01  6.11262E+01 -2.33709E+02  6.11262E+01 -2.33709E+02  6.11262E+01 -2.33709E+02
    5.4600E+01  6.11262E+01 -2.33709E+02  6.11262E+01 -2.33709E+02  6.11262E+01 -2.33709E+02
    5.4705E+01  6.11262E+01 -2.33709E+02  6.11262E+01 -2.33709E+02  6.11262E+01 -2.33709E+02
    5.4810E+01  6.11262E+01 -2.33709E+02  6.11262E+01 -2.33709E+02  6.11262E+01 -2.33709E+02
    5.4915E+01  6.11262E+01 -2.33709E+02  6.11262E+01 -2.33709E+02  6.11262E+01 -2.33709E+02
    5.5020E+01  6.11262E+01 -2.33709E+02  6.11262E+01 -2.33709E+02  6.11262E+01 -2.33709E+02
    5.5125E+01  6.11262E+01 -2.33709E+02  6.11262E+01 -2.33709E+02  6.11262E+01 -2.33709E+02
    5.5230E+01  6.11262E+01 -2.33709E+02  6.11262E+01 -2.33709E+02  6.11262E+01 -2.33709E+02
    5.5335E+01  6.36799E+01 -2.43156E+02  6.36799E+01 -2.43156E+02  6.36799E+01 -2.43156E+02
    5.5440E+01  6.36799E+01 -2.43156E+02  6.36799E+01 -2.43156E+02  6.36799E+01 -2.43156E+02
    5.5545E+01  6.49478E+01 -2.47825E+02  6.49478E+01 -2.47825E+02  6.49478E+01 -2.47825E+02
    5.5650E+01  6.49478E+01 -2.47825E+02  6.49478E+01 -2.47825E+02  6.49478E+01 -2.47825E+02
    5.5755E+01  6.85290E+01 -2.58429E+02  6.85290E+01 -2.58429E+02  6.85290E+01 -2.58429E+02
    5.5860E+01  6.85290E+01 -2.58429E+02  6.85290E+01 -2.58429E+02  6.85290E+01 -2.58429E+02
    5.5965E+01  7.15330E+01 -2.67995E+02  7.15330E+01 -2.67995E+02  7.15330E+01 -2.67995E+02
    5.6070E+01  7.15330E+01 -2.67995E+02  7.15330E+01 -2.67995E+02  7.15330E+01 -2.67995E+02
    5.6175E+01  7.15330E+01 -2.67995E+02  7.15330E+01 -2.67995E+02  7.15330E+01 -2.67995E+02
    5.6280E+01  7.15330E+01 -2.67995E+02  7.15330E+01 -2.67995E+02  7.15330E+01 -2.67995E+02
    5.6385E+01  7.15330E+01 -2.67995E+02  7.15330E+01 -2.67995E+02  7.15330E+01 -2.67995E+02
    5.6490E+01  7.15330E+01 -2.67995E+02  7.15330E+01 -2.67995E+02  7.15330E+01 -2.67995E+02
    5.6595E+01  7.47859E+01 -2.79459E+02  7.47859E+01 -2.79459E+02  7.47859E+01 -2.79459E+02
    5.6700E+01  7.52267E+01 -2.80692E+02  7.52267E+01 -2.80692E+02  7.52267E+01 -2.80692E+02
    5.6805E+01  7.52267E+01 -2.80692E+02  7.52267E+01 -2.80692E+02  7.52267E+01 -2.80692E+02
    5.6910E+01  7.52267E+01 -2.80692E+02  7.52267E+01 -2.80692E+02  7.52267E+01 -2.80692E+02
    5.7015E+01  7.52267E+01 -2.80692E+02  7.52267E+01 -2.80692E+02  7.52267E+01 -2.80692E+02
    5.7120E+01  7.52267E+01 -2.80692E+02  7.52267E+01 -2.80692E+02  7.52267E+01 -2.80692E+02
    5.7225E+01  7.52267E+01 -2.80692E+02  7.52267E+01 -2.80692E+02  7.52267E+01 -2.80692E+02
    5.7330E+01  7.52267E+01 -2.80692E+02  7.52267E+01 -2.80692E+02  7.52267E+01 -2.80692E+02
    5.7435E+01  7.52267E+01 -2.80692E+02  7.52267E+01 -2.80692E+02  7.52267E+01 -2.80692E+02
    5.7540E+01  7.52267E+01 -2.80692E+02  7.52267E+01 -2.80692E+02  7.52267E+01 -2.80692E+02
    5.7645E+01  7.52267E+01 -2.80692E+02  7.52267E+01 -2.80692E+02  7.52267E+01 -2.80692E+02
    5.7750E+01  7.52267E+01 -2.80692E+02  7.52267E+01 -2.80692E+02  7.52267E+01 -2.80692E+02
    5.7855E+01  7.52267E+01 -2.80692E+02  7.52267E+01 -2.80692E+02  7.52267E+01 -2.80692E+02
    5.7960E+01  7.52267E+01 -2.80692E+02  7.52267E+01 -2.80692E+02  7.52267E+01 -2.80692E+02
    5.8065E+01  7.52267E+01 -2.80692E+02  7.52267E+01 -2.80692E+02  7.52267E+01 -2.80692E+02
    5.8170E+01  7.52267E+01 -2.80692E+02  7.52267E+01 -2.80692E+02  7.52267E+01 -2.80692E+02
    5.8275E+01  7.52267E+01 -2.80692E+02  7.52267E+01 -2.80692E+02  7.52267E+01 -2.80692E+02
    5.8380E+01  7.52267E+01 -2.80692E+02  7.52267E+01 -2.80692E+02  7.52267E+01 -2.80692E+02
    5.8485E+01  7.52267E+01 -2.80692E+02  7.52267E+01 -2.80692E+02  7.52267E+01 -2.80692E+02
    5.8590E+01  7.52267E+01 -2.80692E+02  7.52267E+01 -2.80692E+02  7.52267E+01 -2.80692E+02
    5.8695E+01  7.52267E+01 -2.80692E+02  7.52267E+01 -2.80692E+02  7.52267E+01 -2.80692E+02
    5.8800E+01  7.81743E+01 -2.91261E+02  7.81743E+01 -2.91261E+02  7.81743E+01 -2.91261E+02
    5.8905E+01  7.81743E+01 -2.91261E+02  7.81743E+01 -2.91261E+02  7.81743E+01 -2.91261E+02
    5.9010E+01  7.81743E+01 -2.91261E+02  7.81743E+01 -2.91261E+02  7.81743E+01 -2.91261E+02
    5.9115E+01  7.81743E+01 -2.91261E+02  7.81743E+01 -2.91261E+02  7.81743E+01 -2.91261E+02
    5.9220E+01  8.18154E+01 -3.02558E+02  8.18154E+01 -3.02558E+02  8.18154E+01 -3.02558E+02
    5.9325E+01  8.18154E+01 -3.02558E+02  8.18154E+01 -3.02558E+02  8.18154E+01 -3.02558E+02
    5.9430E+01  8.18154E+01 -3.02558E+02  8.18154E+01 -3.02558E+02  8.18154E+01 -3.02558E+02
    5.9535E+01  8.18154E+01 -3.02558E+02  8.18154E+01 -3.02558E+02  8.18154E+01 -3.02558E+02
    5.9640E+01  8.18154E+01 -3.02558E+02  8.18154E+01 -3.02558E+02  8.18154E+01 -3.02558E+02
    5.9745E+01  8.18154E+01 -3.02558E+02  8.18154E+01 -3.02558E+02  8.18154E+01 -3.02558E+02
    5.9850E+01  8.18154E+01 -3.02558E+02  8.18154E+01 -3.02558E+02  8.18154E+01 -3.02558E+02
    5.9955E+01  8.18154E+01 -3.02558E+02  8.18154E+01 -3.02558E+02  8.18154E+01 -3.02558E+02
    6.0060E+01  8.18154E+01 -3.02558E+02  8.18154E+01 -3.02558E+02  8.18154E+01 -3.02558E+02
    6.0165E+01  8.18154E+01 -3.02558E+02  8.18154E+01 -3.02558E+02  8.18154E+01 -3.02558E+02
    6.0270E+01  8.18154E+01 -3.02558E+02  8.18154E+01 -3.02558E+02  8.18154E+01 -3.02558E+02
    6.0375E+01  8.42886E+01 -3.10820E+02  8.42886E+01 -3.10820E+02  8.42886E+01 -3.10820E+02
    6.0480E+01  8.42886E+01 -3.10820E+02  8.42886E+01 -3.10820E+02  8.42886E+01 -3.10820E+02
    6.0585E+01  8.42886E+01 -3.10820E+02  8.42886E+01 -3.10820E+02  8.42886E+01 -3.10820E+02
    6.0690E+01  8.42886E+01 -3.10820E+02  8.42886E+01 -3.10820E+02  8.42886E+01 -3.10820E+02
    6.0795E+01  8.61205E+01 -3.17294E+02  8.61205E+01 -3.17294E+02  8.61205E+01 -3.17294E+02
    6.0900E+01  8.61205E+01 -3.17294E+02  8.61205E+01 -3.17294E+02  8.61205E+01 -3.17294E+02
    6.1005E+01  8.95399E+01 -3.29614E+02  8.95399E+01 -3.29614E+02  8.95399E+01 -3.29614E+02
    6.1110E+01  8.95399E+01 -3.29614E+02  8.95399E+01 -3.29614E+02  8.95399E+01 -3.29614E+02
    6.1215E+01  8.95399E+01 -3.29614E+02  8.95399E+01 -3.29614E+02  8.95399E+01 -3.29614E+02
    6.1320E+01  8.95399E+01 -3.29614E+02  8.95399E+01 -3.29614E+02  8.95399E+01 -3.29614E+02
    6.1425E+01  8.95399E+01 -3.29614E+02  8.95399E+01 -3.29614E+02  8.95399E+01 -3.29614E+02
    6.1530E+01  8.95399E+01 -3.29614E+02  8.95399E+01 -3.29614E+02  8.95399E+01 -3.29614E+02
    6.1635E+01  8.95399E+01 -3.29614E+02  8.95399E+01 -3.29614E+02  8.95399E+01 -3.29614E+02
    6.1740E+01  8.95399E+01 -3.29614E+02  8.95399E+01 -3.29614E+02  8.95399E+01 -3.29614E+02
    6.1845E+01  8.95399E+01 -3.29614E+02  8.95399E+01 -3.29614E+02  8.95399E+01 -3.29614E+02
    6.1950E+01  8.95399E+01 -3.29614E+02  8.95399E+01 -3.29614E+02  8.95399E+01 -3.29614E+02
    6.2055E+01  8.95399E+01 -3.29614E+02  8.95399E+01 -3.29614E+02  8.95399E+01 -3.29614E+02
    6.2160E+01  8.95399E+01 -3.29614E+02  8.95399E+01 -3.29614E+02  8.95399E+01 -3.29614E+02
    6.2265E+01  8.95399E+01 -3.29614E+02  8.95399E+01 -3.29614E+02  8.95399E+01 -3.29614E+02
    6.2370E+01  8.95399E+01 -3.29614E+02  8.95399E+01 -3.29614E+02  8.95399E+01 -3.29614E+02
    6.2475E+01  8.95399E+01 -3.29614E+02  8.95399E+01 -3.29614E+02  8.95399E+01 -3.29614E+02
    6.2580E+01  8.95399E+01 -3.29614E+02  8.95399E+01 -3.29614E+02  8.95399E+01 -3.29614E+02
    6.2685E+01  8.95399E+01 -3.29614E+02  8.95399E+01 -3.29614E+02  8.95399E+01 -3.29614E+02
    6.2790E+01  8.95399E+01 -3.29614E+02  8.95399E+01 -3.29614E+02  8.95399E+01 -3.29614E+02
    6.2895E+01  8.95399E+01 -3.29614E+02  8.95399E+01 -3.29614E+02  8.95399E+01 -3.29614E+02
    6.3000E+01  8.95399E+01 -3.29614E+02  8.95399E+01 -3.29614E+02  8.95399E+01 -3.29614E+02
    6.3105E+01  8.95399E+01 -3.29614E+02  8.95399E+01 -3.29614E+02  8.95399E+01 -3.29614E+02
    6.3210E+01  8.95399E+01 -3.29614E+02  8.95399E+01 -3.29614E+02  8.95399E+01 -3.29614E+02
    6.3315E+01  8.95399E+01 -3.29614E+02  8.95399E+01 -3.29614E+02  8.95399E+01 -3.29614E+02
    6.3420E+01  8.95399E+01 -3.29614E+02  8.95399E+01 -3.29614E+02  8.95399E+01 -3.29614E+02
    6.3525E+01  8.95399E+01 -3.29614E+02  8.95399E+01 -3.29614E+02  8.95399E+01 -3.29614E+02
    6.3630E+01  8.95399E+01 -3.29614E+02  8.95399E+01 -3.29614E+02  8.95399E+01 -3.29614E+02
    6.3735E+01  8.95399E+01 -3.29614E+02  8.95399E+01 -3.29614E+02  8.95399E+01 -3.29614E+02
    6.3840E+01  8.95399E+01 -3.29614E+02  8.95399E+01 -3.29614E+02  8.95399E+01 -3.29614E+02
    6.3945E+01  8.95399E+01 -3.29614E+02  8.95399E+01 -3.29614E+02  8.95399E+01 -3.29614E+02
    6.4050E+01  8.95399E+01 -3.29614E+02  8.95399E+01 -3.29614E+02  8.95399E+01 -3.29614E+02
    6.4155E+01  8.95399E+01 -3.29614E+02  8.95399E+01 -3.29614E+02  8.95399E+01 -3.29614E+02
    6.4260E+01  8.95399E+01 -3.29614E+02  8.95399E+01 -3.29614E+02  8.95399E+01 -3.29614E+02
    6.4365E+01  8.95399E+01 -3.29614E+02  8.95399E+01 -3.29614E+02  8.95399E+01 -3.29614E+02
    6.4470E+01  8.95399E+01 -3.29614E+02  8.95399E+01 -3.29614E+02  8.95399E+01 -3.29614E+02
    6.4575E+01  8.95399E+01 -3.29614E+02  8.95399E+01 -3.29614E+02  8.95399E+01 -3.29614E+02
    6.4680E+01  9.18443E+01 -3.37478E+02  9.18443E+01 -3.37478E+02  9.18443E+01 -3.37478E+02
    6.4785E+01  9.38923E+01 -3.44779E+02  9.38923E+01 -3.44779E+02  9.38923E+01 -3.44779E+02
    6.4890E+01  9.38923E+01 -3.44779E+02  9.38923E+01 -3.44779E+02  9.38923E+01 -3.44779E+02
    6.4995E+01  9.38923E+01 -3.44779E+02  9.38923E+01 -3.44779E+02  9.38923E+01 -3.44779E+02
    6.5100E+01  9.38923E+01 -3.44779E+02  9.38923E+01 -3.44779E+02  9.38923E+01 -3.44779E+02
    6.5205E+01  9.38923E+01 -3.44779E+02  9.38923E+01 -3.44779E+02  9.38923E+01 -3.44779E+02
    6.5310E+01  9.78770E+01 -3.59049E+02  9.78770E+01 -3.59049E+02  9.78770E+01 -3.59049E+02
    6.5415E+01  9.78770E+01 -3.59049E+02  9.78770E+01 -3.59049E+02  9.78770E+01 -3.59049E+02
    6.5520E+01  1.06715E+02 -3.85908E+02  1.06715E+02 -3.85908E+02  1.06715E+02 -3.85908E+02
    6.5625E+01  1.06715E+02 -3.85908E+02  1.06715E+02 -3.85908E+02  1.06715E+02 -3.85908E+02
    6.5730E+01  1.06715E+02 -3.85908E+02  1.06715E+02 -3.85908E+02  1.06715E+02 -3.85908E+02
    6.5835E+01  1.10481E+02 -3.99517E+02  1.10481E+02 -3.99517E+02  1.10481E+02 -3.99517E+02
    6.5940E+01  1.10481E+02 -3.99517E+02  1.10481E+02 -3.99517E+02  1.10481E+02 -3.99517E+02
    6.6045E+01  1.10481E+02 -3.99517E+02  1.10481E+02 -3.99517E+02  1.10481E+02 -3.99517E+02
    6.6150E+01  1.10481E+02 -3.99517E+02  1.10481E+02 -3.99517E+02  1.10481E+02 -3.99517E+02
    6.6255E+01  1.12527E+02 -4.06802E+02  1.12527E+02 -4.06802E+02  1.12527E+02 -4.06802E+02
    6.6360E+01  1.12527E+02 -4.06802E+02  1.12527E+02 -4.06802E+02  1.12527E+02 -4.06802E+02
    6.6465E+01  1.12527E+02 -4.06802E+02  1.12527E+02 -4.06802E+02  1.12527E+02 -4.06802E+02
    6.6570E+01  1.12527E+02 -4.06802E+02  1.12527E+02 -4.06802E+02  1.12527E+02 -4.06802E+02
    6.6675E+01  1.12527E+02 -4.06802E+02  1.12527E+02 -4.06802E+02  1.12527E+02 -4.06802E+02
    6.6780E+01  1.12527E+02 -4.06802E+02  1.12527E+02 -4.06802E+02  1.12527E+02 -4.06802E+02
    6.6885E+01  1.12527E+02 -4.06802E+02  1.12527E+02 -4.06802E+02  1.12527E+02 -4.06802E+02
    6.6990E+01  1.12527E+02 -4.06802E+02  1.12527E+02 -4.06802E+02  1.12527E+02 -4.06802E+02
    6.7095E+01  1.12527E+02 -4.06802E+02  1.12527E+02 -4.06802E+02  1.12527E+02 -4.06802E+02
    6.7200E+01  1.12527E+02 -4.06802E+02  1.12527E+02 -4.06802E+02  1.12527E+02 -4.06802E+02
    6.7305E+01  1.12527E+02 -4.06802E+02  1.12527E+02 -4.06802E+02  1.12527E+02 -4.06802E+02
    6.7410E+01  1.12527E+02 -4.06802E+02  1.12527E+02 -4.06802E+02  1.12527E+02 -4.06802E+02
    6.7515E+01  1.12527E+02 -4.06802E+02  1.12527E+02 -4.06802E+02  1.12527E+02 -4.06802E+02
    6.7620E+01  1.18547E+02 -4.27024E+02  1.18547E+02 -4.27024E+02  1.18547E+02 -4.27024E+02
    6.7725E+01  1.25931E+02 -4.50578E+02  1.25931E+02 -4.50578E+02  1.25931E+02 -4.50578E+02
    6.7830E+01  1.25931E+02 -4.50578E+02  1.25931E+02 -4.50578E+02  1.25931E+02 -4.50578E+02
    6.7935E+01  1.25931E+02 -4.50578E+02  1.25931E+02 -4.50578E+02  1.25931E+02 -4.50578E+02
    6.8040E+01  1.25931E+02 -4.50578E+02  1.25931E+02 -4.50578E+02  1.25931E+02 -4.50578E+02
    6.8145E+01  1.25931E+02 -4.50578E+02  1.25931E+02 -4.50578E+02  1.25931E+02 -4.50578E+02
    6.8250E+01  1.25931E+02 -4.50578E+02  1.25931E+02 -4.50578E+02  1.25931E+02 -4.50578E+02
    6.8355E+01  1.25931E+02 -4.50578E+02  1.25931E+02 -4.50578E+02  1.25931E+02 -4.50578E+02
    6.8460E+01  1.25931E+02 -4.50578E+02  1.25931E+02 -4.50578E+02  1.25931E+02 -4.50578E+02
    6.8565E+01  1.25931E+02 -4.50578E+02  1.25931E+02 -4.50578E+02  1.25931E+02 -4.50578E+02
    6.8670E+01  1.25931E+02 -4.50578E+02  1.25931E+02 -4.50578E+02  1.25931E+02 -4.50578E+02
    6.8775E+01  1.25931E+02 -4.50578E+02  1.25931E+02 -4.50578E+02  1.25931E+02 -4.50578E+02
    6.8880E+01  1.25931E+02 -4.50578E+02  1.25931E+02 -4.50578E+02  1.25931E+02 -4.50578E+02
    6.8985E+01  1.25931E+02 -4.50578E+02  1.25931E+02 -4.50578E+02  1.25931E+02 -4.50578E+02
    6.9090E+01  1.25931E+02 -4.50578E+02  1.25931E+02 -4.50578E+02  1.25931E+02 -4.50578E+02
    6.9195E+01  1.25931E+02 -4.50578E+02  1.25931E+02 -4.50578E+02  1.25931E+02 -4.50578E+02
    6.9300E+01  1.25931E+02 -4.50578E+02  1.25931E+02 -4.50578E+02  1.25931E+02 -4.50578E+02
    6.9405E+01  1.25931E+02 -4.50578E+02  1.25931E+02 -4.50578E+02  1.25931E+02 -4.50578E+02
    6.9510E+01  1.25931E+02 -4.50578E+02  1.25931E+02 -4.50578E+02  1.25931E+02 -4.50578E+02
    6.9615E+01  1.25931E+02 -4.50578E+02  1.25931E+02 -4.50578E+02  1.25931E+02 -4.50578E+02
    6.9720E+01  1.28421E+02 -4.59288E+02  1.28421E+02 -4.59288E+02  1.28421E+02 -4.59288E+02
    6.9825E+01  1.28421E+02 -4.59288E+02  1.28421E+02 -4.59288E+02  1.28421E+02 -4.59288E+02
    6.9930E+01  1.28421E+02 -4.59288E+02  1.28421E+02 -4.59288E+02  1.28421E+02 -4.59288E+02
    7.0035E+01  1.28421E+02 -4.59288E+02  1.28421E+02 -4.59288E+02  1.28421E+02 -4.59288E+02
    7.0140E+01  1.28421E+02 -4.59288E+02  1.28421E+02 -4.59288E+02  1.28421E+02 -4.59288E+02
    7.0245E+01  1.28421E+02 -4.59288E+02  1.28421E+02 -4.59288E+02  1.28421E+02 -4.59288E+02
    7.0350E+01  1.28421E+02 -4.59288E+02  1.28421E+02 -4.59288E+02  1.28421E+02 -4.59288E+02
    7.0455E+01  1.28421E+02 -4.59288E+02  1.28421E+02 -4.59288E+02  1.28421E+02 -4.59288E+02
    7.0560E+01  1.30665E+02 -4.67300E+02  1.30665E+02 -4.67300E+02  1.30665E+02 -4.67300E+02
    7.0665E+01  1.30665E+02 -4.67300E+02  1.30665E+02 -4.67300E+02  1.30665E+02 -4.67300E+02
    7.0770E+01  1.30665E+02 -4.67300E+02  1.30665E+02 -4.67300E+02  1.30665E+02 -4.67300E+02
    7.0875E+01  1.30665E+02 -4.67300E+02  1.30665E+02 -4.67300E+02  1.30665E+02 -4.67300E+02
    7.0980E+01  1.30665E+02 -4.67300E+02  1.30665E+02 -4.67300E+02  1.30665E+02 -4.67300E+02
    7.1085E+01  1.30665E+02 -4.67300E+02  1.30665E+02 -4.67300E+02  1.30665E+02 -4.67300E+02
    7.1190E+01  1.30665E+02 -4.67300E+02  1.30665E+02 -4.67300E+02  1.30665E+02 -4.67300E+02
    7.1295E+01  1.30665E+02 -4.67300E+02  1.30665E+02 -4.67300E+02  1.30665E+02 -4.67300E+02
    7.1400E+01  1.30665E+02 -4.67300E+02  1.30665E+02 -4.67300E+02  1.30665E+02 -4.67300E+02
    7.1505E+01  1.30665E+02 -4.67300E+02  1.30665E+02 -4.67300E+02  1.30665E+02 -4.67300E+02
    7.1610E+01  1.30665E+02 -4.67300E+02  1.30665E+02 -4.67300E+02  1.30665E+02 -4.67300E+02
    7.1715E+01  1.30665E+02 -4.67300E+02  1.30665E+02 -4.67300E+02  1.30665E+02 -4.67300E+02
    7.1820E+01  1.30665E+02 -4.67300E+02  1.30665E+02 -4.67300E+02  1.30665E+02 -4.67300E+02
    7.1925E+01  1.34558E+02 -4.79961E+02  1.34558E+02 -4.79961E+02  1.34558E+02 -4.79961E+02
    7.2030E+01  1.34558E+02 -4.79961E+02  1.34558E+02 -4.79961E+02  1.34558E+02 -4.79961E+02
    7.2135E+01  1.34558E+02 -4.79961E+02  1.34558E+02 -4.79961E+02  1.34558E+02 -4.79961E+02
    7.2240E+01  1.34558E+02 -4.79961E+02  1.34558E+02 -4.79961E+02  1.34558E+02 -4.79961E+02
    7.2345E+01  1.34558E+02 -4.79961E+02  1.34558E+02 -4.79961E+02  1.34558E+02 -4.79961E+02
    7.2450E+01  1.40463E+02 -5.00052E+02  1.40463E+02 -5.00052E+02  1.40463E+02 -5.00052E+02
    7.2555E+01  1.40463E+02 -5.00052E+02  1.40463E+02 -5.00052E+02  1.40463E+02 -5.00052E+02
    7.2660E+01  1.40463E+02 -5.00052E+02  1.40463E+02 -5.00052E+02  1.40463E+02 -5.00052E+02
    7.2765E+01  1.40463E+02 -5.00052E+02  1.40463E+02 -5.00052E+02  1.40463E+02 -5.00052E+02
    7.2870E+01  1.40463E+02 -5.00052E+02  1.40463E+02 -5.00052E+02  1.40463E+02 -5.00052E+02
    7.2975E+01  1.40463E+02 -5.00052E+02  1.40463E+02 -5.00052E+02  1.40463E+02 -5.00052E+02
    7.3080E+01  1.40463E+02 -5.00052E+02  1.40463E+02 -5.00052E+02  1.40463E+02 -5.00052E+02
    7.3185E+01  1.40463E+02 -5.00052E+02  1.40463E+02 -5.00052E+02  1.40463E+02 -5.00052E+02
    7.3290E+01  1.40463E+02 -5.00052E+02  1.40463E+02 -5.00052E+02  1.40463E+02 -5.00052E+02
    7.3395E+01  1.40463E+02 -5.00052E+02  1.40463E+02 -5.00052E+02  1.40463E+02 -5.00052E+02
    7.3500E+01  1.40463E+02 -5.00052E+02  1.40463E+02 -5.00052E+02  1.40463E+02 -5.00052E+02
    7.3605E+01  1.40463E+02 -5.00052E+02  1.40463E+02 -5.00052E+02  1.40463E+02 -5.00052E+02
    7.3710E+01  1.40463E+02 -5.00052E+02  1.40463E+02 -5.00052E+02  1.40463E+02 -5.00052E+02
    7.3815E+01  1.40463E+02 -5.00052E+02  1.40463E+02 -5.00052E+02  1.40463E+02 -5.00052E+02
    7.3920E+01  1.40463E+02 -5.00052E+02  1.40463E+02 -5.00052E+02  1.40463E+02 -5.00052E+02
    7.4025E+01  1.40463E+02 -5.00052E+02  1.40463E+02 -5.00052E+02  1.40463E+02 -5.00052E+02
    7.4130E+01  1.40463E+02 -5.00052E+02  1.40463E+02 -5.00052E+02  1.40463E+02 -5.00052E+02
    7.4235E+01  1.40463E+02 -5.00052E+02  1.40463E+02 -5.00052E+02  1.40463E+02 -5.00052E+02
    7.4340E+01  1.40463E+02 -5.00052E+02  1.40463E+02 -5.00052E+02  1.40463E+02 -5.00052E+02
    7.4445E+01  1.43413E+02 -5.10326E+02  1.43413E+02 -5.10326E+02  1.43413E+02 -5.10326E+02
    7.4550E+01  1.43413E+02 -5.10326E+02  1.43413E+02 -5.10326E+02  1.43413E+02 -5.10326E+02
    7.4655E+01  1.52275E+02 -5.39138E+02  1.52275E+02 -5.39138E+02  1.52275E+02 -5.39138E+02
    7.4760E+01  1.52275E+02 -5.39138E+02  1.52275E+02 -5.39138E+02  1.52275E+02 -5.39138E+02
    7.4865E+01  1.52275E+02 -5.39138E+02  1.52275E+02 -5.39138E+02  1.52275E+02 -5.39138E+02
    7.4970E+01  1.52275E+02 -5.39138E+02  1.52275E+02 -5.39138E+02  1.52275E+02 -5.39138E+02
    7.5075E+01  1.52275E+02 -5.39138E+02  1.52275E+02 -5.39138E+02  1.52275E+02 -5.39138E+02
    7.5180E+01  1.52275E+02 -5.39138E+02  1.52275E+02 -5.39138E+02  1.52275E+02 -5.39138E+02
    7.5285E+01  1.52275E+02 -5.39138E+02  1.52275E+02 -5.39138E+02  1.52275E+02 -5.39138E+02
    7.5390E+01  1.52275E+02 -5.39138E+02  1.52275E+02 -5.39138E+02  1.52275E+02 -5.39138E+02
    7.5495E+01  1.60829E+02 -5.67169E+02  1.60829E+02 -5.67169E+02  1.60829E+02 -5.67169E+02
    7.5600E+01  1.60829E+02 -5.67169E+02  1.60829E+02 -5.67169E+02  1.60829E+02 -5.67169E+02
    7.5706E+01  1.60829E+02 -5.67169E+02  1.60829E+02 -5.67169E+02  1.60829E+02 -5.67169E+02
    7.5811E+01  1.60829E+02 -5.67169E+02  1.60829E+02 -5.67169E+02  1.60829E+02 -5.67169E+02
    7.5916E+01  1.60829E+02 -5.67169E+02  1.60829E+02 -5.67169E+02  1.60829E+02 -5.67169E+02
    7.6021E+01  1.60829E+02 -5.67169E+02  1.60829E+02 -5.67169E+02  1.60829E+02 -5.67169E+02
    7.6126E+01  1.60829E+02 -5.67169E+02  1.60829E+02 -5.67169E+02  1.60829E+02 -5.67169E+02
    7.6231E+01  1.60829E+02 -5.67169E+02  1.60829E+02 -5.67169E+02  1.60829E+02 -5.67169E+02
    7.6336E+01  1.60829E+02 -5.67169E+02  1.60829E+02 -5.67169E+02  1.60829E+02 -5.67169E+02
    7.6441E+01  1.60829E+02 -5.67169E+02  1.60829E+02 -5.67169E+02  1.60829E+02 -5.67169E+02
    7.6546E+01  1.60829E+02 -5.67169E+02  1.60829E+02 -5.67169E+02  1.60829E+02 -5.67169E+02
    7.6651E+01  1.60829E+02 -5.67169E+02  1.60829E+02 -5.67169E+02  1.60829E+02 -5.67169E+02
    7.6756E+01  1.60829E+02 -5.67169E+02  1.60829E+02 -5.67169E+02  1.60829E+02 -5.67169E+02
    7.6861E+01  1.60829E+02 -5.67169E+02  1.60829E+02 -5.67169E+02  1.60829E+02 -5.67169E+02
    7.6966E+01  1.60829E+02 -5.67169E+02  1.60829E+02 -5.67169E+02  1.60829E+02 -5.67169E+02
    7.7071E+01  1.60829E+02 -5.67169E+02  1.60829E+02 -5.67169E+02  1.60829E+02 -5.67169E+02
    7.7176E+01  1.60829E+02 -5.67169E+02  1.60829E+02 -5.67169E+02  1.60829E+02 -5.67169E+02
    7.7281E+01  1.66237E+02 -5.84203E+02  1.66237E+02 -5.84203E+02  1.66237E+02 -5.84203E+02
    7.7386E+01  1.66237E+02 -5.84203E+02  1.66237E+02 -5.84203E+02  1.66237E+02 -5.84203E+02
    7.7491E+01  1.66237E+02 -5.84203E+02  1.66237E+02 -5.84203E+02  1.66237E+02 -5.84203E+02
    7.7596E+01  1.66237E+02 -5.84203E+02  1.66237E+02 -5.84203E+02  1.66237E+02 -5.84203E+02
    7.7701E+01  1.69333E+02 -5.94994E+02  1.69333E+02 -5.94994E+02  1.69333E+02 -5.94994E+02
    7.7806E+01  1.69333E+02 -5.94994E+02  1.69333E+02 -5.94994E+02  1.69333E+02 -5.94994E+02
    7.7911E+01  1.74976E+02 -6.12640E+02  1.74976E+02 -6.12640E+02  1.74976E+02 -6.12640E+02
    7.8016E+01  1.74976E+02 -6.12640E+02  1.74976E+02 -6.12640E+02  1.74976E+02 -6.12640E+02
    7.8121E+01  1.74976E+02 -6.12640E+02  1.74976E+02 -6.12640E+02  1.74976E+02 -6.12640E+02
    7.8226E+01  1.74976E+02 -6.12640E+02  1.74976E+02 -6.12640E+02  1.74976E+02 -6.12640E+02
    7.8331E+01  1.74976E+02 -6.12640E+02  1.74976E+02 -6.12640E+02  1.74976E+02 -6.12640E+02
    7.8436E+01  1.74976E+02 -6.12640E+02  1.74976E+02 -6.12640E+02  1.74976E+02 -6.12640E+02
    7.8541E+01  1.78340E+02 -6.24266E+02  1.78340E+02 -6.24266E+02  1.78340E+02 -6.24266E+02
    7.8646E+01  1.78340E+02 -6.24266E+02  1.78340E+02 -6.24266E+02  1.78340E+02 -6.24266E+02
    7.8751E+01  1.78340E+02 -6.24266E+02  1.78340E+02 -6.24266E+02  1.78340E+02 -6.24266E+02
    7.8856E+01  1.84693E+02 -6.43307E+02  1.84693E+02 -6.43307E+02  1.84693E+02 -6.43307E+02
    7.8961E+01  1.84693E+02 -6.43307E+02  1.84693E+02 -6.43307E+02  1.84693E+02 -6.43307E+02
    7.9066E+01  1.84693E+02 -6.43307E+02  1.84693E+02 -6.43307E+02  1.84693E+02 -6.43307E+02
    7.9171E+01  1.84693E+02 -6.43307E+02  1.84693E+02 -6.43307E+02  1.84693E+02 -6.43307E+02
    7.9276E+01  1.84693E+02 -6.43307E+02  1.84693E+02 -6.43307E+02  1.84693E+02 -6.43307E+02
    7.9381E+01  1.84693E+02 -6.43307E+02  1.84693E+02 -6.43307E+02  1.84693E+02 -6.43307E+02
    7.9486E+01  1.84693E+02 -6.43307E+02  1.84693E+02 -6.43307E+02  1.84693E+02 -6.43307E+02
    7.9591E+01  1.84693E+02 -6.43307E+02  1.84693E+02 -6.43307E+02  1.84693E+02 -6.43307E+02
    7.9696E+01  1.84693E+02 -6.43307E+02  1.84693E+02 -6.43307E+02  1.84693E+02 -6.43307E+02
    7.9801E+01  1.84693E+02 -6.43307E+02  1.84693E+02 -6.43307E+02  1.84693E+02 -6.43307E+02
    7.9906E+01  1.84693E+02 -6.43307E+02  1.84693E+02 -6.43307E+02  1.84693E+02 -6.43307E+02
    8.0011E+01  1.84693E+02 -6.43307E+02  1.84693E+02 -6.43307E+02  1.84693E+02 -6.43307E+02
    8.0116E+01  1.84693E+02 -6.43307E+02  1.84693E+02 -6.43307E+02  1.84693E+02 -6.43307E+02
    8.0221E+01  1.84693E+02 -6.43307E+02  1.84693E+02 -6.43307E+02  1.84693E+02 -6.43307E+02
    8.0326E+01  1.84693E+02 -6.43307E+02  1.84693E+02 -6.43307E+02  1.84693E+02 -6.43307E+02
    8.0431E+01  1.95671E+02 -6.78450E+02  1.95671E+02 -6.78450E+02  1.95671E+02 -6.78450E+02
    8.0536E+01  1.95671E+02 -6.78450E+02  1.95671E+02 -6.78450E+02  1.95671E+02 -6.78450E+02
    8.0641E+01  1.95671E+02 -6.78450E+02  1.95671E+02 -6.78450E+02  1.95671E+02 -6.78450E+02
    8.0746E+01  1.95671E+02 -6.78450E+02  1.95671E+02 -6.78450E+02  1.95671E+02 -6.78450E+02
    8.0851E+01  1.95671E+02 -6.78450E+02  1.95671E+02 -6.78450E+02  1.95671E+02 -6.78450E+02
    8.0956E+01  1.95671E+02 -6.78450E+02  1.95671E+02 -6.78450E+02  1.95671E+02 -6.78450E+02
    8.1061E+01  1.95671E+02 -6.78450E+02  1.95671E+02 -6.78450E+02  1.95671E+02 -6.78450E+02
    8.1166E+01  1.95671E+02 -6.78450E+02  1.95671E+02 -6.78450E+02  1.95671E+02 -6.78450E+02
    8.1271E+01  1.95671E+02 -6.78450E+02  1.95671E+02 -6.78450E+02  1.95671E+02 -6.78450E+02
    8.1376E+01  1.95671E+02 -6.78450E+02  1.95671E+02 -6.78450E+02  1.95671E+02 -6.78450E+02
    8.1481E+01  1.95671E+02 -6.78450E+02  1.95671E+02 -6.78450E+02  1.95671E+02 -6.78450E+02
    8.1586E+01  1.95671E+02 -6.78450E+02  1.95671E+02 -6.78450E+02  1.95671E+02 -6.78450E+02
    8.1691E+01  1.95671E+02 -6.78450E+02  1.95671E+02 -6.78450E+02  1.95671E+02 -6.78450E+02
    8.1796E+01  1.95671E+02 -6.78450E+02  1.95671E+02 -6.78450E+02  1.95671E+02 -6.78450E+02
    8.1901E+01  1.95671E+02 -6.78450E+02  1.95671E+02 -6.78450E+02  1.95671E+02 -6.78450E+02
    8.2006E+01  2.06701E+02 -7.13855E+02  2.06701E+02 -7.13855E+02  2.06701E+02 -7.13855E+02
    8.2111E+01  2.06701E+02 -7.13855E+02  2.06701E+02 -7.13855E+02  2.06701E+02 -7.13855E+02
    8.2216E+01  2.06701E+02 -7.13855E+02  2.06701E+02 -7.13855E+02  2.06701E+02 -7.13855E+02
    8.2321E+01  2.13044E+02 -7.33572E+02  2.13044E+02 -7.33572E+02  2.13044E+02 -7.33572E+02
    8.2426E+01  2.13044E+02 -7.33572E+02  2.13044E+02 -7.33572E+02  2.13044E+02 -7.33572E+02
    8.2531E+01  2.13044E+02 -7.33572E+02  2.13044E+02 -7.33572E+02  2.13044E+02 -7.33572E+02
    8.2636E+01  2.13044E+02 -7.33572E+02  2.13044E+02 -7.33572E+02  2.13044E+02 -7.33572E+02
    8.2741E+01  2.13044E+02 -7.33572E+02  2.13044E+02 -7.33572E+02  2.13044E+02 -7.33572E+02
    8.2846E+01  2.13044E+02 -7.33572E+02  2.13044E+02 -7.33572E+02  2.13044E+02 -7.33572E+02
    8.2951E+01  2.13044E+02 -7.33572E+02  2.13044E+02 -7.33572E+02  2.13044E+02 -7.33572E+02
    8.3056E+01  2.13044E+02 -7.33572E+02  2.13044E+02 -7.33572E+02  2.13044E+02 -7.33572E+02
    8.3161E+01  2.13044E+02 -7.33572E+02  2.13044E+02 -7.33572E+02  2.13044E+02 -7.33572E+02
    8.3266E+01  2.13044E+02 -7.33572E+02  2.13044E+02 -7.33572E+02  2.13044E+02 -7.33572E+02
    8.3371E+01  2.13044E+02 -7.33572E+02  2.13044E+02 -7.33572E+02  2.13044E+02 -7.33572E+02
    8.3476E+01  2.13044E+02 -7.33572E+02  2.13044E+02 -7.33572E+02  2.13044E+02 -7.33572E+02
    8.3581E+01  2.13044E+02 -7.33572E+02  2.13044E+02 -7.33572E+02  2.13044E+02 -7.33572E+02
    8.3686E+01  2.13044E+02 -7.33572E+02  2.13044E+02 -7.33572E+02  2.13044E+02 -7.33572E+02
    8.3791E+01  2.13044E+02 -7.33572E+02  2.13044E+02 -7.33572E+02  2.13044E+02 -7.33572E+02
    8.3896E+01  2.13044E+02 -7.33572E+02  2.13044E+02 -7.33572E+02  2.13044E+02 -7.33572E+02
    8.4001E+01  2.19551E+02 -7.52327E+02  2.19551E+02 -7.52327E+02  2.19551E+02 -7.52327E+02
    8.4106E+01  2.19551E+02 -7.52327E+02  2.19551E+02 -7.52327E+02  2.19551E+02 -7.52327E+02
    8.4211E+01  2.19551E+02 -7.52327E+02  2.19551E+02 -7.52327E+02  2.19551E+02 -7.52327E+02
    8.4316E+01  2.19551E+02 -7.52327E+02  2.19551E+02 -7.52327E+02  2.19551E+02 -7.52327E+02
    8.4421E+01  2.19551E+02 -7.52327E+02  2.19551E+02 -7.52327E+02  2.19551E+02 -7.52327E+02
    8.4526E+01  2.19551E+02 -7.52327E+02  2.19551E+02 -7.52327E+02  2.19551E+02 -7.52327E+02
    8.4631E+01  2.19551E+02 -7.52327E+02  2.19551E+02 -7.52327E+02  2.19551E+02 -7.52327E+02
    8.4736E+01  2.19551E+02 -7.52327E+02  2.19551E+02 -7.52327E+02  2.19551E+02 -7.52327E+02
    8.4841E+01  2.19551E+02 -7.52327E+02  2.19551E+02 -7.52327E+02  2.19551E+02 -7.52327E+02
    8.4946E+01  2.19551E+02 -7.52327E+02  2.19551E+02 -7.52327E+02  2.19551E+02 -7.52327E+02
    8.5051E+01  2.19551E+02 -7.52327E+02  2.19551E+02 -7.52327E+02  2.19551E+02 -7.52327E+02
    8.5156E+01  2.19551E+02 -7.52327E+02  2.19551E+02 -7.52327E+02  2.19551E+02 -7.52327E+02
    8.5261E+01  2.19551E+02 -7.52327E+02  2.19551E+02 -7.52327E+02  2.19551E+02 -7.52327E+02
    8.5366E+01  2.19551E+02 -7.52327E+02  2.19551E+02 -7.52327E+02  2.19551E+02 -7.52327E+02
    8.5471E+01  2.19551E+02 -7.52327E+02  2.19551E+02 -7.52327E+02  2.19551E+02 -7.52327E+02
    8.5576E+01  2.19551E+02 -7.52327E+02  2.19551E+02 -7.52327E+02  2.19551E+02 -7.52327E+02
    8.5681E+01  2.19551E+02 -7.52327E+02  2.19551E+02 -7.52327E+02  2.19551E+02 -7.52327E+02
    8.5786E+01  2.19551E+02 -7.52327E+02  2.19551E+02 -7.52327E+02  2.19551E+02 -7.52327E+02
    8.5891E+01  2.19551E+02 -7.52327E+02  2.19551E+02 -7.52327E+02  2.19551E+02 -7.52327E+02
    8.5996E+01  2.19551E+02 -7.52327E+02  2.19551E+02 -7.52327E+02  2.19551E+02 -7.52327E+02
    8.6101E+01  2.19551E+02 -7.52327E+02  2.19551E+02 -7.52327E+02  2.19551E+02 -7.52327E+02
    8.6206E+01  2.19551E+02 -7.52327E+02  2.19551E+02 -7.52327E+02  2.19551E+02 -7.52327E+02
    8.6311E+01  2.19551E+02 -7.52327E+02  2.19551E+02 -7.52327E+02  2.19551E+02 -7.52327E+02
    8.6416E+01  2.19551E+02 -7.52327E+02  2.19551E+02 -7.52327E+02  2.19551E+02 -7.52327E+02
    8.6521E+01  2.19551E+02 -7.52327E+02  2.19551E+02 -7.52327E+02  2.19551E+02 -7.52327E+02
    8.6626E+01  2.19551E+02 -7.52327E+02  2.19551E+02 -7.52327E+02  2.19551E+02 -7.52327E+02
    8.6731E+01  2.19551E+02 -7.52327E+02  2.19551E+02 -7.52327E+02  2.19551E+02 -7.52327E+02
    8.6836E+01  2.19551E+02 -7.52327E+02  2.19551E+02 -7.52327E+02  2.19551E+02 -7.52327E+02
    8.6941E+01  2.19551E+02 -7.52327E+02  2.19551E+02 -7.52327E+02  2.19551E+02 -7.52327E+02
    8.7046E+01  2.19551E+02 -7.52327E+02  2.19551E+02 -7.52327E+02  2.19551E+02 -7.52327E+02
    8.7151E+01  2.19551E+02 -7.52327E+02  2.19551E+02 -7.52327E+02  2.19551E+02 -7.52327E+02
    8.7256E+01  2.19551E+02 -7.52327E+02  2.19551E+02 -7.52327E+02  2.19551E+02 -7.52327E+02
    8.7361E+01  2.19551E+02 -7.52327E+02  2.19551E+02 -7.52327E+02  2.19551E+02 -7.52327E+02
    8.7466E+01  2.19551E+02 -7.52327E+02  2.19551E+02 -7.52327E+02  2.19551E+02 -7.52327E+02
    8.7571E+01  2.19551E+02 -7.52327E+02  2.19551E+02 -7.52327E+02  2.19551E+02 -7.52327E+02
    8.7676E+01  2.19551E+02 -7.52327E+02  2.19551E+02 -7.52327E+02  2.19551E+02 -7.52327E+02
    8.7781E+01  2.19551E+02 -7.52327E+02  2.19551E+02 -7.52327E+02  2.19551E+02 -7.52327E+02
    8.7886E+01  2.19551E+02 -7.52327E+02  2.19551E+02 -7.52327E+02  2.19551E+02 -7.52327E+02
    8.7991E+01  2.19551E+02 -7.52327E+02  2.19551E+02 -7.52327E+02  2.19551E+02 -7.52327E+02
    8.8096E+01  2.19551E+02 -7.52327E+02  2.19551E+02 -7.52327E+02  2.19551E+02 -7.52327E+02
    8.8201E+01  2.27284E+02 -7.75287E+02  2.27284E+02 -7.75287E+02  2.27284E+02 -7.75287E+02
    8.8306E+01  2.27284E+02 -7.75287E+02  2.27284E+02 -7.75287E+02  2.27284E+02 -7.75287E+02
    8.8411E+01  2.27284E+02 -7.75287E+02  2.27284E+02 -7.75287E+02  2.27284E+02 -7.75287E+02
    8.8516E+01  2.27284E+02 -7.75287E+02  2.27284E+02 -7.75287E+02  2.27284E+02 -7.75287E+02
    8.8621E+01  2.35305E+02 -7.98972E+02  2.35305E+02 -7.98972E+02  2.35305E+02 -7.98972E+02
    8.8726E+01  2.35305E+02 -7.98972E+02  2.35305E+02 -7.98972E+02  2.35305E+02 -7.98972E+02
    8.8831E+01  2.35305E+02 -7.98972E+02  2.35305E+02 -7.98972E+02  2.35305E+02 -7.98972E+02
    8.8936E+01  2.35305E+02 -7.98972E+02  2.35305E+02 -7.98972E+02  2.35305E+02 -7.98972E+02
    8.9041E+01  2.35305E+02 -7.98972E+02  2.35305E+02 -7.98972E+02  2.35305E+02 -7.98972E+02
    8.9146E+01  2.35305E+02 -7.98972E+02  2.35305E+02 -7.98972E+02  2.35305E+02 -7.98972E+02
    8.9251E+01  2.35305E+02 -7.98972E+02  2.35305E+02 -7.98972E+02  2.35305E+02 -7.98972E+02
    8.9356E+01  2.35305E+02 -7.98972E+02  2.35305E+02 -7.98972E+02  2.35305E+02 -7.98972E+02
    8.9461E+01  2.35305E+02 -7.98972E+02  2.35305E+02 -7.98972E+02  2.35305E+02 -7.98972E+02
    8.9566E+01  2.35305E+02 -7.98972E+02  2.35305E+02 -7.98972E+02  2.35305E+02 -7.98972E+02
    8.9671E+01  2.35305E+02 -7.98972E+02  2.35305E+02 -7.98972E+02  2.35305E+02 -7.98972E+02
    8.9776E+01  2.35305E+02 -7.98972E+02  2.35305E+02 -7.98972E+02  2.35305E+02 -7.98972E+02
    8.9881E+01  2.35305E+02 -7.98972E+02  2.35305E+02 -7.98972E+02  2.35305E+02 -7.98972E+02
    8.9986E+01  2.35305E+02 -7.98972E+02  2.35305E+02 -7.98972E+02  2.35305E+02 -7.98972E+02
    9.0091E+01  2.35305E+02 -7.98972E+02  2.35305E+02 -7.98972E+02  2.35305E+02 -7.98972E+02
    9.0196E+01  2.35305E+02 -7.98972E+02  2.35305E+02 -7.98972E+02  2.35305E+02 -7.98972E+02
    9.0301E+01  2.35305E+02 -7.98972E+02  2.35305E+02 -7.98972E+02  2.35305E+02 -7.98972E+02
    9.0406E+01  2.35305E+02 -7.98972E+02  2.35305E+02 -7.98972E+02  2.35305E+02 -7.98972E+02
    9.0511E+01  2.35305E+02 -7.98972E+02  2.35305E+02 -7.98972E+02  2.35305E+02 -7.98972E+02
    9.0616E+01  2.35305E+02 -7.98972E+02  2.35305E+02 -7.98972E+02  2.35305E+02 -7.98972E+02
    9.0721E+01  2.35305E+02 -7.98972E+02  2.35305E+02 -7.98972E+02  2.35305E+02 -7.98972E+02
    9.0826E+01  2.35305E+02 -7.98972E+02  2.35305E+02 -7.98972E+02  2.35305E+02 -7.98972E+02
    9.0931E+01  2.35305E+02 -7.98972E+02  2.35305E+02 -7.98972E+02  2.35305E+02 -7.98972E+02
    9.1036E+01  2.35305E+02 -7.98972E+02  2.35305E+02 -7.98972E+02  2.35305E+02 -7.98972E+02
    9.1141E+01  2.35305E+02 -7.98972E+02  2.35305E+02 -7.98972E+02  2.35305E+02 -7.98972E+02
    9.1246E+01  2.35305E+02 -7.98972E+02  2.35305E+02 -7.98972E+02  2.35305E+02 -7.98972E+02
    9.1351E+01  2.35305E+02 -7.98972E+02  2.35305E+02 -7.98972E+02  2.35305E+02 -7.98972E+02
    9.1456E+01  2.35305E+02 -7.98972E+02  2.35305E+02 -7.98972E+02  2.35305E+02 -7.98972E+02
    9.1561E+01  2.35305E+02 -7.98972E+02  2.35305E+02 -7.98972E+02  2.35305E+02 -7.98972E+02
    9.1666E+01  2.35305E+02 -7.98972E+02  2.35305E+02 -7.98972E+02  2.35305E+02 -7.98972E+02
    9.1771E+01  2.35305E+02 -7.98972E+02  2.35305E+02 -7.98972E+02  2.35305E+02 -7.98972E+02
    9.1876E+01  2.35305E+02 -7.98972E+02  2.35305E+02 -7.98972E+02  2.35305E+02 -7.98972E+02
    9.1981E+01  2.35305E+02 -7.98972E+02  2.35305E+02 -7.98972E+02  2.35305E+02 -7.98972E+02
    9.2086E+01  2.35305E+02 -7.98972E+02  2.35305E+02 -7.98972E+02  2.35305E+02 -7.98972E+02
    9.2191E+01  2.35305E+02 -7.98972E+02  2.35305E+02 -7.98972E+02  2.35305E+02 -7.98972E+02
    9.2296E+01  2.35305E+02 -7.98972E+02  2.35305E+02 -7.98972E+02  2.35305E+02 -7.98972E+02
    9.2401E+01  2.35305E+02 -7.98972E+02  2.35305E+02 -7.98972E+02  2.35305E+02 -7.98972E+02
    9.2506E+01  2.35305E+02 -7.98972E+02  2.35305E+02 -7.98972E+02  2.35305E+02 -7.98972E+02
    9.2611E+01  2.35305E+02 -7.98972E+02  2.35305E+02 -7.98972E+02  2.35305E+02 -7.98972E+02
    9.2716E+01  2.35305E+02 -7.98972E+02  2.35305E+02 -7.98972E+02  2.35305E+02 -7.98972E+02
    9.2821E+01  2.35305E+02 -7.98972E+02  2.35305E+02 -7.98972E+02  2.35305E+02 -7.98972E+02
    9.2926E+01  2.35305E+02 -7.98972E+02  2.35305E+02 -7.98972E+02  2.35305E+02 -7.98972E+02
    9.3031E+01  2.35305E+02 -7.98972E+02  2.35305E+02 -7.98972E+02  2.35305E+02 -7.98972E+02
    9.3136E+01  2.35305E+02 -7.98972E+02  2.35305E+02 -7.98972E+02  2.35305E+02 -7.98972E+02
    9.3241E+01  2.35305E+02 -7.98972E+02  2.35305E+02 -7.98972E+02  2.35305E+02 -7.98972E+02
    9.3346E+01  2.35305E+02 -7.98972E+02  2.35305E+02 -7.98972E+02  2.35305E+02 -7.98972E+02
    9.3451E+01  2.35305E+02 -7.98972E+02  2.35305E+02 -7.98972E+02  2.35305E+02 -7.98972E+02
    9.3556E+01  2.35305E+02 -7.98972E+02  2.35305E+02 -7.98972E+02  2.35305E+02 -7.98972E+02
    9.3661E+01  2.35305E+02 -7.98972E+02  2.35305E+02 -7.98972E+02  2.35305E+02 -7.98972E+02
    9.3766E+01  2.35305E+02 -7.98972E+02  2.35305E+02 -7.98972E+02  2.35305E+02 -7.98972E+02
    9.3871E+01  2.35305E+02 -7.98972E+02  2.35305E+02 -7.98972E+02  2.35305E+02 -7.98972E+02
    9.3976E+01  2.35305E+02 -7.98972E+02  2.35305E+02 -7.98972E+02  2.35305E+02 -7.98972E+02
    9.4081E+01  2.35305E+02 -7.98972E+02  2.35305E+02 -7.98972E+02  2.35305E+02 -7.98972E+02
    9.4186E+01  2.35305E+02 -7.98972E+02  2.35305E+02 -7.98972E+02  2.35305E+02 -7.98972E+02
    9.4291E+01  2.35305E+02 -7.98972E+02  2.35305E+02 -7.98972E+02  2.35305E+02 -7.98972E+02
    9.4396E+01  2.35305E+02 -7.98972E+02  2.35305E+02 -7.98972E+02  2.35305E+02 -7.98972E+02
    9.4501E+01  2.35305E+02 -7.98972E+02  2.35305E+02 -7.98972E+02  2.35305E+02 -7.98972E+02
    9.4606E+01  2.35305E+02 -7.98972E+02  2.35305E+02 -7.98972E+02  2.35305E+02 -7.98972E+02
    9.4711E+01  2.35305E+02 -7.98972E+02  2.35305E+02 -7.98972E+02  2.35305E+02 -7.98972E+02
    9.4816E+01  2.35305E+02 -7.98972E+02  2.35305E+02 -7.98972E+02  2.35305E+02 -7.98972E+02
    9.4921E+01  2.35305E+02 -7.98972E+02  2.35305E+02 -7.98972E+02  2.35305E+02 -7.98972E+02
    9.5026E+01  2.35305E+02 -7.98972E+02  2.35305E+02 -7.98972E+02  2.35305E+02 -7.98972E+02
    9.5131E+01  2.35305E+02 -7.98972E+02  2.35305E+02 -7.98972E+02  2.35305E+02 -7.98972E+02
    9.5236E+01  2.35305E+02 -7.98972E+02  2.35305E+02 -7.98972E+02  2.35305E+02 -7.98972E+02
    9.5341E+01  2.35305E+02 -7.98972E+02  2.35305E+02 -7.98972E+02  2.35305E+02 -7.98972E+02
    9.5446E+01  2.35305E+02 -7.98972E+02  2.35305E+02 -7.98972E+02  2.35305E+02 -7.98972E+02
    9.5551E+01  2.35305E+02 -7.98972E+02  2.35305E+02 -7.98972E+02  2.35305E+02 -7.98972E+02
    9.5656E+01  2.35305E+02 -7.98972E+02  2.35305E+02 -7.98972E+02  2.35305E+02 -7.98972E+02
    9.5761E+01  2.35305E+02 -7.98972E+02  2.35305E+02 -7.98972E+02  2.35305E+02 -7.98972E+02
    9.5866E+01  2.35305E+02 -7.98972E+02  2.35305E+02 -7.98972E+02  2.35305E+02 -7.98972E+02
    9.5971E+01  2.35305E+02 -7.98972E+02  2.35305E+02 -7.98972E+02  2.35305E+02 -7.98972E+02
    9.6076E+01  2.35305E+02 -7.98972E+02  2.35305E+02 -7.98972E+02  2.35305E+02 -7.98972E+02
    9.6181E+01  2.35305E+02 -7.98972E+02  2.35305E+02 -7.98972E+02  2.35305E+02 -7.98972E+02
    9.6286E+01  2.35305E+02 -7.98972E+02  2.35305E+02 -7.98972E+02  2.35305E+02 -7.98972E+02
    9.6391E+01  2.35305E+02 -7.98972E+02  2.35305E+02 -7.98972E+02  2.35305E+02 -7.98972E+02
    9.6496E+01  2.35305E+02 -7.98972E+02  2.35305E+02 -7.98972E+02  2.35305E+02 -7.98972E+02
    9.6601E+01  2.35305E+02 -7.98972E+02  2.35305E+02 -7.98972E+02  2.35305E+02 -7.98972E+02
    9.6706E+01  2.35305E+02 -7.98972E+02  2.35305E+02 -7.98972E+02  2.35305E+02 -7.98972E+02
    9.6811E+01  2.35305E+02 -7.98972E+02  2.35305E+02 -7.98972E+02  2.35305E+02 -7.98972E+02
    9.6916E+01  2.35305E+02 -7.98972E+02  2.35305E+02 -7.98972E+02  2.35305E+02 -7.98972E+02
    9.7021E+01  2.35305E+02 -7.98972E+02  2.35305E+02 -7.98972E+02  2.35305E+02 -7.98972E+02
    9.7126E+01  2.35305E+02 -7.98972E+02  2.35305E+02 -7.98972E+02  2.35305E+02 -7.98972E+02
    9.7231E+01  2.35305E+02 -7.98972E+02  2.35305E+02 -7.98972E+02  2.35305E+02 -7.98972E+02
    9.7336E+01  2.35305E+02 -7.98972E+02  2.35305E+02 -7.98972E+02  2.35305E+02 -7.98972E+02
    9.7441E+01  2.35305E+02 -7.98972E+02  2.35305E+02 -7.98972E+02  2.35305E+02 -7.98972E+02
    9.7546E+01  2.35305E+02 -7.98972E+02  2.35305E+02 -7.98972E+02  2.35305E+02 -7.98972E+02
    9.7651E+01  2.35305E+02 -7.98972E+02  2.35305E+02 -7.98972E+02  2.35305E+02 -7.98972E+02
    9.7756E+01  2.35305E+02 -7.98972E+02  2.35305E+02 -7.98972E+02  2.35305E+02 -7.98972E+02
    9.7861E+01  2.35305E+02 -7.98972E+02  2.35305E+02 -7.98972E+02  2.35305E+02 -7.98972E+02
    9.7966E+01  2.35305E+02 -7.98972E+02  2.35305E+02 -7.98972E+02  2.35305E+02 -7.98972E+02
    9.8071E+01  2.35305E+02 -7.98972E+02  2.35305E+02 -7.98972E+02  2.35305E+02 -7.98972E+02
    9.8176E+01  2.35305E+02 -7.98972E+02  2.35305E+02 -7.98972E+02  2.35305E+02 -7.98972E+02
    9.8281E+01  2.35305E+02 -7.98972E+02  2.35305E+02 -7.98972E+02  2.35305E+02 -7.98972E+02
    9.8386E+01  2.35305E+02 -7.98972E+02  2.35305E+02 -7.98972E+02  2.35305E+02 -7.98972E+02
    9.8491E+01  2.35305E+02 -7.98972E+02  2.35305E+02 -7.98972E+02  2.35305E+02 -7.98972E+02
    9.8596E+01  2.35305E+02 -7.98972E+02  2.35305E+02 -7.98972E+02  2.35305E+02 -7.98972E+02
    9.8701E+01  2.35305E+02 -7.98972E+02  2.35305E+02 -7.98972E+02  2.35305E+02 -7.98972E+02
    9.8806E+01  2.35305E+02 -7.98972E+02  2.35305E+02 -7.98972E+02  2.35305E+02 -7.98972E+02
    9.8911E+01  2.35305E+02 -7.98972E+02  2.35305E+02 -7.98972E+02  2.35305E+02 -7.98972E+02
    9.9016E+01  2.35305E+02 -7.98972E+02  2.35305E+02 -7.98972E+02  2.35305E+02 -7.98972E+02
    9.9121E+01  2.35305E+02 -7.98972E+02  2.35305E+02 -7.98972E+02  2.35305E+02 -7.98972E+02
    9.9226E+01  2.35305E+02 -7.98972E+02  2.35305E+02 -7.98972E+02  2.35305E+02 -7.98972E+02
    9.9331E+01  2.35305E+02 -7.98972E+02  2.35305E+02 -7.98972E+02  2.35305E+02 -7.98972E+02
    9.9436E+01  2.35305E+02 -7.98972E+02  2.35305E+02 -7.98972E+02  2.35305E+02 -7.98972E+02
    9.9541E+01  2.35305E+02 -7.98972E+02  2.35305E+02 -7.98972E+02  2.35305E+02 -7.98972E+02
    9.9646E+01  2.35305E+02 -7.98972E+02  2.35305E+02 -7.98972E+02  2.35305E+02 -7.98972E+02
    9.9751E+01  2.35305E+02 -7.98972E+02  2.35305E+02 -7.98972E+02  2.35305E+02 -7.98972E+02
    9.9856E+01  2.35305E+02 -7.98972E+02  2.35305E+02 -7.98972E+02  2.35305E+02 -7.98972E+02
    9.9961E+01  2.35305E+02 -7.98972E+02  2.35305E+02 -7.98972E+02  2.35305E+02 -7.98972E+02
    1.0007E+02  2.35305E+02 -7.98972E+02  2.35305E+02 -7.98972E+02  2.35305E+02 -7.98972E+02
    1.0017E+02  2.35305E+02 -7.98972E+02  2.35305E+02 -7.98972E+02  2.35305E+02 -7.98972E+02
    1.0028E+02  2.35305E+02 -7.98972E+02  2.35305E+02 -7.98972E+02  2.35305E+02 -7.98972E+02
    1.0038E+02  2.35305E+02 -7.98972E+02  2.35305E+02 -7.98972E+02  2.35305E+02 -7.98972E+02
    1.0049E+02  2.35305E+02 -7.98972E+02  2.35305E+02 -7.98972E+02  2.35305E+02 -7.98972E+02
    1.0059E+02  2.35305E+02 -7.98972E+02  2.35305E+02 -7.98972E+02  2.35305E+02 -7.98972E+02
    1.0070E+02  2.35305E+02 -7.98972E+02  2.35305E+02 -7.98972E+02  2.35305E+02 -7.98972E+02
    1.0080E+02  2.35305E+02 -7.98972E+02  2.35305E+02 -7.98972E+02  2.35305E+02 -7.98972E+02
    1.0091E+02  2.35305E+02 -7.98972E+02  2.35305E+02 -7.98972E+02  2.35305E+02 -7.98972E+02
    1.0101E+02  2.35305E+02 -7.98972E+02  2.35305E+02 -7.98972E+02  2.35305E+02 -7.98972E+02
    1.0112E+02  2.35305E+02 -7.98972E+02  2.35305E+02 -7.98972E+02  2.35305E+02 -7.98972E+02
    1.0122E+02  2.35305E+02 -7.98972E+02  2.35305E+02 -7.98972E+02  2.35305E+02 -7.98972E+02
    1.0133E+02  2.35305E+02 -7.98972E+02  2.35305E+02 -7.98972E+02  2.35305E+02 -7.98972E+02
    1.0143E+02  2.35305E+02 -7.98972E+02  2.35305E+02 -7.98972E+02  2.35305E+02 -7.98972E+02
    1.0154E+02  2.35305E+02 -7.98972E+02  2.35305E+02 -7.98972E+02  2.35305E+02 -7.98972E+02
    1.0164E+02  2.35305E+02 -7.98972E+02  2.35305E+02 -7.98972E+02  2.35305E+02 -7.98972E+02
    1.0175E+02  2.35305E+02 -7.98972E+02  2.35305E+02 -7.98972E+02  2.35305E+02 -7.98972E+02
    1.0185E+02  2.35305E+02 -7.98972E+02  2.35305E+02 -7.98972E+02  2.35305E+02 -7.98972E+02
    1.0196E+02  2.35305E+02 -7.98972E+02  2.35305E+02 -7.98972E+02  2.35305E+02 -7.98972E+02
    1.0206E+02  2.35305E+02 -7.98972E+02  2.35305E+02 -7.98972E+02  2.35305E+02 -7.98972E+02
    1.0217E+02  2.35305E+02 -7.98972E+02  2.35305E+02 -7.98972E+02  2.35305E+02 -7.98972E+02
    1.0227E+02  2.35305E+02 -7.98972E+02  2.35305E+02 -7.98972E+02  2.35305E+02 -7.98972E+02
    1.0238E+02  2.35305E+02 -7.98972E+02  2.35305E+02 -7.98972E+02  2.35305E+02 -7.98972E+02
    1.0248E+02  2.35305E+02 -7.98972E+02  2.35305E+02 -7.98972E+02  2.35305E+02 -7.98972E+02
    1.0259E+02  2.35305E+02 -7.98972E+02  2.35305E+02 -7.98972E+02  2.35305E+02 -7.98972E+02
    1.0269E+02  2.35305E+02 -7.98972E+02  2.35305E+02 -7.98972E+02  2.35305E+02 -7.98972E+02
    1.0280E+02  2.35305E+02 -7.98972E+02  2.35305E+02 -7.98972E+02  2.35305E+02 -7.98972E+02
    1.0290E+02  2.35305E+02 -7.98972E+02  2.35305E+02 -7.98972E+02  2.35305E+02 -7.98972E+02
    1.0301E+02  2.35305E+02 -7.98972E+02  2.35305E+02 -7.98972E+02  2.35305E+02 -7.98972E+02
    1.0311E+02  2.35305E+02 -7.98972E+02  2.35305E+02 -7.98972E+02  2.35305E+02 -7.98972E+02
    1.0322E+02  2.35305E+02 -7.98972E+02  2.35305E+02 -7.98972E+02  2.35305E+02 -7.98972E+02
    1.0332E+02  2.35305E+02 -7.98972E+02  2.35305E+02 -7.98972E+02  2.35305E+02 -7.98972E+02
    1.0343E+02  2.35305E+02 -7.98972E+02  2.35305E+02 -7.98972E+02  2.35305E+02 -7.98972E+02
    1.0353E+02  2.35305E+02 -7.98972E+02  2.35305E+02 -7.98972E+02  2.35305E+02 -7.98972E+02
    1.0364E+02  2.35305E+02 -7.98972E+02  2.35305E+02 -7.98972E+02  2.35305E+02 -7.98972E+02
    1.0374E+02  2.35305E+02 -7.98972E+02  2.35305E+02 -7.98972E+02  2.35305E+02 -7.98972E+02
    1.0385E+02  2.35305E+02 -7.98972E+02  2.35305E+02 -7.98972E+02  2.35305E+02 -7.98972E+02
    1.0395E+02  2.35305E+02 -7.98972E+02  2.35305E+02 -7.98972E+02  2.35305E+02 -7.98972E+02
    1.0406E+02  2.35305E+02 -7.98972E+02  2.35305E+02 -7.98972E+02  2.35305E+02 -7.98972E+02
    1.0416E+02  2.35305E+02 -7.98972E+02  2.35305E+02 -7.98972E+02  2.35305E+02 -7.98972E+02
    1.0427E+02  2.35305E+02 -7.98972E+02  2.35305E+02 -7.98972E+02  2.35305E+02 -7.98972E+02
    1.0437E+02  2.35305E+02 -7.98972E+02  2.35305E+02 -7.98972E+02  2.35305E+02 -7.98972E+02
    1.0448E+02  2.35305E+02 -7.98972E+02  2.35305E+02 -7.98972E+02  2.35305E+02 -7.98972E+02
    1.0458E+02  2.35305E+02 -7.98972E+02  2.35305E+02 -7.98972E+02  2.35305E+02 -7.98972E+02
    1.0469E+02  2.35305E+02 -7.98972E+02  2.35305E+02 -7.98972E+02  2.35305E+02 -7.98972E+02
    1.0479E+02  2.35305E+02 -7.98972E+02  2.35305E+02 -7.98972E+02  2.35305E+02 -7.98972E+02
    1.0490E+02  2.43873E+02 -8.23528E+02  2.43873E+02 -8.23528E+02  2.43873E+02 -8.23528E+02
